t_s,phase,subphase,ias_ms,vapp_ms,spd_err_ms,agl_m,vs_ms,pitch_deg,aoa_deg,hdg_deg,bank_deg,thr_cmd,thr_cur,thr_intg,at_gain,at_tau_s,at_a_up,at_a_dn,at_kp_thr,at_ki_spd,at_thr_slew,as_cmd_deg,as_cap_deg,as_raw_deg,as_spd_err_ms,as_active,aa_hdg_cmd_deg,aa_fpa_cmd_deg,aa_fbw,aa_dir,actual_fpa_deg,ftf_hdg_err_deg,ftf_fix_idx,kos_steer_pit_deg,kos_steer_hdg_deg,aa_dir_vx,aa_dir_vy,aa_dir_vz,aa_dir_pitch_deg,aa_dir_hdg_deg,ils_loc_m,ils_gs_m,ils_dist_km,loc_corr_deg,gs_corr_deg,gs_latched,active_gs_ang_deg,ils_intercept_alt_m,d_gs_ms,fpa_preclamped_deg,gs_nom_alt_m,flare_fpa_cmd,flare_tgt_vs,flare_frac,steer_hdg_deg,steer_blend,ro_loc_corr_deg,ro_hdg_err_deg,ro_yaw_tgt,ro_yaw_scale,ro_yaw_gate,yaw_cmd,roll_cmd,pitch_cmd,ro_pitch_tgt_deg,ro_pitch_err_deg,ro_pitch_ff,ro_roll_assist,flaps_cur,flaps_tgt,asc_j_ab,asc_j_rk,asc_validity,asc_q_pa,asc_q_raw_pa,asc_mach,asc_apo_m,asc_drag_n,asc_w_prop,asc_edot_aero,asc_edot_orb,asc_pitch_bias,asc_blend,asc_spooling,asc_ab_thr_ratio,asc_ab_t_now,asc_ab_t_avail,asc_ab_ign_on,asc_ab_flameouts,asc_rk_t_now,asc_rk_t_avail,asc_rk_ign_on,asc_rk_flameouts,ship_thrust,ship_avail_thrust,ship_ign_on,ship_flameouts,ifc_raw_dt_s,ifc_dt_s,ifc_loop_n,ifc_hz_est,ifc_raw_dt_max_s,ifc_raw_dt_min_s,phase_el_s,status,craft_name,cfg_file
1.9,TAKEOFF,TO_PREFLIGHT,0.33,80,79.67,3.68,-0.18,4.79,26.94,90.37,0.135,0.056,0,0,0,0,0,0,0,0,0,0,0,0,0,0,90.4,0,1,0,-0.3,0,0,0,90,0,0,0,0,0,0,0,0,0,0,0,3,0,0,0,69,0,0,0,90.4,1,0,-0.027,0,0,1,0,0,0,0,0,0,0,0,2,0,0,VALID,0,0,0,0,0,1,0,0,0,0,0,0,0,0,0,0,0,0,0,0,0,877.71,2,0,0.14,0.14,1,0.5,0.14,0.02,1.76,LANDED,X10-F,0:/Integrated Flight Computer/aircraft/x10_f_cfg.ks (inferred preloaded)
2.16,TAKEOFF,TO_PREFLIGHT,0.32,80,79.68,3.86,0.24,0.63,-31.23,90.3,0.127,0.328,0,0,0,0,0,0,0,0,0,0,0,0,0,0,90.4,0,1,0,13.35,0,0,0,90,0,0,0,0,0,0,0,0,0,0,0,3,0,0,0,69,0,0,0,90.4,1,0,-0.027,0,0,1,0,0,0,0,0,0,0,1,2,0,0,VALID,0,0,0,0,0,1,0,0,0,0,0,0,0,0,0,0,0,0,0,0,7.42,877.71,2,0,0.04,0.04,6,19.23,1.84,0.04,2.02,LANDED,X10-F,0:/Integrated Flight Computer/aircraft/x10_f_cfg.ks (inferred preloaded)
2.42,TAKEOFF,TO_PREFLIGHT,0.25,80,79.75,4.1,-0.11,1.33,25.56,90.29,0.12,0.432,0,0,0,0,0,0,0,0,0,0,0,0,0,0,90.4,0,1,0,-6.44,0,0,0,90,0,0,0,0,0,0,0,0,0,0,0,3,0,0,0,69,0,0,0,90.4,1,0,-0.027,0,0,1,0,0,0,0,0,0,0,2,2,0,0,VALID,0,0,0,0,0,1,0,0,0,0,0,0,0,0,0,0,0,0,0,0,22.72,877.71,2,0,0.06,0.06,10,15.38,0.08,0.04,2.28,LANDED,X10-F,0:/Integrated Flight Computer/aircraft/x10_f_cfg.ks (inferred preloaded)
2.68,TAKEOFF,TO_PREFLIGHT,0.14,80,79.86,4.2,-0.02,1.81,25.78,90.29,0.138,0.536,0,0,0,0,0,0,0,0,0,0,0,0,0,0,90.4,0,1,0,-1.1,0,0,0,90,0,0,0,0,0,0,0,0,0,0,0,3,0,0,0,69,0,0,0,90.4,1,0,-0.027,0,0,1,0,0,0,0,0,0,0,2,2,0,0,VALID,0,0,0,0,0,1,0,0,0,0,0,0,0,0,0,0,0,0,0,0,41.83,877.71,2,0,0.06,0.06,14,15.38,0.08,0.04,2.54,LANDED,X10-F,0:/Integrated Flight Computer/aircraft/x10_f_cfg.ks (inferred preloaded)
2.94,TAKEOFF,TO_PREFLIGHT,0.12,80,79.88,4.32,0.04,2.16,-51.97,90.29,0.141,0.64,0,0,0,0,0,0,0,0,0,0,0,0,0,0,90.4,0,1,0,2.43,0,0,0,90,0,0,0,0,0,0,0,0,0,0,0,3,0,0,0,69,0,0,0,90.4,1,0,-0.027,0,0,1,0,0,0,0,0,0,0,2,2,0,0,VALID,0,0,0,0,0,1,0,0,0,0,0,0,0,0,0,0,0,0,0,0,64.6,877.71,2,0,0.06,0.06,18,15.38,0.08,0.04,2.8,LANDED,X10-F,0:/Integrated Flight Computer/aircraft/x10_f_cfg.ks (inferred preloaded)
3.2,TAKEOFF,TO_PREFLIGHT,0.06,80,79.94,4.38,-0.06,2.41,75.19,90.29,0.138,0.744,0,0,0,0,0,0,0,0,0,0,0,0,0,0,90.4,0,1,0,-3.47,0,0,0,90,0,0,0,0,0,0,0,0,0,0,0,3,0,0,0,69,0,0,0,90.4,1,0,-0.027,0,0,1,0,0,0,0,0,0,0,2,2,0,0,VALID,0,0,0,0,0,1,0,0,0,0,0,0,0,0,0,0,0,0,0,0,90.84,877.71,2,0,0.06,0.06,22,15.38,0.08,0.04,3.06,LANDED,X10-F,0:/Integrated Flight Computer/aircraft/x10_f_cfg.ks (inferred preloaded)
3.46,TAKEOFF,TO_PREFLIGHT,0.03,80,79.97,4.4,0.04,2.46,-36.05,90.29,0.142,0.848,0,0,0,0,0,0,0,0,0,0,0,0,0,0,90.4,0,1,0,2.38,0,0,0,90,0,0,0,0,0,0,0,0,0,0,0,3,0,0,0,69,0,0,0,90.4,1,0,-0.027,0,0,1,0,0,0,0,0,0,0,2,2,0,0,VALID,0,0,0,0,0,1,0,0,0,0,0,0,0,0,0,0,0,0,0,0,120.39,877.71,2,0,0.06,0.06,26,15.38,0.08,0.04,3.32,LANDED,X10-F,0:/Integrated Flight Computer/aircraft/x10_f_cfg.ks (inferred preloaded)
3.72,TAKEOFF,TO_PREFLIGHT,0.1,80,79.9,4.35,-0.02,2.27,8.07,90.29,0.137,0.952,0,0,0,0,0,0,0,0,0,0,0,0,0,0,90.4,0,1,0,-0.89,0,0,0,90,0,0,0,0,0,0,0,0,0,0,0,3,0,0,0,69,0,0,0,90.4,1,0,-0.027,0,0,1,0,0,0,0,0,0,0,2,2,0,0,VALID,0,0,0,0,0,1,0,0,0,0,0,0,0,0,0,0,0,0,0,0,153.07,877.71,2,0,0.06,0.06,30,15.38,0.08,0.04,3.58,LANDED,X10-F,0:/Integrated Flight Computer/aircraft/x10_f_cfg.ks (inferred preloaded)
3.98,TAKEOFF,TO_PREFLIGHT,0.18,80,79.82,4.21,0.02,1.79,-3.56,90.28,0.137,1,0,0,0,0,0,0,0,0,0,0,0,0,0,0,90.4,0,1,0,1.4,0,0,0,90,0,0,0,0,0,0,0,0,0,0,0,3,0,0,0,69,0,0,0,90.4,1,0,-0.027,0,0,1,0,0,0,0,0,0,0,2,2,0,0,VALID,0,0,0,0,0,1,0,0,0,0,0,0,0,0,0,0,0,0,0,0,188.62,877.71,2,0,0.06,0.06,34,15.38,0.08,0.04,3.84,LANDED,X10-F,0:/Integrated Flight Computer/aircraft/x10_f_cfg.ks (inferred preloaded)
4.24,TAKEOFF,TO_PREFLIGHT,0.27,80,79.73,3.98,0.02,1,-2.79,90.28,0.13,1,0,0,0,0,0,0,0,0,0,0,0,0,0,0,90.4,0,1,0,1.08,0,0,0,90,0,0,0,0,0,0,0,0,0,0,0,3,0,0,0,69,0,0,0,90.4,1,0,-0.027,0,0,1,0,0,0,0,0,0,0,2,2,0,0,VALID,0,0,0,0,0,1,0,0,0,0,0,0,0,0,0,0,0,0,0,0,223.6,877.7,2,0,0.06,0.06,38,15.38,0.08,0.04,4.1,LANDED,X10-F,0:/Integrated Flight Computer/aircraft/x10_f_cfg.ks (inferred preloaded)
4.5,TAKEOFF,TO_PREFLIGHT,0.36,80,79.64,3.67,0.02,-0.1,-2.16,90.28,0.126,1,0,0,0,0,0,0,0,0,0,0,0,0,0,0,90.4,0,1,0,1.38,0,0,0,90,0,0,0,0,0,0,0,0,0,0,0,3,0,0,0,69,0,0,0,90.4,1,0,-0.027,0,0,1,0,0,0,0,0,0,0,2,2,0,0,VALID,0,0,0,0,0,1,0,0,0,0,0,0,0,0,0,0,0,0,0,0,256.81,877.7,2,0,0.06,0.06,42,15.38,0.08,0.04,4.36,LANDED,X10-F,0:/Integrated Flight Computer/aircraft/x10_f_cfg.ks (inferred preloaded)
4.76,TAKEOFF,TO_PREFLIGHT,0.36,80,79.64,3.54,0.09,-0.62,-22.83,90.27,0.113,1,0,0,0,0,0,0,0,0,0,0,0,0,0,0,90.4,0,1,0,5.28,0,0,0,90,0,0,0,0,0,0,0,0,0,0,0,3,0,0,0,69,0,0,0,90.4,1,0,-0.027,0,0,1,0,0,0,0,0,0,0,2,2,0,0,VALID,0,0,0,0,0,1,0,0,0,0,0,0,0,0,0,0,0,0,0,0,288.33,877.7,2,0,0.06,0.06,46,15.38,0.08,0.04,4.62,LANDED,X10-F,0:/Integrated Flight Computer/aircraft/x10_f_cfg.ks (inferred preloaded)
5.02,TAKEOFF,TO_PREFLIGHT,0.19,80,79.81,3.64,-0.28,-0.14,86.66,90.27,0.119,1,0,0,0,0,0,0,0,0,0,0,0,0,0,0,90.4,0,1,0,-15.7,0,0,0,90,0,0,0,0,0,0,0,0,0,0,0,3,0,0,0,69,0,0,0,90.4,1,0,-0.027,0,0,1,0,0,0,0,0,0,0,2,2,0,0,VALID,0,0,0,0,0,1,0,0,0,0,0,0,0,0,0,0,0,0,0,0,318.26,877.7,2,0,0.06,0.06,50,15.38,0.08,0.04,4.88,LANDED,X10-F,0:/Integrated Flight Computer/aircraft/x10_f_cfg.ks (inferred preloaded)
5.28,TAKEOFF,TO_PREFLIGHT,0.08,80,79.92,3.66,0.11,0,-38.62,90.27,0.138,1,0,0,0,0,0,0,0,0,0,0,0,0,0,0,90.4,0,1,0,6.18,0,0,0,90,0,0,0,0,0,0,0,0,0,0,0,3,0,0,0,69,0,0,0,90.4,1,0,-0.027,0,0,1,0,0,0,0,0,0,0,2,2,0,0,VALID,0,0,0,0,0,1,0,0,0,0,0,0,0,0,0,0,0,0,0,0,346.66,877.71,2,0,0.06,0.06,54,15.38,0.08,0.04,5.14,LANDED,X10-F,0:/Integrated Flight Computer/aircraft/x10_f_cfg.ks (inferred preloaded)
5.54,TAKEOFF,TO_PREFLIGHT,0.23,80,79.77,3.61,0.05,-0.27,-12.9,90.27,0.131,1,0,0,0,0,0,0,0,0,0,0,0,0,0,0,90.4,0,1,0,3.09,0,0,0,90,0,0,0,0,0,0,0,0,0,0,0,3,0,0,0,69,0,0,0,90.4,1,0,-0.027,0,0,1,0,0,0,0,0,0,0,2,2,0,0,VALID,0,0,0,0,0,1,0,0,0,0,0,0,0,0,0,0,0,0,0,0,373.62,877.7,2,0,0.06,0.06,58,15.38,0.08,0.04,5.4,LANDED,X10-F,0:/Integrated Flight Computer/aircraft/x10_f_cfg.ks (inferred preloaded)
5.8,TAKEOFF,TO_PREFLIGHT,0.26,80,79.74,3.59,0.01,-0.39,-4.65,90.27,0.116,1,0,0,0,0,0,0,0,0,0,0,0,0,0,0,90.4,0,1,0,0.43,0,0,0,90,0,0,0,0,0,0,0,0,0,0,0,3,0,0,0,69,0,0,0,90.4,1,0,-0.027,0,0,1,0,0,0,0,0,0,0,2,2,0,0,VALID,0,0,0,0,0,1,0,0,0,0,0,0,0,0,0,0,0,0,0,0,399.21,877.7,2,0,0.06,0.06,62,15.38,0.08,0.04,5.66,LANDED,X10-F,0:/Integrated Flight Computer/aircraft/x10_f_cfg.ks (inferred preloaded)
6.06,TAKEOFF,TO_PREFLIGHT,0.2,80,79.8,3.61,-0.08,-0.25,23.28,90.28,0.12,1,0,0,0,0,0,0,0,0,0,0,0,0,0,0,90.4,0,1,0,-4.33,0,0,0,90,0,0,0,0,0,0,0,0,0,0,0,3,0,0,0,69,0,0,0,90.4,1,0,-0.027,0,0,1,0,0,0,0,0,0,0,2,2,0,0,VALID,0,0,0,0,0,1,0,0,0,0,0,0,0,0,0,0,0,0,0,0,423.5,877.7,2,0,0.06,0.06,66,15.38,0.08,0.04,5.92,LANDED,X10-F,0:/Integrated Flight Computer/aircraft/x10_f_cfg.ks (inferred preloaded)
6.32,TAKEOFF,TO_PREFLIGHT,0.17,80,79.83,3.62,0.03,-0.22,-9.09,90.28,0.132,1,0,0,0,0,0,0,0,0,0,0,0,0,0,0,90.4,0,1,0,1.87,0,0,0,90,0,0,0,0,0,0,0,0,0,0,0,3,0,0,0,69,0,0,0,90.4,1,0,-0.027,0,0,1,0,0,0,0,0,0,0,2,2,0,0,VALID,0,0,0,0,0,1,0,0,0,0,0,0,0,0,0,0,0,0,0,0,446.56,877.7,2,0,0.06,0.06,70,15.38,0.08,0.04,6.18,LANDED,X10-F,0:/Integrated Flight Computer/aircraft/x10_f_cfg.ks (inferred preloaded)
6.58,TAKEOFF,TO_PREFLIGHT,0.23,80,79.77,3.6,0.02,-0.31,-5.09,90.28,0.123,1,0,0,0,0,0,0,0,0,0,0,0,0,0,0,90.4,0,1,0,1.17,0,0,0,90,0,0,0,0,0,0,0,0,0,0,0,3,0,0,0,69,0,0,0,90.4,1,0,-0.027,0,0,1,0,0,0,0,0,0,0,2,2,0,0,VALID,0,0,0,0,0,1,0,0,0,0,0,0,0,0,0,0,0,0,0,0,468.45,877.7,2,0,0.06,0.06,74,15.38,0.08,0.04,6.44,LANDED,X10-F,0:/Integrated Flight Computer/aircraft/x10_f_cfg.ks (inferred preloaded)
6.84,TAKEOFF,TO_PREFLIGHT,0.32,80,79.68,3.6,-0.02,-0.31,1.56,90.29,0.121,1,0,0,0,0,0,0,0,0,0,0,0,0,0,0,90.4,0,1,0,-0.87,0,0,0,90,0,0,0,0,0,0,0,0,0,0,0,3,0,0,0,69,0,0,0,90.4,1,0,-0.027,0,0,1,0,0,0,0,0,0,0,2,2,0,0,VALID,0,0,0,0,0,1,0,0,0,0,0,0,0,0,0,0,0,0,0,0,489.23,877.7,2,0,0.06,0.06,78,15.38,0.08,0.04,6.7,LANDED,X10-F,0:/Integrated Flight Computer/aircraft/x10_f_cfg.ks (inferred preloaded)
7.1,TAKEOFF,TO_PREFLIGHT,0.46,80,79.54,3.61,-0.02,-0.26,1.99,90.3,0.124,1,0,0,0,0,0,0,0,0,0,0,0,0,0,0,90.4,0,1,0,-1.09,0,0,0,90,0,0,0,0,0,0,0,0,0,0,0,3,0,0,0,69,0,0,0,90.4,1,0,-0.027,0,0,1,0,0,0,0,0,0,0,2,2,0,0,VALID,0,0,0,0,0,1,0,0,0,0,0,0,0,0,0,0,0,0,0,0,508.95,877.69,2,0,0.06,0.06,82,15.38,0.08,0.04,6.96,LANDED,X10-F,0:/Integrated Flight Computer/aircraft/x10_f_cfg.ks (inferred preloaded)
7.36,TAKEOFF,TO_PREFLIGHT,0.65,80,79.35,3.6,0.01,-0.28,-1.02,90.31,0.125,1,0,0,0,0,0,0,0,0,0,0,0,0,0,0,90.4,0,1,0,0.67,0,0,0,90,0,0,0,0,0,0,0,0,0,0,0,3,0,0,0,69,0,0,0,90.4,1,0,-0.027,0,0,1,0,0,0,0,0,0,0,2,2,0,0,VALID,0,0,0,0,0,1,0,0,0,0,0,0,0,0,0,0,0,0,0,0,527.67,877.69,2,0,0.06,0.06,86,15.38,0.08,0.04,7.22,LANDED,X10-F,0:/Integrated Flight Computer/aircraft/x10_f_cfg.ks (inferred preloaded)
7.62,TAKEOFF,TO_PREFLIGHT,0.83,80,79.17,3.59,0.01,-0.33,-0.81,90.32,0.123,1,0,0,0,0,0,0,0,0,0,0,0,0,0,0,90.4,0,1,0,0.33,0,0,0,90,0,0,0,0,0,0,0,0,0,0,0,3,0,0,0,69,0,0,0,90.4,1,0,-0.027,0,0,1,0,0,0,0,0,0,0,2,2,0,0,VALID,0,0,0,0,0,1,0,0,0,0,0,0,0,0,0,0,0,0,0,0,545.44,877.69,2,0,0.06,0.06,90,15.38,0.08,0.04,7.48,LANDED,X10-F,0:/Integrated Flight Computer/aircraft/x10_f_cfg.ks (inferred preloaded)
7.88,TAKEOFF,TO_PREFLIGHT,0.96,80,79.04,3.59,-0.01,-0.33,0.28,90.34,0.122,1,0,0,0,0,0,0,0,0,0,0,0,0,0,0,90.4,0,1,0,-0.63,0,0,0,90,0,0,0,0,0,0,0,0,0,0,0,3,0,0,0,69,0,0,0,90.4,1,0,-0.027,0,0,1,0,0,0,0,0,0,0,2,2,0,0,VALID,0,0,0,0,0,1,0,0,0,0,0,0,0,0,0,0,0,0,0,0,562.31,877.69,2,0,0.06,0.06,94,15.38,0.08,0.04,7.74,LANDED,X10-F,0:/Integrated Flight Computer/aircraft/x10_f_cfg.ks (inferred preloaded)
8.14,TAKEOFF,TO_PREFLIGHT,1.02,80,78.98,3.59,-0.01,-0.33,0.04,90.35,0.123,1,0,0,0,0,0,0,0,0,0,0,0,0,0,0,90.4,0,1,0,-0.33,0,0,0,90,0,0,0,0,0,0,0,0,0,0,0,3,0,0,0,69,0,0,0,90.4,1,0,-0.027,0,0,1,0,0,0,0,0,0,0,2,2,0,0,VALID,0,0,0,0,0,1,0,0,0,0,0,0,0,0,0,0,0,0,0,0,578.32,877.69,2,0,0.06,0.06,98,15.38,0.08,0.04,8,LANDED,X10-F,0:/Integrated Flight Computer/aircraft/x10_f_cfg.ks (inferred preloaded)
8.4,TAKEOFF,TO_PREFLIGHT,1.06,80,78.94,3.59,0,-0.34,-0.28,90.37,0.122,1,0,0,0,0,0,0,0,0,0,0,0,0,0,0,90.4,0,1,0,-0.06,0,0,0,90,0,0,0,0,0,0,0,0,0,0,0,3,0,0,0,69,0,0,0,90.4,1,0,-0.027,0,0,1,0,0,0,0,0,0,0,2,2,0,0,VALID,0,0,0,0,0,1,0,0,0,0,0,0,0,0,0,0,0,0,0,0,593.52,877.69,2,0,0.06,0.06,102,15.38,0.08,0.04,8.26,LANDED,X10-F,0:/Integrated Flight Computer/aircraft/x10_f_cfg.ks (inferred preloaded)
8.66,TAKEOFF,TO_PREFLIGHT,1.09,80,78.91,3.59,0,-0.35,-0.16,90.38,0.121,1,0,0,0,0,0,0,0,0,0,0,0,0,0,0,90.4,0,1,0,-0.22,0,0,0,90,0,0,0,0,0,0,0,0,0,0,0,3,0,0,0,69,0,0,0,90.4,1,0,-0.027,0,0,1,0,0,0,0,0,0,0,2,2,0,0,VALID,0,0,0,0,0,1,0,0,0,0,0,0,0,0,0,0,0,0,0,0,607.94,877.68,2,0,0.06,0.06,106,15.38,0.08,0.04,8.52,LANDED,X10-F,0:/Integrated Flight Computer/aircraft/x10_f_cfg.ks (inferred preloaded)
8.92,TAKEOFF,TO_PREFLIGHT,1.12,80,78.88,3.59,-0.01,-0.35,0.02,90.4,0.122,1,0,0,0,0,0,0,0,0,0,0,0,0,0,0,90.4,0,1,0,-0.39,0,0,0,90,0,0,0,0,0,0,0,0,0,0,0,3,0,0,0,69,0,0,0,90.4,1,0,-0.027,0,0,1,0,0,0,0,0,0,0,2,2,0,0,VALID,0,0,0,0,0,1,0,0,0,0,0,0,0,0,0,0,0,0,0,0,621.64,877.68,2,0,0.06,0.06,110,15.38,0.08,0.04,8.78,LANDED,X10-F,0:/Integrated Flight Computer/aircraft/x10_f_cfg.ks (inferred preloaded)
9.18,TAKEOFF,TO_PREFLIGHT,1.15,80,78.85,3.59,-0.01,-0.35,-0.06,90.41,0.121,1,0,0,0,0,0,0,0,0,0,0,0,0,0,0,90.4,0,1,0,-0.28,0,0,0,90,0,0,0,0,0,0,0,0,0,0,0,3,0,0,0,69,0,0,0,90.4,1,0,-0.027,0,0,1,0,0,0,0,0,0,0,2,2,0,0,VALID,0,0,0,0,0,1,0,0,0,0,0,0,0,0,0,0,0,0,0,0,634.63,877.68,2,0,0.06,0.06,114,15.38,0.08,0.04,9.04,LANDED,X10-F,0:/Integrated Flight Computer/aircraft/x10_f_cfg.ks (inferred preloaded)
9.44,TAKEOFF,TO_PREFLIGHT,1.17,80,78.83,3.59,0,-0.36,-0.14,90.42,0.121,1,0,0,0,0,0,0,0,0,0,0,0,0,0,0,90.4,0,1,0,-0.21,0,0,0,90,0,0,0,0,0,0,0,0,0,0,0,3,0,0,0,69,0,0,0,90.4,1,0,-0.027,0,0,1,0,0,0,0,0,0,0,2,2,0,0,VALID,0,0,0,0,0,1,0,0,0,0,0,0,0,0,0,0,0,0,0,0,646.97,877.68,2,0,0.06,0.06,118,15.38,0.08,0.04,9.3,LANDED,X10-F,0:/Integrated Flight Computer/aircraft/x10_f_cfg.ks (inferred preloaded)
9.7,TAKEOFF,TO_PREFLIGHT,1.2,80,78.8,3.58,-0.01,-0.37,-0.13,90.44,0.121,1,0,0,0,0,0,0,0,0,0,0,0,0,0,0,90.4,0,1,0,-0.28,0,0,0,90,0,0,0,0,0,0,0,0,0,0,0,3,0,0,0,69,0,0,0,90.4,1,0,-0.027,0,0,1,0,0,0,0,0,0,0,2,2,0,0,VALID,0,0,0,0,0,1,0,0,0,0,0,0,0,0,0,0,0,0,0,0,658.69,877.68,2,0,0.06,0.06,122,15.38,0.08,0.04,9.56,LANDED,X10-F,0:/Integrated Flight Computer/aircraft/x10_f_cfg.ks (inferred preloaded)
9.96,TAKEOFF,TO_PREFLIGHT,1.22,80,78.78,3.58,-0.01,-0.37,-0.06,90.45,0.121,1,0,0,0,0,0,0,0,0,0,0,0,0,0,0,90.4,0,1,0,-0.33,0,0,0,90,0,0,0,0,0,0,0,0,0,0,0,3,0,0,0,69,0,0,0,90.4,1,0,-0.027,0,0,1,0,0,0,0,0,0,0,2,2,0,0,VALID,0,0,0,0,0,1,0,0,0,0,0,0,0,0,0,0,0,0,0,0,669.8,877.68,2,0,0.06,0.06,126,15.38,0.08,0.04,9.82,LANDED,X10-F,0:/Integrated Flight Computer/aircraft/x10_f_cfg.ks (inferred preloaded)
10.22,TAKEOFF,TO_PREFLIGHT,1.23,80,78.77,3.58,-0.01,-0.37,-0.11,90.47,0.121,1,0,0,0,0,0,0,0,0,0,0,0,0,0,0,90.4,0,1,0,-0.27,0,0,0,90,0,0,0,0,0,0,0,0,0,0,0,3,0,0,0,69,0,0,0,90.4,1,0,-0.027,0,0,1,0,0,0,0,0,0,0,2,2,0,0,VALID,0,0,0,0,0,1,0,0,0,0,0,0,0,0,0,0,0,0,0,0,680.36,877.68,2,0,0.06,0.06,130,15.38,0.08,0.04,10.08,LANDED,X10-F,0:/Integrated Flight Computer/aircraft/x10_f_cfg.ks (inferred preloaded)
10.48,TAKEOFF,TO_GROUND_ROLL,1.26,80,78.74,3.58,-0.01,-0.37,-0.11,90.48,0.121,1,0,0,0,0,0,0,0,0,0,0,0,0,0,0,90.07,0,1,0,-0.29,0,0,0,90,0,0,0,0,0,0,0,0,-0.001,0,0,3,0,0,0,69,0,0,0,90.07,1,-0.001,0.411,-0.0341,0.563,0,-0.0341,0,0,0,0,0,0,2,2,0,0,VALID,0,0,0,0,0,1,0,0,0,0,0,0,0,0,0,0,0,0,0,0,690.37,877.68,2,0,0.06,0.06,134,15.38,0.08,0.04,10.36,LANDED,X10-F,0:/Integrated Flight Computer/aircraft/x10_f_cfg.ks (inferred preloaded)
10.76,TAKEOFF,TO_GROUND_ROLL,2.2,80,77.8,3.67,-0.13,-0.03,2.4,90.48,0.127,1,0,0,0,0,0,0,0,0,0,0,0,0,0,0,90.4,0,1,0,-3.4,0,0,0,90,0,0,0,0,0,0,0,0,-0.002,0,0,3,0,0,0,69,0,0,0,90.4,1,-0.002,0.079,-0.0017,0.572,0,-0.0017,0,0,0,0,0,0,2,2,0,0,VALID,0,0,0,0,0,1,0,0,0,0,0,0,0,0,0,0,0,0,0,0,700.58,877.66,2,0,0.06,0.06,138,14.29,0.08,0.06,10.64,LANDED,X10-F,0:/Integrated Flight Computer/aircraft/x10_f_cfg.ks (inferred preloaded)
11.04,TAKEOFF,TO_GROUND_ROLL,4.05,80,75.95,3.81,0.16,0.49,-0.9,90.47,0.135,1,0,0,0,0,0,0,0,0,0,0,0,0,0,0,90.41,0,1,0,2.29,0,0,0,90,0,0,0,0,0,0,0,0,-0.002,0,0,3,0,0,0,69,0,0,0,90.41,1,-0.002,0.065,-0.0012,0.591,0,-0.0012,0,0,0,0,0,0,2,2,0,0,VALID,0,0,0,0,0,1,0,0,0,0,0,0,0,0,0,0,0,0,0,0,710.2,877.6,2,0,0.06,0.06,142,14.29,0.08,0.06,10.92,LANDED,X10-F,0:/Integrated Flight Computer/aircraft/x10_f_cfg.ks (inferred preloaded)
11.32,TAKEOFF,TO_GROUND_ROLL,5.98,80,74.02,4.08,-0.12,1.25,1.9,90.46,0.124,1,0,0,0,0,0,0,0,0,0,0,0,0,0,0,90.41,0,1,0,-1.19,0,0,0,90,0,0,0,0,0,0,0,0,-0.003,0,0,3,0,0,0,69,0,0,0,90.41,1,-0.003,0.049,-0.0006,0.61,0,-0.0006,0,0,0,0,0,0,2,2,0,0,VALID,0,0,0,0,0,1,0,0,0,0,0,0,0,0,0,0,0,0,0,0,719.24,877.49,2,0,0.06,0.06,146,14.29,0.08,0.06,11.2,LANDED,X10-F,0:/Integrated Flight Computer/aircraft/x10_f_cfg.ks (inferred preloaded)
11.6,TAKEOFF,TO_GROUND_ROLL,7.94,80,72.06,4.29,-0.06,2.12,2.61,90.44,0.136,1,0,0,0,0,0,0,0,0,0,0,0,0,0,0,90.41,0,1,0,-0.44,0,0,0,90,0,0,0,0,0,0,0,0,-0.004,0,0,3,0,0,0,69,0,0,0,90.41,1,-0.004,0.034,-0.0002,0.629,0,-0.0002,0,0,0,0,0,0,2,2,0,0,VALID,0,0,0,0,0,1,0,0,0,0,0,0,0,0,0,0,0,0,0,0,727.77,877.35,2,0,0.06,0.06,150,14.29,0.08,0.06,11.48,LANDED,X10-F,0:/Integrated Flight Computer/aircraft/x10_f_cfg.ks (inferred preloaded)
11.88,TAKEOFF,TO_GROUND_ROLL,9.92,80,70.08,4.57,-0.06,3.03,3.21,90.42,0.142,1,0,0,0,0,0,0,0,0,0,0,0,0,0,0,90.41,0,1,0,-0.37,0,0,0,90,0,0,0,0,0,0,0,0,-0.005,0,0,3,0,0,0,69,0,0,0,90.41,1,-0.005,0.016,0.0004,0.649,0,0.0004,0,0,0,0,0,0,2,2,0,0,VALID,0,0,0,0,0,1,0,0,0,0,0,0,0,0,0,0,0,0,0,0,735.79,877.18,2,0,0.06,0.06,154,14.29,0.08,0.06,11.76,LANDED,X10-F,0:/Integrated Flight Computer/aircraft/x10_f_cfg.ks (inferred preloaded)
12.16,TAKEOFF,TO_GROUND_ROLL,11.92,80,68.08,4.79,-0.12,3.83,4.34,90.4,0.148,1,0,0,0,0,0,0,0,0,0,0,0,0,0,0,90.41,0,1,0,-0.57,0,0,0,90,0,0,0,0,0,0,0,0,-0.006,0,0,3,0,0,0,69,0,0,0,90.41,1,-0.006,-0.004,0.001,0.669,0,0.001,0,0,0,0,0,0,2,2,0,0,VALID,0,0,0,0,0,1,0,0,0,0,0,0,0,0,0,0,0,0,0,0,743.33,876.97,2,0,0.06,0.06,158,14.29,0.08,0.06,12.04,LANDED,X10-F,0:/Integrated Flight Computer/aircraft/x10_f_cfg.ks (inferred preloaded)
12.44,TAKEOFF,TO_GROUND_ROLL,13.93,80,66.07,4.97,-0.07,4.44,4.67,90.38,0.152,1,0,0,0,0,0,0,0,0,0,0,0,0,0,0,90.41,0,1,0,-0.31,0,0,0,90,0,0,0,0,0,0,0,0,-0.008,0,0,3,0,0,0,69,0,0,0,90.41,1,-0.008,-0.025,0.0018,0.689,0,0.0018,0,0,0,0,0,0,2,2,0,0,VALID,0,0,0,0,0,1,0,0,0,0,0,0,0,0,0,0,0,0,0,0,750.42,876.73,2,0,0.06,0.06,162,14.29,0.08,0.06,12.32,LANDED,X10-F,0:/Integrated Flight Computer/aircraft/x10_f_cfg.ks (inferred preloaded)
12.72,TAKEOFF,TO_GROUND_ROLL,15.97,80,64.03,5.06,-0.12,4.76,5.14,90.36,0.153,1,0,0,0,0,0,0,0,0,0,0,0,0,0,0,90.41,0,1,0,-0.42,0,0,0,90,0,0,0,0,0,0,0,0,-0.009,0,0,3,0,0,0,69,0,0,0,90.41,1,-0.009,-0.049,0.0027,0.71,0,0.0027,0,0,0,0,0,0,2,2,0,0,VALID,0,0,0,0,0,1,0,0,0,0,0,0,0,0,0,0,0,0,0,0,757.08,876.46,2,0,0.06,0.06,166,14.29,0.08,0.06,12.6,LANDED,X10-F,0:/Integrated Flight Computer/aircraft/x10_f_cfg.ks (inferred preloaded)
13,TAKEOFF,TO_GROUND_ROLL,18.02,80,61.98,5.06,-0.09,4.77,5.04,90.33,0.156,1,0,0,0,0,0,0,0,0,0,0,0,0,0,0,90.41,0,1,0,-0.28,0,0,0,90,0,0,0,0,0,0,0,0,-0.011,0,0,3,0,0,0,69,0,0,0,90.41,1,-0.011,-0.073,0.0039,0.73,0,0.0039,0,0,0,0,0,0,2,2,0,0,VALID,0,0,0,0,0,1,0,0,0,0,0,0,0,0,0,0,0,0,0,0,763.34,876.16,2,0,0.06,0.06,170,14.29,0.08,0.06,12.88,LANDED,X10-F,0:/Integrated Flight Computer/aircraft/x10_f_cfg.ks (inferred preloaded)
13.28,TAKEOFF,TO_GROUND_ROLL,20.08,80,59.92,4.97,-0.11,4.47,4.79,90.31,0.154,1,0,0,0,0,0,0,0,0,0,0,0,0,0,0,90.41,0,1,0,-0.31,0,0,0,90,0,0,0,0,0,0,0,0,-0.012,0,0,3,0,0,0,69,0,0,0,90.41,1,-0.012,-0.1,0.0052,0.751,0,0.0052,0,0,0,0,0,0,2,2,0,0,VALID,0,0,0,0,0,1,0,0,0,0,0,0,0,0,0,0,0,0,0,0,769.21,875.84,2,0,0.06,0.06,174,14.29,0.08,0.06,13.16,LANDED,X10-F,0:/Integrated Flight Computer/aircraft/x10_f_cfg.ks (inferred preloaded)
13.56,TAKEOFF,TO_GROUND_ROLL,22.17,80,57.83,4.81,-0.1,3.9,4.2,90.28,0.153,1,0,0,0,0,0,0,0,0,0,0,0,0,0,0,90.4,0,1,0,-0.26,0,0,0,90,0,0,0,0,0,0,0,0,-0.014,0,0,3,0,0,0,69,0,0,0,90.4,1,-0.014,-0.126,0.0064,0.772,0,0.0064,0,0,0,0,0,0,2,2,0,0,VALID,0,0,0,0,0,1,0,0,0,0,0,0,0,0,0,0,0,0,0,0,774.73,875.49,2,0,0.06,0.06,178,14.29,0.08,0.06,13.44,LANDED,X10-F,0:/Integrated Flight Computer/aircraft/x10_f_cfg.ks (inferred preloaded)
13.84,TAKEOFF,TO_GROUND_ROLL,24.27,80,55.73,4.6,-0.12,3.16,3.47,90.25,0.148,1,0,0,0,0,0,0,0,0,0,0,0,0,0,0,90.4,0,1,0,-0.28,0,0,0,90,0,0,0,0,0,0,0,0,-0.016,0,0,3,0,0,0,69,0,0,0,90.4,1,-0.016,-0.153,0.0076,0.793,0,0.0076,0,0,0,0,0,0,2,2,0,0,VALID,0,0,0,0,0,1,0,0,0,0,0,0,0,0,0,0,0,0,0,0,779.9,875.12,2,0,0.06,0.06,182,14.29,0.08,0.06,13.72,LANDED,X10-F,0:/Integrated Flight Computer/aircraft/x10_f_cfg.ks (inferred preloaded)
14.12,TAKEOFF,TO_GROUND_ROLL,26.38,80,53.62,4.37,-0.13,2.33,2.65,90.22,0.142,1,0,0,0,0,0,0,0,0,0,0,0,0,0,0,90.4,0,1,0,-0.28,0,0,0.01,90,0,0,0,0,0,0,0,0,-0.017,0,0,3,0,0,0,69,0,0,0,90.4,1,-0.017,-0.179,0.0087,0.814,0,0.0087,0,0,0,0,0,0,2,2,0,0,VALID,0,0,0,0,0,1,0,0,0,0,0,0,0,0,0,0,0,0,0,0,784.76,874.74,2,0,0.06,0.06,186,14.29,0.08,0.06,14,LANDED,X10-F,0:/Integrated Flight Computer/aircraft/x10_f_cfg.ks (inferred preloaded)
14.4,TAKEOFF,TO_GROUND_ROLL,28.51,80,51.49,4.14,-0.15,1.55,1.87,90.2,0.137,1,0,0,0,0,0,0,0,0,0,0,0,0,0,0,90.4,0,1,0,-0.29,0,0,0.01,90,0,0,0,0,0,0,0,0,-0.019,0,0,3,0,0,0,69,0,0,0,90.4,1,-0.019,-0.202,0.0097,0.835,0,0.0097,0,0,0,0,0,0,2,2,0,0,VALID,0,0,0,0,0,1,0,0,0,0,0,0,0,0,0,0,0,0,0,0,789.31,874.35,2,0,0.06,0.06,190,14.29,0.08,0.06,14.28,LANDED,X10-F,0:/Integrated Flight Computer/aircraft/x10_f_cfg.ks (inferred preloaded)
14.68,TAKEOFF,TO_GROUND_ROLL,30.65,80,49.35,3.95,-0.16,0.89,1.21,90.17,0.133,1,0,0,0,0,0,0,0,0,0,0,0,0,0,0,90.39,0,1,0,-0.3,0,0,0.01,90,0,0,0,0,0,0,0,0,-0.02,0,0,3,0,0,0,69,0,0,0,90.39,1,-0.02,-0.221,0.0104,0.857,0,0.0104,0,0,0,0,0,0,2,2,0,0,VALID,0,0,0,0,0,1,0,0,0,0,0,0,0,0,0,0,0,0,0,0,793.59,873.94,2,0,0.06,0.06,194,14.29,0.08,0.06,14.56,LANDED,X10-F,0:/Integrated Flight Computer/aircraft/x10_f_cfg.ks (inferred preloaded)
14.96,TAKEOFF,TO_GROUND_ROLL,32.81,80,47.19,3.83,-0.18,0.45,0.76,90.15,0.128,1,0,0,0,0,0,0,0,0,0,0,0,0,0,0,90.39,0,1,0,-0.31,0,0,0.01,90,0,0,0,0,0,0,0,0,-0.022,0,0,3,0,0,0,69,0,0,0,90.39,1,-0.022,-0.234,0.0109,0.878,0,0.0109,0,0,0,0,0,0,2,2,0,0,VALID,0,0,0,0,0,1,0,0,0,0,0,0,0,0,0,0,0,0,0,0,797.6,873.53,2,0,0.06,0.06,198,14.29,0.08,0.06,14.84,LANDED,X10-F,0:/Integrated Flight Computer/aircraft/x10_f_cfg.ks (inferred preloaded)
15.24,TAKEOFF,TO_GROUND_ROLL,34.98,80,45.02,3.78,-0.19,0.27,0.57,90.14,0.126,1,0,0,0,0,0,0,0,0,0,0,0,0,0,0,90.38,0,1,0,-0.32,0,0,0.01,90,0,0,0,0,0,0,0,0,-0.023,0,0,3,0,0,0,69,0,0,0,90.38,1,-0.023,-0.24,0.0109,0.9,0,0.0109,0,0,0,0,0,0,2,2,0,0,VALID,0,0,0,0,0,1,0,0,0,0,0,0,0,0,0,0,0,0,0,0,801.36,873.11,2,0,0.06,0.06,202,14.29,0.08,0.06,15.12,LANDED,X10-F,0:/Integrated Flight Computer/aircraft/x10_f_cfg.ks (inferred preloaded)
15.52,TAKEOFF,TO_GROUND_ROLL,37.15,80,42.85,3.8,-0.21,0.37,0.65,90.14,0.125,1,0,0,0,0,0,0,0,0,0,0,0,0,0,0,90.38,0,1,0,-0.32,0,0,0.01,90,0,0,0,0,0,0,0,0,-0.024,0,0,3,0,0,0,69,0,0,0,90.38,1,-0.024,-0.239,0.0106,0.922,0,0.0106,0,0,0,0,0,0,2,2,0,0,VALID,0,0,0,0,0,1,0,0,0,0,0,0,0,0,0,0,0,0,0,0,804.9,872.7,2,0,0.06,0.06,206,14.29,0.08,0.06,15.4,LANDED,X10-F,0:/Integrated Flight Computer/aircraft/x10_f_cfg.ks (inferred preloaded)
15.8,TAKEOFF,TO_GROUND_ROLL,39.34,80,40.66,3.9,-0.22,0.71,0.98,90.14,0.125,1,0,0,0,0,0,0,0,0,0,0,0,0,0,0,90.37,0,1,0,-0.32,0,0,0.01,90,0,0,0,0,0,0,0,0,-0.026,0,0,3,0,0,0,69,0,0,0,90.37,1,-0.026,-0.231,0.01,0.943,0,0.01,0,0,0,0,0,0,2,2,0,0,VALID,0,0,0,0,0,1,0,0,0,0,0,0,0,0,0,0,0,0,0,0,808.22,872.29,2,0,0.06,0.06,210,14.29,0.08,0.06,15.68,LANDED,X10-F,0:/Integrated Flight Computer/aircraft/x10_f_cfg.ks (inferred preloaded)
16.08,TAKEOFF,TO_GROUND_ROLL,41.53,80,38.47,4.06,-0.24,1.25,1.51,90.15,0.126,1,0,0,0,0,0,0,0,0,0,0,0,0,0,0,90.37,0,1,0,-0.33,0,0,0.01,90,0,0,0,0,0,0,0,0,-0.027,0,0,3,0,0,0,69,0,0,0,90.37,1,-0.027,-0.219,0.0093,0.965,0,0.0093,0,0,0,0,0,0,2,2,0,0,VALID,0,0,0,0,0,1,0,0,0,0,0,0,0,0,0,0,0,0,0,0,811.34,871.88,2,0,0.06,0.06,214,14.29,0.08,0.06,15.96,LANDED,X10-F,0:/Integrated Flight Computer/aircraft/x10_f_cfg.ks (inferred preloaded)
16.36,TAKEOFF,TO_GROUND_ROLL,43.73,80,36.27,4.24,-0.25,1.9,2.16,90.16,0.131,1,0,0,0,0,0,0,0,0,0,0,0,0,0,0,90.36,0,1,0,-0.33,0,0,0.01,90,0,0,0,0,0,0,0,0,-0.029,0,0,3,0,0,0,69,0,0,0,90.36,1,-0.029,-0.2,0.0081,0.987,0,0.0081,0,0,0,0,0,0,2,2,0,0,VALID,0,0,0,0,0,1,0,0,0,0,0,0,0,0,0,0,0,0,0,0,814.28,871.49,2,0,0.06,0.06,218,14.29,0.08,0.06,16.24,LANDED,X10-F,0:/Integrated Flight Computer/aircraft/x10_f_cfg.ks (inferred preloaded)
16.64,TAKEOFF,TO_GROUND_ROLL,45.94,80,34.06,4.43,-0.26,2.56,2.83,90.18,0.131,1,0,0,0,0,0,0,0,0,0,0,0,0,0,0,90.35,0,1,0,-0.33,0,0,0.01,90,0,0,0,0,0,0,0,0,-0.03,0,0,3,0,0,0,69,0,0,0,90.35,1,-0.03,-0.171,0.0061,1,0,0.0061,0,0,0,0,0,0,2,2,0,0,VALID,0,0,0,0,0,1,0,0,0,0,0,0,0,0,0,0,0,0,0,0,817.05,871.12,2,0,0.06,0.06,222,14.29,0.08,0.06,16.52,LANDED,X10-F,0:/Integrated Flight Computer/aircraft/x10_f_cfg.ks (inferred preloaded)
16.92,TAKEOFF,TO_GROUND_ROLL,48.15,80,31.85,4.6,-0.27,3.15,3.42,90.21,0.132,1,0,0,0,0,0,0,0,0,0,0,0,0,0,0,90.35,0,1,0,-0.32,0,0,0.02,90,0,0,0,0,0,0,0,0,-0.033,0,0,3,0,0,0,69,0,0,0,90.35,1,-0.033,-0.131,0.0035,1,0,0.0035,0,0,0,0,0,0,2,2,0,0,VALID,0,0,0,0,0,1,0,0,0,0,0,0,0,0,0,0,0,0,0,0,819.66,870.76,2,0,0.06,0.06,226,14.29,0.08,0.06,16.8,LANDED,X10-F,0:/Integrated Flight Computer/aircraft/x10_f_cfg.ks (inferred preloaded)
17.2,TAKEOFF,TO_GROUND_ROLL,50.36,80,29.64,4.72,-0.28,3.57,3.85,90.25,0.131,1,0,0,0,0,0,0,0,0,0,0,0,0,0,0,90.34,0,1,0,-0.32,0,0,0.02,90,0,0,0,0,0,0,0,0,-0.035,0,0,3,0,0,0,69,0,0,0,90.34,1,-0.035,-0.082,0.0003,1,0,0.0003,0,0,0,0,0,0,2,2,0,0,VALID,0,0,0,0,0,1,0,0,0,0,0,0,0,0,0,0,0,0,0,0,822.14,870.43,2,0,0.06,0.06,230,14.29,0.08,0.06,17.08,LANDED,X10-F,0:/Integrated Flight Computer/aircraft/x10_f_cfg.ks (inferred preloaded)
17.48,TAKEOFF,TO_GROUND_ROLL,52.58,80,27.42,4.78,-0.28,3.77,4.06,90.31,0.128,1,0,0,0,0,0,0,0,0,0,0,0,0,0,0,90.33,0,1,0,-0.31,0,0,0.02,90,0,0,0,0,0,0,0,0,-0.038,0,0,3,0,0,0,69,0,0,0,90.33,1,-0.038,-0.021,-0.0028,1,0,-0.0028,0,0,0,0,0,0,2,2,0,0,VALID,0,0,0,0,0,1,0,0,0,0,0,0,0,0,0,0,0,0,0,0,824.48,870.12,2,0,0.06,0.06,234,14.29,0.08,0.06,17.36,LANDED,X10-F,0:/Integrated Flight Computer/aircraft/x10_f_cfg.ks (inferred preloaded)
17.76,TAKEOFF,TO_GROUND_ROLL,54.8,80,25.2,4.77,-0.28,3.73,4.02,90.37,0.123,1,0,0,0,0,0,0,0,0,0,0,0,0,0,0,90.32,0,1,0,-0.3,0,0,0.02,90,0,0,0,0,0,0,0,0,-0.042,0,0,3,0,0,0,69,0,0,0,90.32,1,-0.042,0.051,-0.0069,1,0,-0.0069,0,0,0,0,0,0,2,2,0,0,VALID,0,0,0,0,0,1,0,0,0,0,0,0,0,0,0,0,0,0,0,0,826.71,869.85,2,0,0.06,0.06,238,14.29,0.08,0.06,17.64,LANDED,X10-F,0:/Integrated Flight Computer/aircraft/x10_f_cfg.ks (inferred preloaded)
18.04,TAKEOFF,TO_GROUND_ROLL,57.02,80,22.98,4.69,-0.29,3.46,3.76,90.44,0.113,1,0,0,0,0,0,0,0,0,0,0,0,0,0,0,90.3,0,1,0,-0.29,0,0,0.02,90,0,0,0,0,0,0,0,0,-0.047,0,0,3,0,0,0,69,0,0,0,90.3,1,-0.047,0.137,-0.0128,1,0,-0.0128,0,0,0,0,0,0,2,2,0,0,VALID,0,0,0,0,0,1,0,0,0,0,0,0,0,0,0,0,0,0,0,0,828.83,869.61,2,0,0.06,0.06,242,14.29,0.08,0.06,17.92,LANDED,X10-F,0:/Integrated Flight Computer/aircraft/x10_f_cfg.ks (inferred preloaded)
18.32,TAKEOFF,TO_GROUND_ROLL,59.26,80,20.74,4.56,-0.3,2.99,3.3,90.53,0.101,1,0,0,0,0,0,0,0,0,0,0,0,0,0,0,90.29,0,1,0,-0.29,0,0,0.02,90,0,0,0,0,0,0,0,0,-0.054,0,0,3,0,0,0,69,0,0,0,90.29,1,-0.054,0.237,-0.0185,1,0,-0.0185,0,0,0,0,0,0,2,2,0,0,VALID,0,0,0,0,0,1,0,0,0,0,0,0,0,0,0,0,0,0,0,0,830.86,869.4,2,0,0.06,0.06,246,14.29,0.08,0.06,18.2,LANDED,X10-F,0:/Integrated Flight Computer/aircraft/x10_f_cfg.ks (inferred preloaded)
18.6,TAKEOFF,TO_GROUND_ROLL,61.5,80,18.5,4.39,-0.31,2.41,2.72,90.62,0.085,1,0,0,0,0,0,0,0,0,0,0,0,0,0,0,90.28,0,1,0,-0.28,0,0,0.03,90,0,0,0,0,0,0,0,0,-0.062,0,0,3,0,0,0,69,0,0,0,90.28,1,-0.062,0.346,-0.0243,1,0,-0.0243,0,0,0,0,0,0,2,2,0,0,VALID,0,0,0,0,0,1,0,0,0,0,0,0,0,0,0,0,0,0,0,0,832.8,869.24,2,0,0.06,0.06,250,14.29,0.08,0.06,18.48,LANDED,X10-F,0:/Integrated Flight Computer/aircraft/x10_f_cfg.ks (inferred preloaded)
18.88,TAKEOFF,TO_GROUND_ROLL,63.75,80,16.25,4.21,-0.32,1.79,2.1,90.72,0.084,1,0,0,0,0,0,0,0,0,0,0,0,0,0,0,90.27,0,1,0,-0.29,0,0,0.03,90,0,0,0,0,0,0,0,0,-0.072,0,0,3,0,0,0,69,0,0,0,90.27,1,-0.072,0.446,-0.0285,1,0,-0.0285,0,0,0,0,0,0,2,2,0,0,VALID,0,0,0,0,0,1,0,0,0,0,0,0,0,0,0,0,0,0,0,0,834.68,869.12,2,0,0.06,0.06,254,14.29,0.08,0.06,18.76,LANDED,X10-F,0:/Integrated Flight Computer/aircraft/x10_f_cfg.ks (inferred preloaded)
19.16,TAKEOFF,TO_GROUND_ROLL,66,80,14,4.05,-0.33,1.22,1.53,90.79,0.093,1,0,0,0,0,0,0,0,0,0,0,0,0,0,0,90.27,0,1,0,-0.29,0,0,0.03,90,0,0,0,0,0,0,0,0,-0.085,0,0,3,0,0,0,69,0,0,0,90.27,1,-0.085,0.524,-0.0305,1,0,-0.0305,0,0,0,0,0,0,2,2,0,0,VALID,0,0,0,0,0,1,0,0,0,0,0,0,0,0,0,0,0,0,0,0,836.49,869.06,2,0,0.06,0.06,258,14.29,0.08,0.06,19.04,LANDED,X10-F,0:/Integrated Flight Computer/aircraft/x10_f_cfg.ks (inferred preloaded)
19.44,TAKEOFF,TO_GROUND_ROLL,68.27,80,11.73,3.92,-0.34,0.77,1.07,90.85,0.103,1,0,0,0,0,0,0,0,0,0,0,0,0,0,0,90.27,0,1,0,-0.29,0,0,0.03,90,0,0,0,0,0,0,0,0,-0.099,0,0,3,0,0,0,69,0,0,0,90.27,1,-0.099,0.572,-0.0305,1,0,-0.0305,0,0,0,0,0,0,2,2,0,0,VALID,0,0,0,0,0,1,0,0,0,0,0,0,0,0,0,0,0,0,0,0,838.25,869.05,2,0,0.06,0.06,262,14.29,0.08,0.06,19.32,LANDED,X10-F,0:/Integrated Flight Computer/aircraft/x10_f_cfg.ks (inferred preloaded)
19.72,TAKEOFF,TO_GROUND_ROLL,70.54,80,9.46,3.84,-0.35,0.5,0.78,90.87,0.119,1,0,0,0,0,0,0,0,0,0,0,0,0,0,0,90.28,0,1,0,-0.29,0,0,0.03,90,0,0,0,0,0,0,0,0,-0.114,0,0,3,0,0,0,69,0,0,0,90.28,1,-0.114,0.588,-0.0285,1,0,-0.0285,0,0,0,0,0,0,2,2,0,0,VALID,0,0,0,0,0,1,0,0,0,0,0,0,0,0,0,0,0,0,0,0,840.37,869.56,2,0,0.06,0.06,266,14.29,0.08,0.06,19.6,LANDED,X10-F,0:/Integrated Flight Computer/aircraft/x10_f_cfg.ks (inferred preloaded)
20,TAKEOFF,TO_GROUND_ROLL,72.81,80,7.19,3.82,-0.36,0.43,0.7,90.86,0.137,1,0,0,0,0,0,0,0,0,0,0,0,0,0,0,90.29,0,1,0,-0.29,0,0,0.03,90,0,0,0,0,0,0,0,0,-0.13,0,0,3,0,0,0,69,0,0,0,90.29,1,-0.13,0.571,-0.0251,1,0,-0.0251,0,0,0,0,0,0,2,2,0,0,VALID,0,0,0,0,0,1,0,0,0,0,0,0,0,0,0,0,0,0,0,0,843.16,870.86,2,0,0.06,0.06,270,14.29,0.08,0.06,19.88,LANDED,X10-F,0:/Integrated Flight Computer/aircraft/x10_f_cfg.ks (inferred preloaded)
20.28,TAKEOFF,TO_GROUND_ROLL,75.1,80,4.9,3.86,-0.37,0.56,0.82,90.81,0.156,1,0,0,0,0,0,0,0,0,0,0,0,0,0,0,90.29,0,1,0,-0.29,0,0,0.04,90,0,0,0,0,0,0,0,0,-0.147,0,0,3,0,0,0,69,0,0,0,90.29,1,-0.147,0.524,-0.0204,1,0,-0.0204,0,0,0,0,0,0,2,2,0,0,VALID,0,0,0,0,0,1,0,0,0,0,0,0,0,0,0,0,0,0,0,0,846.61,872.91,2,0,0.06,0.06,274,14.29,0.08,0.06,20.16,LANDED,X10-F,0:/Integrated Flight Computer/aircraft/x10_f_cfg.ks (inferred preloaded)
20.56,TAKEOFF,TO_GROUND_ROLL,77.39,80,2.61,3.94,-0.38,0.85,1.1,90.74,0.172,1,0,0,0,0,0,0,0,0,0,0,0,0,0,0,90.29,0,1,0,-0.28,0,0,0.04,90,0,0,0,0,0,0,0,0,-0.162,0,0,3,0,0,0,69,0,0,0,90.29,1,-0.162,0.453,-0.015,1,0,-0.015,0,0,0,0,0,0,2,2,0,0,VALID,0,0,0,0,0,1,0,0,0,0,0,0,0,0,0,0,0,0,0,0,850.68,875.69,2,0,0.06,0.06,278,14.29,0.08,0.06,20.44,LANDED,X10-F,0:/Integrated Flight Computer/aircraft/x10_f_cfg.ks (inferred preloaded)
20.84,TAKEOFF,TO_GROUND_ROLL,79.69,80,0.31,4.06,-0.39,1.26,1.5,90.65,0.188,1,0,0,0,0,0,0,0,0,0,0,0,0,0,0,90.29,0,1,0,-0.28,0,0,0.04,90,0,0,0,0,0,0,0,0,-0.177,0,0,3,0,0,0,69,0,0,0,90.29,1,-0.177,0.358,-0.0087,1,0,-0.0087,0,0,0,0,0,0,2,2,0,0,VALID,0,0,0,0,0,1,0,0,0,0,0,0,0,0,0,0,0,0,0,0,855.36,879.15,2,0,0.06,0.06,282,14.29,0.08,0.06,20.72,LANDED,X10-F,0:/Integrated Flight Computer/aircraft/x10_f_cfg.ks (inferred preloaded)
21.12,TAKEOFF,TO_GROUND_ROLL,82,80,-2,4.19,-0.4,1.7,1.94,90.53,0.198,1,0,0,0,0,0,0,0,0,0,0,0,0,0,0,90.29,0,1,0,-0.28,0,0,0.04,90,0,0,0,0,0,0,0,0,-0.19,0,0,3,0,0,0,69,0,0,0,90.29,1,-0.19,0.242,-0.0014,1,0,-0.0014,0,0,0,0,0,0,2,2,0,0,VALID,0,0,0,0,0,1,0,0,0,0,0,0,0,0,0,0,0,0,0,0,860.62,883.28,2,0,0.06,0.06,286,14.29,0.08,0.06,21,LANDED,X10-F,0:/Integrated Flight Computer/aircraft/x10_f_cfg.ks (inferred preloaded)
21.4,TAKEOFF,TO_GROUND_ROLL,84.32,80,-4.32,4.31,-0.41,2.11,2.35,90.39,0.222,1,0,0,0,0,0,0,0,0,0,0,0,0,0,0,90.3,0,1,0,-0.28,0,0,0.05,90,0,0,0,0,0,0,0,0,-0.201,0,0,3,0,0,0,69,0,0,0,90.3,1,-0.201,0.096,0.0074,1,0,0.0074,0,0,0,0,0,0,2,2,0,0,VALID,0,0,0,0,0,1,0,0,0,0,0,0,0,0,0,0,0,0,0,0,866.43,888.03,2,0,0.06,0.06,290,14.29,0.08,0.06,21.28,LANDED,X10-F,0:/Integrated Flight Computer/aircraft/x10_f_cfg.ks (inferred preloaded)
21.68,TAKEOFF,TO_GROUND_ROLL,86.66,80,-6.66,4.4,-0.37,2.43,2.64,90.23,0.248,1,0,0,0,0,0,0,0,0,0,0,0,0,0,0,90.3,0,1,0,-0.25,0,0,0.05,90,0,0,0,0,0,0,0,0,-0.208,0,0,3,0,0,0,69,0,0,0,90.3,1,-0.208,-0.065,0.0152,1,0,0.0152,0,0,0,0,0,0,2,2,0,0,VALID,0,0,0,0,0,1,0,0,0,0,0,0,0,0,0,0,0,0,0,0,872.78,893.37,2,0,0.06,0.06,294,14.29,0.08,0.06,21.56,LANDED,X10-F,0:/Integrated Flight Computer/aircraft/x10_f_cfg.ks (inferred preloaded)
21.96,TAKEOFF,TO_GROUND_ROLL,89,80,-9,4.44,-0.45,2.59,2.86,90.08,0.214,1,0,0,0,0,0,0,0,0,0,0,0,0,0,0,90.28,0,1,0,-0.29,0,0,0.05,90,0,0,0,0,0,0,0,0,-0.212,0,0,3,0,0,0,69,0,0,0,90.28,1,-0.212,-0.199,0.0207,1,0,0.0207,0,0,0,0,0,0,2,2,0,0,VALID,0,0,0,0,0,1,0,0,0,0,0,0,0,0,0,0,0,0,0,0,879.63,899.29,2,0,0.06,0.06,298,14.29,0.08,0.06,21.84,LANDED,X10-F,0:/Integrated Flight Computer/aircraft/x10_f_cfg.ks (inferred preloaded)
22.24,TAKEOFF,TO_GROUND_ROLL,91.37,80,-11.37,4.44,-0.4,2.59,2.83,89.96,0.191,1,0,0,0,0,0,0,0,0,0,0,0,0,0,0,90.25,0,1,0,-0.25,0,0,0.05,90,0,0,0,0,0,0,0,0,-0.213,0,0,3,0,0,0,69,0,0,0,90.25,1,-0.213,-0.286,0.0214,1,0,0.0214,0,0,0,0,0,0,2,2,0,0,VALID,0,0,0,0,0,1,0,0,0,0,0,0,0,0,0,0,0,0,0,0,886.96,905.74,2,0,0.06,0.06,302,14.29,0.08,0.06,22.12,LANDED,X10-F,0:/Integrated Flight Computer/aircraft/x10_f_cfg.ks (inferred preloaded)
22.52,TAKEOFF,TO_GROUND_ROLL,93.75,80,-13.75,4.39,-0.44,2.42,2.69,89.89,0.18,1,0,0,0,0,0,0,0,0,0,0,0,0,0,0,90.22,0,1,0,-0.27,0,0,0.06,90,0,0,0,0,0,0,0,0,-0.211,0,0,3,0,0,0,69,0,0,0,90.22,1,-0.211,-0.331,0.0201,1,0,0.0201,0,0,0,0,0,0,2,2,0,0,VALID,0,0,0,0,0,1,0,0,0,0,0,0,0,0,0,0,0,0,0,0,894.76,912.71,2,0,0.06,0.06,306,14.29,0.08,0.06,22.4,LANDED,X10-F,0:/Integrated Flight Computer/aircraft/x10_f_cfg.ks (inferred preloaded)
22.8,TAKEOFF,TO_GROUND_ROLL,96.16,80,-16.16,4.3,-0.42,2.1,2.37,89.86,0.131,1,0,0,0,0,0,0,0,0,0,0,0,0,0,0,90.21,0,1,0,-0.25,0,0,0.06,90,0,0,0,0,0,0,0,0,-0.207,0,0,3,0,0,0,69,0,0,0,90.21,1,-0.207,-0.347,0.0184,1,0,0.0184,0,0,0,0,0,0,2,2,0,0,VALID,0,0,0,0,0,1,0,0,0,0,0,0,0,0,0,0,0,0,0,0,903.01,920.18,2,0,0.06,0.06,310,14.29,0.08,0.06,22.68,LANDED,X10-F,0:/Integrated Flight Computer/aircraft/x10_f_cfg.ks (inferred preloaded)
23.08,TAKEOFF,TO_GROUND_ROLL,98.59,80,-18.59,4.19,-0.44,1.7,1.97,89.84,0.128,1,0,0,0,0,0,0,0,0,0,0,0,0,0,0,90.2,0,1,0,-0.26,0,0,0.06,90,0,0,0,0,0,0,0,0,-0.204,0,0,3,0,0,0,69,0,0,0,90.2,1,-0.204,-0.359,0.0181,1,0,0.0181,0,0,0,0,0,0,2,2,0,0,VALID,0,0,0,0,0,1,0,0,0,0,0,0,0,0,0,0,0,0,0,0,911.69,928.11,2,0,0.06,0.06,314,14.29,0.08,0.06,22.96,LANDED,X10-F,0:/Integrated Flight Computer/aircraft/x10_f_cfg.ks (inferred preloaded)
23.36,TAKEOFF,TO_GROUND_ROLL,101.05,80,-21.05,4.06,-0.44,1.26,1.53,89.83,0.137,1,0,0,0,0,0,0,0,0,0,0,0,0,0,0,90.21,0,1,0,-0.25,0,0,0.06,90,0,0,0,0,0,0,0,0,-0.2,0,0,3,0,0,0,69,0,0,0,90.21,1,-0.2,-0.376,0.0189,1,0,0.0189,0,0,0,0,0,0,2,2,0,0,VALID,0,0,0,0,0,1,0,0,0,0,0,0,0,0,0,0,0,0,0,0,920.77,936.49,2,0,0.06,0.06,318,14.29,0.08,0.06,23.24,LANDED,X10-F,0:/Integrated Flight Computer/aircraft/x10_f_cfg.ks (inferred preloaded)
23.64,TAKEOFF,TO_GROUND_ROLL,103.54,80,-23.54,3.94,-0.45,0.86,1.12,89.82,0.135,1,0,0,0,0,0,0,0,0,0,0,0,0,0,0,90.21,0,1,0,-0.25,0,0,0.07,90,0,0,0,0,0,0,0,0,-0.195,0,0,3,0,0,0,69,0,0,0,90.21,1,-0.195,-0.396,0.02,1,0,0.02,0,0,0,0,0,0,2,2,0,0,VALID,0,0,0,0,0,1,0,0,0,0,0,0,0,0,0,0,0,0,0,0,930.22,945.29,2,0,0.06,0.06,322,14.29,0.08,0.06,23.52,LANDED,X10-F,0:/Integrated Flight Computer/aircraft/x10_f_cfg.ks (inferred preloaded)
23.92,TAKEOFF,TO_GROUND_ROLL,106.06,80,-26.06,3.85,-0.45,0.54,0.8,89.81,0.132,1,0,0,0,0,0,0,0,0,0,0,0,0,0,0,90.22,0,1,0,-0.24,0,0,0.07,90,0,0,0,0,0,0,0,0,-0.191,0,0,3,0,0,0,69,0,0,0,90.22,1,-0.191,-0.41,0.0203,1,0,0.0203,0,0,0,0,0,0,2,2,0,0,VALID,0,0,0,0,0,1,0,0,0,0,0,0,0,0,0,0,0,0,0,0,940.02,954.46,2,0,0.06,0.06,326,14.29,0.08,0.06,23.8,LANDED,X10-F,0:/Integrated Flight Computer/aircraft/x10_f_cfg.ks (inferred preloaded)
24.2,TAKEOFF,TO_GROUND_ROLL,108.6,80,-28.6,3.8,-0.46,0.36,0.6,89.8,0.121,1,0,0,0,0,0,0,0,0,0,0,0,0,0,0,90.22,0,1,0,-0.24,0,0,0.07,90,0,0,0,0,0,0,0,0,-0.185,0,0,3,0,0,0,69,0,0,0,90.22,1,-0.185,-0.413,0.0197,1,0,0.0197,0,0,0,0,0,0,2,2,0,0,VALID,0,0,0,0,0,1,0,0,0,0,0,0,0,0,0,0,0,0,0,0,950.13,963.97,2,0,0.06,0.06,330,14.29,0.08,0.06,24.08,LANDED,X10-F,0:/Integrated Flight Computer/aircraft/x10_f_cfg.ks (inferred preloaded)
24.48,TAKEOFF,TO_GROUND_ROLL,111.18,80,-31.18,3.78,-0.46,0.31,0.54,89.81,0.112,1,0,0,0,0,0,0,0,0,0,0,0,0,0,0,90.21,0,1,0,-0.24,0,0,0.08,90,0,0,0,0,0,0,0,0,-0.18,0,0,3,0,0,0,69,0,0,0,90.21,1,-0.18,-0.406,0.0185,1,0,0.0185,0,0,0,0,0,0,2,2,0,0,VALID,0,0,0,0,0,1,0,0,0,0,0,0,0,0,0,0,0,0,0,0,960.51,973.77,2,0,0.06,0.06,334,14.29,0.08,0.06,24.36,LANDED,X10-F,0:/Integrated Flight Computer/aircraft/x10_f_cfg.ks (inferred preloaded)
24.76,TAKEOFF,TO_GROUND_ROLL,113.79,80,-33.79,3.81,-0.47,0.4,0.62,89.82,0.104,1,0,0,0,0,0,0,0,0,0,0,0,0,0,0,90.21,0,1,0,-0.24,0,0,0.08,90,0,0,0,0,0,0,0,0,-0.175,0,0,3,0,0,0,69,0,0,0,90.21,1,-0.175,-0.39,0.017,1,0,0.017,0,0,0,0,0,0,2,2,0,0,VALID,0,0,0,0,0,1,0,0,0,0,0,0,0,0,0,0,0,0,0,0,971.1,983.82,2,0,0.06,0.06,338,14.29,0.08,0.06,24.64,LANDED,X10-F,0:/Integrated Flight Computer/aircraft/x10_f_cfg.ks (inferred preloaded)
25.04,TAKEOFF,TO_GROUND_ROLL,116.43,80,-36.43,3.86,-0.47,0.59,0.8,89.85,0.098,1,0,0,0,0,0,0,0,0,0,0,0,0,0,0,90.21,0,1,0,-0.23,0,0,0.08,90,0,0,0,0,0,0,0,0,-0.17,0,0,3,0,0,0,69,0,0,0,90.21,1,-0.17,-0.366,0.0153,1,0,0.0153,0,0,0,0,0,0,2,2,0,0,VALID,0,0,0,0,0,1,0,0,0,0,0,0,0,0,0,0,0,0,0,0,981.86,994.05,2,0,0.06,0.06,342,14.29,0.08,0.06,24.92,LANDED,X10-F,0:/Integrated Flight Computer/aircraft/x10_f_cfg.ks (inferred preloaded)
25.32,TAKEOFF,TO_GROUND_ROLL,119.09,80,-39.09,3.94,-0.47,0.84,1.04,89.88,0.095,1,0,0,0,0,0,0,0,0,0,0,0,0,0,0,90.22,0,1,0,-0.23,0,0,0.09,90,0,0,0,0,0,0,0,0,-0.165,0,0,3,0,0,0,69,0,0,0,90.22,1,-0.165,-0.34,0.0138,1,0,0.0138,0,0,0,0,0,0,2,2,0,0,VALID,0,0,0,0,0,1,0,0,0,0,0,0,0,0,0,0,0,0,0,0,992.73,1004.42,2,0,0.06,0.06,346,14.29,0.08,0.06,25.2,LANDED,X10-F,0:/Integrated Flight Computer/aircraft/x10_f_cfg.ks (inferred preloaded)
25.6,TAKEOFF,TO_GROUND_ROLL,121.78,80,-41.78,4.01,-0.48,1.09,1.29,89.91,0.095,1,0,0,0,0,0,0,0,0,0,0,0,0,0,0,90.22,0,1,0,-0.22,0,0,0.09,90,0,0,0,0,0,0,0,0,-0.162,0,0,3,0,0,0,69,0,0,0,90.22,1,-0.162,-0.313,0.0125,1,0,0.0125,0,0,0,0,0,0,2,2,0,0,VALID,0,0,0,0,0,1,0,0,0,0,0,0,0,0,0,0,0,0,0,0,1003.65,1014.86,2,0,0.06,0.06,350,14.29,0.08,0.06,25.48,LANDED,X10-F,0:/Integrated Flight Computer/aircraft/x10_f_cfg.ks (inferred preloaded)
25.88,TAKEOFF,TO_GROUND_ROLL,124.5,80,-44.5,4.07,-0.48,1.3,1.5,89.93,0.099,1,0,0,0,0,0,0,0,0,0,0,0,0,0,0,90.22,0,1,0,-0.22,0,0,0.09,90,0,0,0,0,0,0,0,0,-0.16,0,0,3,0,0,0,69,0,0,0,90.22,1,-0.16,-0.291,0.0118,1,0,0.0118,0,0,0,0,0,0,2,2,0,0,VALID,0,0,0,0,0,1,0,0,0,0,0,0,0,0,0,0,0,0,0,0,1014.58,1025.31,2,0,0.06,0.06,354,14.29,0.08,0.06,25.76,LANDED,X10-F,0:/Integrated Flight Computer/aircraft/x10_f_cfg.ks (inferred preloaded)
26.16,TAKEOFF,TO_GROUND_ROLL,127.24,80,-47.24,4.1,-0.61,1.41,1.67,89.95,0.104,1,0,0,0,0,0,0,0,0,0,0,0,0,0,0,90.23,0,1,0,-0.27,0,0,0.1,90,0,0,0,0,0,0,0,0,-0.158,0,0,3,0,0,0,69,0,0,0,90.23,1,-0.158,-0.275,0.0115,1,0,0.0115,0,0,0,0,0,0,2,2,0,0,VALID,0,0,0,0,0,1,0,0,0,0,0,0,0,0,0,0,0,0,0,0,1025.44,1035.72,2,0,0.06,0.06,358,14.29,0.08,0.06,26.04,LANDED,X10-F,0:/Integrated Flight Computer/aircraft/x10_f_cfg.ks (inferred preloaded)
26.44,TAKEOFF,TO_GROUND_ROLL,130.01,80,-50.01,4.1,-0.41,1.41,1.6,89.97,0.11,1,0,0,0,0,0,0,0,0,0,0,0,0,0,0,90.24,0,1,0,-0.18,0,0,0.1,90,0,0,0,0,0,0,0,0,-0.157,0,0,3,0,0,0,69,0,0,0,90.24,1,-0.157,-0.266,0.0117,1,0,0.0117,0,0,0,0,0,0,2,2,0,0,VALID,0,0,0,0,0,1,0,0,0,0,0,0,0,0,0,0,0,0,0,0,1036.2,1046.05,2,0,0.06,0.06,362,14.29,0.08,0.06,26.32,LANDED,X10-F,0:/Integrated Flight Computer/aircraft/x10_f_cfg.ks (inferred preloaded)
26.72,TAKEOFF,TO_GROUND_ROLL,132.82,80,-52.82,4.08,-0.52,1.31,1.54,89.98,0.118,1,0,0,0,0,0,0,0,0,0,0,0,0,0,0,90.24,0,1,0,-0.23,0,0,0.1,90,0,0,0,0,0,0,0,0,-0.156,0,0,3,0,0,0,69,0,0,0,90.24,1,-0.156,-0.264,0.0121,1,0,0.0121,0,0,0,0,0,0,2,2,0,0,VALID,0,0,0,0,0,1,0,0,0,0,0,0,0,0,0,0,0,0,0,0,1047.12,1056.58,2,0,0.06,0.06,366,14.29,0.08,0.06,26.6,LANDED,X10-F,0:/Integrated Flight Computer/aircraft/x10_f_cfg.ks (inferred preloaded)
27,TAKEOFF,TO_GROUND_ROLL,135.65,80,-55.65,4.01,-0.47,1.11,1.32,89.98,0.121,1,0,0,0,0,0,0,0,0,0,0,0,0,0,0,90.24,0,1,0,-0.2,0,0,0.11,90,0,0,0,0,0,0,0,0,-0.155,0,0,3,0,0,0,69,0,0,0,90.24,1,-0.155,-0.265,0.0126,1,0,0.0126,0,0,0,0,0,0,2,2,0,0,VALID,0,0,0,0,0,1,0,0,0,0,0,0,0,0,0,0,0,0,0,0,1058.33,1067.43,2,0,0.06,0.06,370,14.29,0.08,0.06,26.88,LANDED,X10-F,0:/Integrated Flight Computer/aircraft/x10_f_cfg.ks (inferred preloaded)
27.28,TAKEOFF,TO_GROUND_ROLL,138.53,80,-58.53,3.94,-0.49,0.85,1.07,89.98,0.124,1,0,0,0,0,0,0,0,0,0,0,0,0,0,0,90.25,0,1,0,-0.2,0,0,0.11,90,0,0,0,0,0,0,0,0,-0.155,0,0,3,0,0,0,69,0,0,0,90.25,1,-0.155,-0.27,0.013,1,0,0.013,0,0,0,0,0,0,2,2,0,0,VALID,0,0,0,0,0,1,0,0,0,0,0,0,0,0,0,0,0,0,0,0,1069.86,1078.6,2,0,0.06,0.06,374,14.29,0.08,0.06,27.16,LANDED,X10-F,0:/Integrated Flight Computer/aircraft/x10_f_cfg.ks (inferred preloaded)
27.56,TAKEOFF,TO_GROUND_ROLL,141.44,80,-61.44,3.86,-0.49,0.57,0.78,89.97,0.122,1,0,0,0,0,0,0,0,0,0,0,0,0,0,0,90.25,0,1,0,-0.2,0,0,0.11,90,0,0,0,0,0,0,0,0,-0.154,0,0,3,0,0,0,69,0,0,0,90.25,1,-0.154,-0.273,0.0131,1,0,0.0131,0,0,0,0,0,0,2,2,0,0,VALID,0,0,0,0,0,1,0,0,0,0,0,0,0,0,0,0,0,0,0,0,1081.71,1090.13,2,0,0.06,0.06,378,14.29,0.08,0.06,27.44,LANDED,X10-F,0:/Integrated Flight Computer/aircraft/x10_f_cfg.ks (inferred preloaded)
27.84,TAKEOFF,TO_GROUND_ROLL,144.39,80,-64.39,3.78,-0.49,0.32,0.52,89.97,0.118,1,0,0,0,0,0,0,0,0,0,0,0,0,0,0,90.25,0,1,0,-0.19,0,0,0.12,90,0,0,0,0,0,0,0,0,-0.153,0,0,3,0,0,0,69,0,0,0,90.25,1,-0.153,-0.274,0.013,1,0,0.013,0,0,0,0,0,0,2,2,0,0,VALID,0,0,0,0,0,1,0,0,0,0,0,0,0,0,0,0,0,0,0,0,1093.89,1102,2,0,0.06,0.06,382,14.29,0.08,0.06,27.72,LANDED,X10-F,0:/Integrated Flight Computer/aircraft/x10_f_cfg.ks (inferred preloaded)
28.12,TAKEOFF,TO_GROUND_ROLL,147.37,80,-67.37,3.73,-0.49,0.13,0.33,89.98,0.113,1,0,0,0,0,0,0,0,0,0,0,0,0,0,0,90.24,0,1,0,-0.19,0,0,0.12,90,0,0,0,0,0,0,0,0,-0.153,0,0,3,0,0,0,69,0,0,0,90.24,1,-0.153,-0.27,0.0125,1,0,0.0125,0,0,0,0,0,0,2,2,0,0,VALID,0,0,0,0,0,1,0,0,0,0,0,0,0,0,0,0,0,0,0,0,1106.42,1114.23,2,0,0.06,0.06,386,14.29,0.08,0.06,28,LANDED,X10-F,0:/Integrated Flight Computer/aircraft/x10_f_cfg.ks (inferred preloaded)
28.4,TAKEOFF,TO_GROUND_ROLL,150.4,80,-70.4,3.7,-0.48,0.03,0.21,89.98,0.107,1,0,0,0,0,0,0,0,0,0,0,0,0,0,0,90.24,0,1,0,-0.18,0,0,0.13,90,0,0,0,0,0,0,0,0,-0.152,0,0,3,0,0,0,69,0,0,0,90.24,1,-0.152,-0.26,0.0116,1,0,0.0116,0,0,0,0,0,0,2,2,0,0,VALID,0,0,0,0,0,1,0,0,0,0,0,0,0,0,0,0,0,0,0,0,1119.3,1126.83,2,0,0.06,0.06,390,14.29,0.08,0.06,28.28,LANDED,X10-F,0:/Integrated Flight Computer/aircraft/x10_f_cfg.ks (inferred preloaded)
28.68,TAKEOFF,TO_GROUND_ROLL,153.46,80,-73.46,3.67,-0.58,0.01,0.22,89.99,0.099,1,0,0,0,0,0,0,0,0,0,0,0,0,0,0,90.24,0,1,0,-0.21,0,0,0.13,90,0,0,0,0,0,0,0,0,-0.152,0,0,3,0,0,0,69,0,0,0,90.24,1,-0.152,-0.244,0.0104,1,0,0.0104,0,0,0,0,0,0,2,2,0,0,VALID,0,0,0,0,0,1,0,0,0,0,0,0,0,0,0,0,0,0,0,0,1132.49,1139.76,2,0,0.06,0.06,394,14.29,0.08,0.06,28.56,LANDED,X10-F,0:/Integrated Flight Computer/aircraft/x10_f_cfg.ks (inferred preloaded)
28.96,TAKEOFF,TO_GROUND_ROLL,156.53,80,-76.53,3.68,-0.43,0.06,0.21,90.01,0.093,1,0,0,0,0,0,0,0,0,0,0,0,0,0,0,90.24,0,1,0,-0.16,0,0,0.13,90,0,0,0,0,0,0,0,0,-0.152,0,0,3,0,0,0,69,0,0,0,90.24,1,-0.152,-0.226,0.0094,1,0,0.0094,0,0,0,0,0,0,2,2,0,0,VALID,0,0,0,0,0,1,0,0,0,0,0,0,0,0,0,0,0,0,0,0,1145.93,1152.94,2,0,0.06,0.06,398,14.29,0.08,0.06,28.84,LANDED,X10-F,0:/Integrated Flight Computer/aircraft/x10_f_cfg.ks (inferred preloaded)
29.24,TAKEOFF,TO_GROUND_ROLL,159.67,80,-79.67,3.7,-0.49,0.08,0.25,90.03,0.093,1,0,0,0,0,0,0,0,0,0,0,0,0,0,0,90.23,0,1,0,-0.18,0,0,0.14,90,0,0,0,0,0,0,0,0,-0.153,0,0,3,0,0,0,69,0,0,0,90.23,1,-0.153,-0.205,0.0081,1,0,0.0081,0,0,0,0,0,0,2,2,0,0,VALID,0,0,0,0,0,1,0,0,0,0,0,0,0,0,0,0,0,0,0,0,1159.83,1166.61,2,0,0.06,0.06,402,14.29,0.08,0.06,29.12,LANDED,X10-F,0:/Integrated Flight Computer/aircraft/x10_f_cfg.ks (inferred preloaded)
29.54,TAKEOFF,TO_ROTATE,163.08,80,-83.08,3.7,-0.36,0.13,0.26,90.05,0.09,1,0,0,0,0,0,0,0,0,0,0,0,0,0,0,90.23,0.811,1,0,-0.13,0,0,0.14,90,0,0,0,0,0,0,0,0,-0.154,0,0,3,0,0,0,69,0,0,0,90.23,1,-0.154,-0.186,0.0075,1,0,0.0075,0,0.1684,0.811,0.68,0.08,0,2,2,0,0,VALID,0,0,0,0,0,1,0,0,0,0,0,0,0,0,0,0,0,0,0,0,1175.15,1181.69,2,0,0.06,0.06,406,13.33,0.08,0.06,29.4,LANDED,X10-F,0:/Integrated Flight Computer/aircraft/x10_f_cfg.ks (inferred preloaded)
29.82,TAKEOFF,TO_ROTATE,166.29,80,-86.29,3.8,-0.43,0.35,0.48,90.07,0.099,1,0,0,0,0,0,0,0,0,0,0,0,0,0,0,90.23,1.819,1,0,-0.14,0,0,0.15,90,0,0,0,0,0,0,0,0,-0.157,0,0,3,0,0,0,69,0,0,0,90.23,1,-0.157,-0.168,0.0067,1,0,0.0067,0,0.2716,1.819,1.474,0.08,0,2,2,0,0,VALID,0,0,0,0,0,1,0,0,0,0,0,0,0,0,0,0,0,0,0,0,1189.76,1196.1,2,0,0.06,0.06,410,14.29,0.08,0.06,29.68,LANDED,X10-F,0:/Integrated Flight Computer/aircraft/x10_f_cfg.ks (inferred preloaded)
30.12,TAKEOFF,TO_ROTATE,169.79,80,-89.79,3.98,-0.49,0.97,1.13,90.08,0.103,1,0,0,0,0,0,0,0,0,0,0,0,0,0,0,90.23,2.899,1,0,-0.17,0,0,0.15,90,0,0,0,0,0,0,0,0,-0.16,0,0,3,0,0,0,69,0,0,0,90.23,1,-0.16,-0.151,0.0062,1,0,0.0062,0,0.3312,2.899,1.932,0.08,0,2,2,0,0,VALID,0,0,0,0,0,1,0,0,0,0,0,0,0,0,0,0,0,0,0,0,1205.9,1212.03,2,0,0.06,0.06,414,13.33,0.1,0.06,29.98,LANDED,X10-F,0:/Integrated Flight Computer/aircraft/x10_f_cfg.ks (inferred preloaded)
30.4,TAKEOFF,TO_ROTATE,173.08,80,-93.08,4.28,-0.41,1.94,2.08,90.09,0.112,1,0,0,0,0,0,0,0,0,0,0,0,0,0,0,90.23,3.907,1,0,-0.13,0,0,0.16,90,0,0,0,0,0,0,0,0,-0.164,0,0,3,0,0,0,69,0,0,0,90.23,1,-0.164,-0.147,0.0068,1,0,0.0068,0,0.3353,3.907,1.964,0.08,0,2,2,0,0,VALID,0,0,0,0,0,1,0,0,0,0,0,0,0,0,0,0,0,0,0,0,1221.3,1227.22,2,0,0.06,0.06,418,14.29,0.08,0.06,30.26,LANDED,X10-F,0:/Integrated Flight Computer/aircraft/x10_f_cfg.ks (inferred preloaded)
30.68,TAKEOFF,TO_ROTATE,176.39,80,-96.39,4.62,-0.46,3.12,3.26,90.08,0.14,1,0,0,0,0,0,0,0,0,0,0,0,0,0,0,90.24,4.915,1,0,-0.15,0,0,0.16,90,0,0,0,0,0,0,0,0,-0.168,0,0,3,0,0,0,69,0,0,0,90.24,1,-0.168,-0.151,0.0076,1,0,0.0076,0,0.3137,4.915,1.798,0.08,0,2,2,0,0,VALID,0,0,0,0,0,1,0,0,0,0,0,0,0,0,0,0,0,0,0,0,1236.96,1242.7,2,0,0.06,0.06,422,14.29,0.08,0.06,30.54,LANDED,X10-F,0:/Integrated Flight Computer/aircraft/x10_f_cfg.ks (inferred preloaded)
30.96,TAKEOFF,TO_ROTATE,179.69,80,-99.69,4.97,-0.24,4.23,4.31,90.09,0.227,1,0,0,0,0,0,0,0,0,0,0,0,0,0,0,90.22,5.923,1,0,-0.08,0,0,0.17,90,0,0,0,0,0,0,0,0,-0.173,0,0,3,0,0,0,69,0,0,0,90.22,1,-0.173,-0.13,0.0052,1,0,0.0052,0,0.3003,5.923,1.694,0.08,0,2,2,0,0,VALID,0,0,0,0,0,1,0,0,0,0,0,0,0,0,0,0,0,0,0,0,1252.81,1258.36,2,0,0.06,0.06,426,14.29,0.08,0.06,30.82,LANDED,X10-F,0:/Integrated Flight Computer/aircraft/x10_f_cfg.ks (inferred preloaded)
31.24,TAKEOFF,TO_ROTATE,182.98,80,-102.98,5.37,0.05,5.19,5.17,90.11,0.288,1,0,0,0,0,0,0,0,0,0,0,0,0,0,0,90.21,6.931,1,0,0.02,0,0,0.17,90,0,0,0,0,0,0,0,0,-0.177,0,0,3,0,0,0,69,0,0,0,90.21,1,-0.177,-0.105,0.0037,1,0,0.0037,0,0.306,6.931,1.738,0.08,0,2,2,0,0,VALID,0,0,0,0,0,1,0,0,0,0,0,0,0,0,0,0,0,0,0,0,1268.76,1274.13,2,0,0.06,0.06,430,14.29,0.08,0.06,31.1,LANDED,X10-F,0:/Integrated Flight Computer/aircraft/x10_f_cfg.ks (inferred preloaded)
31.5,TAKEOFF,TO_ROTATE,186.01,80,-106.01,5.72,-0.02,6.13,6.09,90.12,0.113,1,0,0,0,0,0,0,0,0,0,0,0,0,0,0,90.4,7.939,0,1,-0.01,0,0,7.72,90.4,0.7348,-0.0068,-0.6783,7.94,90.4,0,0,0,0,0,0,3,0,0,0,69,0,0,0,90.4,1,0,-0.279,0,0,3,0,0,0,7.939,1.805,0,0,2,2,0,0,VALID,0,0,0,0,0,1,0,0,0,0,0,0,0,0,0,0,0,0,0,0,1283.62,1288.82,2,0,0.06,0.06,434,15.38,0.08,0.06,31.36,FLYING,X10-F,0:/Integrated Flight Computer/aircraft/x10_f_cfg.ks (inferred preloaded)
31.76,TAKEOFF,TO_ROTATE,189,80,-109,6.12,-0.07,7.16,7.06,90.15,0.366,1,0,0,0,0,0,0,0,0,0,0,0,0,0,0,90.4,8.875,0,1,-0.02,0,0,8.73,90.4,0.7236,-0.0068,-0.6901,8.88,90.4,0,0,0,0,0,0,3,0,0,0,69,0,0,0,90.4,1,0,-0.253,0,0,3,0,0,0,8.875,1.719,0,0,2,2,0,0,VALID,0,0,0,0,0,1,0,0,0,0,0,0,0,0,0,0,0,0,0,0,1298.44,1303.48,2,0,0.04,0.04,438,15.38,0.08,0.04,31.62,FLYING,X10-F,0:/Integrated Flight Computer/aircraft/x10_f_cfg.ks (inferred preloaded)
32.04,TAKEOFF,TO_ROTATE,192.12,80,-112.12,6.97,0.16,9.68,9.41,90.22,0.633,1,0,0,0,0,0,0,0,0,0,0,0,0,0,0,90.4,9.883,0,1,0.05,0,0,9.67,90.4,0.7114,-0.0068,-0.7027,9.88,90.4,0,0,0,0,0,0,3,0,0,0,69,0,0,0,90.4,1,0,-0.182,0,0,3,0,0,0,9.883,0.201,0,0,2,2,0,0,VALID,0,0,0,0,0,1,0,0,0,0,0,0,0,0,0,0,0,0,0,0,1314.09,1318.9,2,0,0.06,0.06,442,14.29,0.08,0.04,31.9,FLYING,X10-F,0:/Integrated Flight Computer/aircraft/x10_f_cfg.ks (inferred preloaded)
32.3,TAKEOFF,TO_ROTATE,194.73,80,-114.73,8.41,1.33,13.66,12.96,90.3,0.74,1,0,0,0,0,0,0,0,0,0,0,0,0,0,0,90.4,10.819,0,1,0.39,0,0,10.68,90.4,0.6999,-0.0067,-0.7142,10.82,90.4,0,0,0,0,0,0,3,0,0,0,69,0,0,0,90.4,1,0,-0.099,0,0,3,0,0,0,10.819,-2.839,0,0,2,2,0,0,VALID,0,0,0,0,0,1,0,0,0,0,0,0,0,0,0,0,0,0,0,0,1327.46,1331.98,2,0,0.04,0.04,446,15.38,0.08,0.04,32.16,FLYING,X10-F,0:/Integrated Flight Computer/aircraft/x10_f_cfg.ks (inferred preloaded)
32.58,TAKEOFF,TO_ROTATE,196.86,80,-116.86,10.64,5.3,18,16.35,90.39,0.776,1,0,0,0,0,0,0,0,0,0,0,0,0,0,0,90.4,11.5,0,1,1.54,0,0,11.5,90.4,0.6915,-0.0067,-0.7224,11.5,90.4,0,0,0,0,0,0,3,0,0,0,69,0,0,0,90.4,1,0,-0.014,0,0,3,0,0,0,11.5,-6.495,0,0,2,2,0,0,VALID,0,0,0,0,0,1,0,0,0,0,0,0,0,0,0,0,0,0,0,0,1338.72,1342.7,2,0,0.06,0.06,450,14.29,0.08,0.04,32.44,FLYING,X10-F,0:/Integrated Flight Computer/aircraft/x10_f_cfg.ks (inferred preloaded)
32.86,TAKEOFF,TO_CLIMB,198.08,80,-118.08,13.37,10.09,19.54,16.71,90.42,0.788,0.976,0,0,0,0,0,0,0,0,0,0,0,0,0,0,90.4,19.279,0,1,2.92,0,0,11.5,90.4,0.5874,-0.0063,-0.8093,19.28,90.4,0,0,0,0,0,0,3,0,0,0,69,0,0,0,90.4,1,0,0.023,0,0,3,0,0,0,11.5,-7.947,0,0,1,1,0,0,VALID,0,0,0,0,0,1,0,0,0,0,0,0,0,0,0,0,0,0,0,0,1345.1,1348.71,2,0,0.06,0.06,454,14.29,0.08,0.06,32.74,FLYING,X10-F,0:/Integrated Flight Computer/aircraft/x10_f_cfg.ks (inferred preloaded)
33.16,TAKEOFF,TO_CLIMB,199.55,80,-119.55,17.18,13.96,19.62,15.67,90.41,0.677,0.856,0,0,0,0,0,0,0,0,0,0,0,0,0,0,90.4,18.439,0,1,4,0,0,18.61,90.4,0.5993,-0.0064,-0.8005,18.44,90.4,0,0,0,0,0,0,3,0,0,0,69,0,0,0,90.4,1,0,0.011,0,0,3,0,0,0,11.5,-7.947,0,0,1,1,0,0,VALID,0,0,0,0,0,1,0,0,0,0,0,0,0,0,0,0,0,0,0,0,1344.73,1355.85,2,0,0.06,0.06,459,16.67,0.08,0.04,33.02,FLYING,X10-F,0:/Integrated Flight Computer/aircraft/x10_f_cfg.ks (inferred preloaded)
33.44,TAKEOFF,TO_CLIMB,201.23,80,-121.23,21.93,16.98,20.68,15.81,90.41,0.599,0.82,0,0,0,0,0,0,0,0,0,0,0,0,0,0,90.4,17.655,0,1,4.82,0,0,17.77,90.4,0.6103,-0.0064,-0.7922,17.66,90.4,0,0,0,0,0,0,3,0,0,0,69,0,0,0,90.4,1,0,0.006,0,0,3,0,0,0,11.5,-7.947,0,0,1,1,0,0,VALID,0,0,0,0,0,1,0,0,0,0,0,0,0,0,0,0,0,0,0,0,1333.29,1364.05,2,0,0.04,0.04,464,17.86,0.08,0.04,33.3,FLYING,X10-F,0:/Integrated Flight Computer/aircraft/x10_f_cfg.ks (inferred preloaded)
33.7,TAKEOFF,TO_CLIMB,202.66,80,-122.66,27.39,19.92,22.75,17.02,90.42,0.554,0.82,0,0,0,0,0,0,0,0,0,0,0,0,0,0,90.4,16.927,0,1,5.61,0,0,17.15,90.4,0.6203,-0.0065,-0.7843,16.93,90.4,0,0,0,0,0,0,3,0,0,0,69,0,0,0,90.4,1,0,0.022,0,0,3,0,0,0,11.5,-7.947,0,0,1,1,0,0,VALID,0,0,0,0,0,1,0,0,0,0,0,0,0,0,0,0,0,0,0,0,1321.24,1370.95,2,0,0.08,0.08,468,15.38,0.08,0.04,33.56,FLYING,X10-F,0:/Integrated Flight Computer/aircraft/x10_f_cfg.ks (inferred preloaded)
33.98,TAKEOFF,TO_CLIMB,203.73,80,-123.73,34.34,24.16,25.34,18.51,90.45,0.526,0.82,0,0,0,0,0,0,0,0,0,0,0,0,0,0,90.4,16.143,0,1,6.76,0,0,16.37,90.4,0.6311,-0.0065,-0.7757,16.14,90.4,0,0,0,0,0,0,3,0,0,0,69,0,0,0,90.4,1,0,0.049,0,0,3,0,0,0,11.5,-7.947,0,0,1,1,0,0,VALID,0,0,0,0,0,1,0,0,0,0,0,0,0,0,0,0,0,0,0,0,1307.76,1375.98,2,0,0.08,0.08,472,14.29,0.08,0.06,33.84,FLYING,X10-F,0:/Integrated Flight Computer/aircraft/x10_f_cfg.ks (inferred preloaded)
34.26,TAKEOFF,TO_CLIMB,204.24,80,-124.24,42.24,29.52,26.45,18.32,90.46,0.513,0.82,0,0,0,0,0,0,0,0,0,0,0,0,0,0,90.4,15.359,0,1,8.22,0,0,15.58,90.4,0.6417,-0.0065,-0.7669,15.36,90.4,0,0,0,0,0,0,3,0,0,0,69,0,0,0,90.4,1,0,0.064,0,0,3,0,0,0,11.5,-7.947,0,0,1,1,0,0,VALID,0,0,0,0,0,1,0,0,0,0,0,0,0,0,0,0,0,0,0,0,1292.98,1377.93,2,0,0.08,0.08,476,14.29,0.08,0.06,34.12,FLYING,X10-F,0:/Integrated Flight Computer/aircraft/x10_f_cfg.ks (inferred preloaded)
34.54,TAKEOFF,TO_CLIMB,204.46,80,-124.46,50.83,34.21,24.49,15.18,90.45,0.508,0.82,0,0,0,0,0,0,0,0,0,0,0,0,0,0,90.4,14.575,0,1,9.5,0,0,14.8,90.4,0.6522,-0.0066,-0.758,14.58,90.4,0,0,0,0,0,0,3,0,0,0,69,0,0,0,90.4,1,0,0.046,0,0,3,0,0,0,11.5,-7.947,0,0,1,1,0,0,VALID,0,0,0,0,0,1,0,0,0,0,0,0,0,0,0,0,0,0,0,0,1277.8,1378.24,2,0,0.08,0.08,480,14.29,0.08,0.06,34.4,FLYING,X10-F,0:/Integrated Flight Computer/aircraft/x10_f_cfg.ks (inferred preloaded)
34.82,TAKEOFF,TO_CLIMB,205.75,80,-125.75,60.22,37.22,21.64,11.52,90.42,0.51,0.82,0,0,0,0,0,0,0,0,0,0,0,0,0,0,90.4,13.791,0,1,10.25,0,0,14.02,90.4,0.6626,-0.0066,-0.7489,13.79,90.4,0,0,0,0,0,0,3,0,0,0,69,0,0,0,90.4,1,0,0.024,0,0,3,0,0,0,11.5,-7.947,0,0,1,1,0,0,VALID,0,0,0,0,0,1,0,0,0,0,0,0,0,0,0,0,0,0,0,0,1268.85,1383.91,2,0,0.08,0.08,484,14.29,0.08,0.06,34.68,FLYING,X10-F,0:/Integrated Flight Computer/aircraft/x10_f_cfg.ks (inferred preloaded)
35.1,TAKEOFF,TO_CLIMB,207.72,80,-127.72,70.52,38.59,20.13,9.56,90.41,0.489,0.82,0,0,0,0,0,0,0,0,0,0,0,0,0,0,90.4,13.007,0,1,10.52,0,0,13.23,90.4,0.6729,-0.0066,-0.7397,13.01,90.4,0,0,0,0,0,0,3,0,0,0,69,0,0,0,90.4,1,0,0.014,0,0,3,0,0,0,11.5,-7.947,0,0,1,1,0,0,VALID,0,0,0,0,0,1,0,0,0,0,0,0,0,0,0,0,0,0,0,0,1264.49,1393.15,2,0,0.08,0.08,488,14.29,0.08,0.06,34.96,FLYING,X10-F,0:/Integrated Flight Computer/aircraft/x10_f_cfg.ks (inferred preloaded)
35.38,TAKEOFF,TO_CLIMB,209.87,80,-129.87,81.54,40.77,19.62,8.63,90.41,0.49,0.82,0,0,0,0,0,0,0,0,0,0,0,0,0,0,90.4,12.223,0,1,10.99,0,0,12.45,90.4,0.683,-0.0067,-0.7304,12.22,90.4,0,0,0,0,0,0,3,0,0,0,69,0,0,0,90.4,1,0,0.015,0,0,3,0,0,0,11.5,-7.947,0,0,1,1,0,0,VALID,0,0,0,0,0,1,0,0,0,0,0,0,0,0,0,0,0,0,0,0,1262.14,1403.31,2,0,0.08,0.08,492,14.29,0.08,0.06,35.24,FLYING,X10-F,0:/Integrated Flight Computer/aircraft/x10_f_cfg.ks (inferred preloaded)
35.66,TAKEOFF,TO_CLIMB,212.15,80,-132.15,92.82,42.24,18.1,6.84,90.41,0.501,0.82,0,0,0,0,0,0,0,0,0,0,0,0,0,0,90.4,11.439,0,1,11.26,0,0,11.66,90.4,0.693,-0.0067,-0.7209,11.44,90.4,0,0,0,0,0,0,3,0,0,0,69,0,0,0,90.4,1,0,0.009,0,0,3,0,0,0,11.5,-7.947,0,0,1,1,0,0,VALID,0,0,0,0,0,1,0,0,0,0,0,0,0,0,0,0,0,0,0,0,1261.25,1414.19,2,0,0.08,0.08,496,14.29,0.08,0.06,35.52,FLYING,X10-F,0:/Integrated Flight Computer/aircraft/x10_f_cfg.ks (inferred preloaded)
35.94,TAKEOFF,TO_CLIMB,214.72,80,-134.72,104.41,42.95,16.71,5.37,90.39,0.419,0.82,0,0,0,0,0,0,0,0,0,0,0,0,0,0,90.4,10.655,0,1,11.31,0,0,10.88,90.4,0.7029,-0.0067,-0.7113,10.66,90.4,0,0,0,0,0,0,3,0,0,0,69,0,0,0,90.4,1,0,-0.008,0,0,3,0,0,0,11.5,-7.947,0,0,1,1,0,0,VALID,0,0,0,0,0,1,0,0,0,0,0,0,0,0,0,0,0,0,0,0,1262.61,1426.63,2,0,0.08,0.08,500,14.29,0.08,0.06,35.8,FLYING,X10-F,0:/Integrated Flight Computer/aircraft/x10_f_cfg.ks (inferred preloaded)
36.22,TAKEOFF,TO_CLIMB,217.45,80,-137.45,116.16,43.25,15.41,4.11,90.39,0.49,0.82,0,0,0,0,0,0,0,0,0,0,0,0,0,0,90.4,9.871,0,1,11.25,0,0,10.1,90.4,0.7126,-0.0068,-0.7015,9.87,90.4,0,0,0,0,0,0,3,0,0,0,69,0,0,0,90.4,1,0,-0.009,0,0,3,0,0,0,11.5,-7.947,0,0,1,1,0,0,VALID,0,0,0,0,0,1,0,0,0,0,0,0,0,0,0,0,0,0,0,0,1265.54,1439.99,2,0,0.08,0.08,504,14.29,0.08,0.06,36.08,FLYING,X10-F,0:/Integrated Flight Computer/aircraft/x10_f_cfg.ks (inferred preloaded)
36.5,TAKEOFF,TO_CLIMB,220.32,80,-140.32,127.96,43.19,14.19,3.05,90.39,0.571,0.82,0,0,0,0,0,0,0,0,0,0,0,0,0,0,90.4,9.087,0,1,11.09,0,0,9.31,90.4,0.7222,-0.0068,-0.6917,9.09,90.4,0,0,0,0,0,0,3,0,0,0,69,0,0,0,90.4,1,0,-0.008,0,0,3,0,0,0,11.5,-7.947,0,0,1,1,0,0,VALID,0,0,0,0,0,1,0,0,0,0,0,0,0,0,0,0,0,0,0,0,1269.86,1454.15,2,0,0.08,0.08,508,14.29,0.08,0.06,36.36,FLYING,X10-F,0:/Integrated Flight Computer/aircraft/x10_f_cfg.ks (inferred preloaded)
36.78,TAKEOFF,TO_CLIMB,223.27,80,-143.27,139.68,42.83,12.89,1.98,90.39,0.665,0.82,0,0,0,0,0,0,0,0,0,0,0,0,0,0,90.4,8.303,0,1,10.86,0,0,8.53,90.4,0.7317,-0.0068,-0.6816,8.3,90.4,0,0,0,0,0,0,3,0,0,0,69,0,0,0,90.4,1,0,-0.009,0,0,3,0,0,0,11.5,-7.947,0,0,1,1,0,0,VALID,0,0,0,0,0,1,0,0,0,0,0,0,0,0,0,0,0,0,0,0,1275.31,1468.9,2,0,0.08,0.08,512,14.29,0.08,0.06,36.64,FLYING,X10-F,0:/Integrated Flight Computer/aircraft/x10_f_cfg.ks (inferred preloaded)
37.06,TAKEOFF,TO_CLIMB,226.31,80,-146.31,151.24,41.96,11.79,1.22,90.39,0.745,0.82,0,0,0,0,0,0,0,0,0,0,0,0,0,0,90.4,7.519,0,1,10.5,0,0,7.74,90.4,0.741,-0.0068,-0.6715,7.52,90.4,0,0,0,0,0,0,3,0,0,0,69,0,0,0,90.4,1,0,-0.012,0,0,3,0,0,0,11.5,-7.947,0,0,1,1,0,0,VALID,0,0,0,0,0,1,0,0,0,0,0,0,0,0,0,0,0,0,0,0,1281.78,1484.19,2,0,0.08,0.08,516,14.29,0.08,0.06,36.92,FLYING,X10-F,0:/Integrated Flight Computer/aircraft/x10_f_cfg.ks (inferred preloaded)
37.34,TAKEOFF,TO_CLIMB,229.41,80,-149.41,162.52,40.93,10.61,0.44,90.38,0.874,0.82,0,0,0,0,0,0,0,0,0,0,0,0,0,0,90.4,7,0,1,10.12,0,0,7,90.4,0.7471,-0.0068,-0.6647,7,90.4,0,0,0,0,0,0,3,0,0,0,69,0,0,0,90.4,1,0,-0.017,0,0,3,0,0,0,11.5,-7.947,0,0,1,1,0,0,VALID,0,0,0,0,0,1,0,0,0,0,0,0,0,0,0,0,0,0,0,0,1289.17,1499.97,2,0,0.08,0.08,520,14.29,0.08,0.06,37.2,FLYING,X10-F,0:/Integrated Flight Computer/aircraft/x10_f_cfg.ks (inferred preloaded)
37.62,TAKEOFF,TO_CLIMB,232.58,80,-152.58,173.56,39.22,10.02,0.33,90.39,0.971,0.82,0,0,0,0,0,0,0,0,0,0,0,0,0,0,90.4,7,0,1,9.57,0,0,7,90.4,0.7472,-0.0068,-0.6646,7,90.4,0,0,0,0,0,0,3,0,0,0,69,0,0,0,90.4,1,0,-0.015,0,0,3,0,0,0,11.5,-7.947,0,0,1,1,0,0,VALID,0,0,0,0,0,1,0,0,0,0,0,0,0,0,0,0,0,0,0,0,1297.44,1516.23,2,0,0.08,0.08,524,14.29,0.08,0.06,37.48,FLYING,X10-F,0:/Integrated Flight Computer/aircraft/x10_f_cfg.ks (inferred preloaded)
37.9,TAKEOFF,TO_CLIMB,235.8,80,-155.8,184.37,38.05,10.06,0.78,90.39,0.897,0.82,0,0,0,0,0,0,0,0,0,0,0,0,0,0,90.4,7,0,1,9.17,0,0,7,90.4,0.7473,-0.0068,-0.6645,7,90.4,0,0,0,0,0,0,3,0,0,0,69,0,0,0,90.4,1,0,-0.005,0,0,3,0,0,0,11.5,-7.947,0,0,1,1,0,0,VALID,0,0,0,0,0,1,0,0,0,0,0,0,0,0,0,0,0,0,0,0,1306.53,1532.99,2,0,0.08,0.08,528,14.29,0.08,0.06,37.76,FLYING,X10-F,0:/Integrated Flight Computer/aircraft/x10_f_cfg.ks (inferred preloaded)
38.18,TAKEOFF,TO_CLIMB,239.09,80,-159.09,194.92,37.08,10.18,1.25,90.4,0.739,0.82,0,0,0,0,0,0,0,0,0,0,0,0,0,0,90.4,7,0,1,8.82,0,0,7,90.4,0.7473,-0.0068,-0.6644,7,90.4,0,0,0,0,0,0,3,0,0,0,69,0,0,0,90.4,1,0,0.002,0,0,3,0,0,0,11.5,-7.947,0,0,1,1,0,0,VALID,0,0,0,0,0,1,0,0,0,0,0,0,0,0,0,0,0,0,0,0,1316.42,1550.21,2,0,0.08,0.08,532,14.29,0.08,0.06,38.04,FLYING,X10-F,0:/Integrated Flight Computer/aircraft/x10_f_cfg.ks (inferred preloaded)
38.46,TAKEOFF,TO_CLIMB,242.42,80,-162.42,205.23,36.36,10.27,1.64,90.41,0.568,0.82,0,0,0,0,0,0,0,0,0,0,0,0,0,0,90.4,7,0,1,8.53,0,0,7,90.4,0.7474,-0.0068,-0.6643,7,90.4,0,0,0,0,0,0,3,0,0,0,69,0,0,0,90.4,1,0,0.006,0,0,3,0,0,0,11.5,-7.947,0,0,1,1,0,0,VALID,0,0,0,0,0,1,0,0,0,0,0,0,0,0,0,0,0,0,0,0,1326.97,1567.8,2,0,0.08,0.08,536,14.29,0.08,0.06,38.32,FLYING,X10-F,0:/Integrated Flight Computer/aircraft/x10_f_cfg.ks (inferred preloaded)
38.74,TAKEOFF,TO_CLIMB,245.79,80,-165.79,215.3,35.79,10.33,1.96,90.41,0.414,0.82,0,0,0,0,0,0,0,0,0,0,0,0,0,0,90.4,7,0,1,8.28,0,0,7,90.4,0.7475,-0.0068,-0.6643,7,90.4,0,0,0,0,0,0,3,0,0,0,69,0,0,0,90.4,1,0,0.008,0,0,3,0,0,0,11.5,-7.947,0,0,1,1,0,0,VALID,0,0,0,0,0,1,0,0,0,0,0,0,0,0,0,0,0,0,0,0,1338.13,1585.75,2,0,0.08,0.08,540,14.29,0.08,0.06,38.6,FLYING,X10-F,0:/Integrated Flight Computer/aircraft/x10_f_cfg.ks (inferred preloaded)
39.02,TAKEOFF,TO_CLIMB,249.21,80,-169.21,225.23,35.34,10.34,2.18,90.41,0.284,0.82,0,0,0,0,0,0,0,0,0,0,0,0,0,0,90.4,7,0,1,8.07,0,0,7,90.4,0.7476,-0.0068,-0.6642,7,90.4,0,0,0,0,0,0,3,0,0,0,69,0,0,0,90.4,1,0,0.007,0,0,3,0,0,0,11.5,-7.947,0,0,1,1,0,0,VALID,0,0,0,0,0,1,0,0,0,0,0,0,0,0,0,0,0,0,0,0,1349.88,1604.05,2,0,0.08,0.08,544,14.29,0.08,0.06,38.88,FLYING,X10-F,0:/Integrated Flight Computer/aircraft/x10_f_cfg.ks (inferred preloaded)
39.3,TAKEOFF,TO_CLIMB,252.68,80,-172.68,235.03,35.05,10.33,2.35,90.41,0.18,0.82,0,0,0,0,0,0,0,0,0,0,0,0,0,0,90.4,7,0,1,7.9,0,0,7,90.4,0.7476,-0.0068,-0.6641,7,90.4,0,0,0,0,0,0,3,0,0,0,69,0,0,0,90.4,1,0,0.006,0,0,3,0,0,0,11.5,-7.947,0,0,0,0,0,0,VALID,0,0,0,0,0,1,0,0,0,0,0,0,0,0,0,0,0,0,0,0,1362.19,1622.7,2,0,0.08,0.08,548,14.29,0.08,0.06,39.18,FLYING,X10-F,0:/Integrated Flight Computer/aircraft/x10_f_cfg.ks (inferred preloaded)
39.58,TAKEOFF,TO_CLIMB,256.19,80,-176.19,244.78,34.78,10.35,2.51,90.4,0.099,0.82,0,0,0,0,0,0,0,0,0,0,0,0,0,0,90.4,7,0,1,7.73,0,0,7,90.4,0.7477,-0.0068,-0.664,7,90.4,0,0,0,0,0,0,3,0,0,0,69,0,0,0,90.4,1,0,0.005,0,0,3,0,0,0,11.5,-7.947,0,0,0,0,0,0,VALID,0,0,0,0,0,1,0,0,0,0,0,0,0,0,0,0,0,0,0,0,1375.07,1641.75,2,0,0.08,0.08,552,14.29,0.08,0.06,39.44,FLYING,X10-F,0:/Integrated Flight Computer/aircraft/x10_f_cfg.ks (inferred preloaded)
39.86,TAKEOFF,TO_CLIMB,259.78,80,-179.78,254.47,34.62,10.43,2.74,90.4,0.041,0.82,0,0,0,0,0,0,0,0,0,0,0,0,0,0,90.4,7,0,1,7.59,0,0,7,90.4,0.7478,-0.0068,-0.6639,7,90.4,0,0,0,0,0,0,3,0,0,0,69,0,0,0,90.4,1,0,0.004,0,0,3,0,0,0,11.5,-7.947,0,0,0,0,0,0,VALID,0,0,0,0,0,1,0,0,0,0,0,0,0,0,0,0,0,0,0,0,1388.58,1661.29,2,0,0.08,0.08,556,14.29,0.08,0.06,39.72,FLYING,X10-F,0:/Integrated Flight Computer/aircraft/x10_f_cfg.ks (inferred preloaded)
40.14,TAKEOFF,TO_CLIMB,263.43,80,-183.43,264.11,34.62,10.49,2.91,90.4,-0.002,0.82,0,0,0,0,0,0,0,0,0,0,0,0,0,0,90.4,7,0,1,7.49,0,0,7,90.4,0.7479,-0.0068,-0.6638,7,90.4,0,0,0,0,0,0,3,0,0,0,69,0,0,0,90.4,1,0,0.003,0,0,3,0,0,0,11.5,-7.947,0,0,0,0,0,0,VALID,0,0,0,0,0,1,0,0,0,0,0,0,0,0,0,0,0,0,0,0,1402.71,1681.32,2,0,0.08,0.08,560,14.29,0.08,0.06,40,FLYING,X10-F,0:/Integrated Flight Computer/aircraft/x10_f_cfg.ks (inferred preloaded)
40.42,TAKEOFF,TO_CLIMB,267.16,80,-187.16,273.75,34.61,10.6,3.12,90.4,-0.027,0.82,0,0,0,0,0,0,0,0,0,0,0,0,0,0,90.4,7,0,1,7.38,0,0,7,90.4,0.7479,-0.0068,-0.6637,7,90.4,0,0,0,0,0,0,3,0,0,0,69,0,0,0,90.4,1,0,0.001,0,0,3,0,0,0,11.5,-7.947,0,0,0,0,0,0,VALID,0,0,0,0,0,1,0,0,0,0,0,0,0,0,0,0,0,0,0,0,1417.42,1701.84,2,0,0.08,0.08,564,14.29,0.08,0.06,40.28,FLYING,X10-F,0:/Integrated Flight Computer/aircraft/x10_f_cfg.ks (inferred preloaded)
40.7,TAKEOFF,TO_CLIMB,270.95,80,-190.95,283.39,34.69,10.75,3.34,90.4,-0.029,0.82,0,0,0,0,0,0,0,0,0,0,0,0,0,0,90.4,7,0,1,7.3,0,0,7,90.4,0.748,-0.0068,-0.6636,7,90.4,0,0,0,0,0,0,3,0,0,0,69,0,0,0,90.4,1,0,0,0,0,3,0,0,0,11.5,-7.947,0,0,0,0,0,0,VALID,0,0,0,0,0,1,0,0,0,0,0,0,0,0,0,0,0,0,0,0,1432.68,1722.81,2,0,0.08,0.08,568,14.29,0.08,0.06,40.56,FLYING,X10-F,0:/Integrated Flight Computer/aircraft/x10_f_cfg.ks (inferred preloaded)
40.98,TAKEOFF,TO_CLIMB,274.81,80,-194.81,293.08,35.01,10.81,3.44,90.4,-0.032,0.82,0,0,0,0,0,0,0,0,0,0,0,0,0,0,90.4,7,0,1,7.26,0,0,7,90.4,0.7481,-0.0068,-0.6635,7,90.4,0,0,0,0,0,0,3,0,0,0,69,0,0,0,90.4,1,0,0,0,0,3,0,0,0,11.5,-7.947,0,0,0,0,0,0,VALID,0,0,0,0,0,1,0,0,0,0,0,0,0,0,0,0,0,0,0,0,1448.48,1744.24,2,0,0.08,0.08,572,14.29,0.08,0.06,40.84,FLYING,X10-F,0:/Integrated Flight Computer/aircraft/x10_f_cfg.ks (inferred preloaded)
41.28,CRUISE,,279.03,80,-199.03,303.5,35.19,10.85,3.53,90.4,-0.031,0.788,0,0,1,0.6,1.222,0.77,0.35,0.0168,0.4,0,11.982,0,128.742,0,180,0,0,1,7.2,0,0,7,90.4,0.7482,-0.0068,-0.6635,7,90.4,0,0,0,0,0,0,3,0,0,0,69,0,0,0,90.4,1,0,0,0,0,3,0,0,0,11.5,-7.947,0,0,0,0,0,0,VALID,0,0,0,0,0,1,0,0,0,0,0,0,0,0,0,0,0,0,0,0,1466.02,1767.76,2,0,0.08,0.08,576,14.29,0.08,0.06,0.1,FLYING,X10-F,0:/Integrated Flight Computer/aircraft/x10_f_cfg.ks (inferred preloaded)
41.6,CRUISE,,283.27,80,-203.27,314.79,35.88,11.28,3.95,90.57,3.918,0.66,0,0,1,0.6,4.5,0.77,0.35,0.0168,0.4,0,11.326,0,133.266,0,180,0,0,0,7.2,0,0,7.01,90.4,0.7482,-0.0068,-0.6635,7,90.4,0,0,0,0,0,0,3,0,0,0,69,0,0,0,90.4,1,0,0,0,0,3,0,0,0,11.5,-7.947,0,0,0,0,0,0,VALID,0,0,0,0,0,1,0,0,0,0,0,0,0,0,0,0,0,0,0,0,1470.71,1793.03,2,0,0.06,0.06,581,16.67,0.08,0.06,0.42,FLYING,X10-F,0:/Integrated Flight Computer/aircraft/x10_f_cfg.ks (inferred preloaded)
41.86,CRUISE,,286.82,80,-206.82,323.94,36.28,10.8,3.51,91.11,15.796,0.556,0,0,1,0.6,4.5,0.77,0.35,0.0168,0.4,0,10.81,0,136.825,0,180,0,0,0,7.21,0,0,7.02,90.4,0.7482,-0.0068,-0.6635,7,90.4,0,0,0,0,0,0,3,0,0,0,69,0,0,0,90.4,1,0,0,0,0,3,0,0,0,11.5,-7.947,0,0,0,0,0,0,VALID,0,0,0,0,0,1,0,0,0,0,0,0,0,0,0,0,0,0,0,0,1456.61,1812.97,2,0,0.06,0.06,585,15.38,0.08,0.06,0.68,FLYING,X10-F,0:/Integrated Flight Computer/aircraft/x10_f_cfg.ks (inferred preloaded)
42.14,CRUISE,,290.77,80,-210.77,334.02,35.59,11.12,4.42,92.43,28.454,0.444,0,0,1,0.6,4.5,0.77,0.35,0.0168,0.4,0,10.239,0,140.765,0,180,0,0,0,6.99,0,0,7.03,90.4,0.7482,-0.0068,-0.6635,7,90.4,0,0,0,0,0,0,3,0,0,0,69,0,0,0,90.4,1,0,0,0,0,3,0,0,0,11.5,-7.947,0,0,0,0,0,0,VALID,0,0,0,0,0,1,0,0,0,0,0,0,0,0,0,0,0,0,0,0,1425.87,1835.11,2,0,0.06,0.06,589,14.29,0.08,0.06,0.96,FLYING,X10-F,0:/Integrated Flight Computer/aircraft/x10_f_cfg.ks (inferred preloaded)
42.4,CRUISE,,294.13,80,-214.13,343.94,35.93,13.76,8.13,95.45,36.101,0.34,0,0,1,0.6,4.5,0.77,0.35,0.0168,0.4,0,9.751,0,144.132,0,180,0,0,0,6.94,0,0,7.03,90.4,0.7482,-0.0068,-0.6635,7,90.4,0,0,0,0,0,0,3,0,0,0,69,0,0,0,90.4,1,0,0,0,0,3,0,0,0,11.5,-7.947,0,0,0,0,0,0,VALID,0,0,0,0,0,1,0,0,0,0,0,0,0,0,0,0,0,0,0,0,1381.59,1853.89,2,0,0.06,0.06,593,15.38,0.08,0.06,1.22,FLYING,X10-F,0:/Integrated Flight Computer/aircraft/x10_f_cfg.ks (inferred preloaded)
42.68,CRUISE,,296.87,80,-216.87,355.05,39.58,16.36,11.52,99.44,42.611,0.228,0,0,1,0.6,4.5,0.77,0.35,0.0168,0.4,0,9.354,0,146.869,0,180,0,0,0,7.54,0,0,7.04,90.4,0.7482,-0.0068,-0.6635,7,90.4,0,0,0,0,0,0,3,0,0,0,69,0,0,0,90.4,1,0,0,0,0,3,0,0,0,11.5,-7.947,0,0,0,0,0,0,VALID,0,0,0,0,0,1,0,0,0,0,0,0,0,0,0,0,0,0,0,0,1315.9,1868.52,2,0,0.06,0.06,597,14.29,0.08,0.06,1.5,FLYING,X10-F,0:/Integrated Flight Computer/aircraft/x10_f_cfg.ks (inferred preloaded)
42.94,CRUISE,,298.4,80,-218.4,365.79,42.49,17.06,12.69,102.03,47.077,0.124,0,0,1,0.6,4.5,0.77,0.35,0.0168,0.4,0,9.132,0,148.402,0,180,0,0,0,8.07,0,0,7.05,90.4,0.7482,-0.0068,-0.6635,7,90.4,0,0,0,0,0,0,3,0,0,0,69,0,0,0,90.4,1,0,0,0,0,3,0,0,0,11.5,-7.947,0,0,0,0,0,0,VALID,0,0,0,0,0,1,0,0,0,0,0,0,0,0,0,0,0,0,0,0,1238.4,1876.38,2,0,0.06,0.06,601,15.38,0.08,0.06,1.76,FLYING,X10-F,0:/Integrated Flight Computer/aircraft/x10_f_cfg.ks (inferred preloaded)
43.22,CRUISE,,299.44,80,-219.44,378.17,45.67,17.76,13.9,104.94,49.632,0.012,0,0,1,0.6,4.5,0.75,0.35,0.0168,0.4,5,8.986,8.986,149.407,1,180,0,0,0,8.63,0,0,7.05,90.4,0.7482,-0.0068,-0.6635,7,90.4,0,0,0,0,0,0,3,0,0,0,69,0,0,0,90.4,1,0,0,0,0,3,0,0,0,11.5,-7.947,0,0,0,0,0,0,VALID,0,0,0,0,0,1,0,0,0,0,0,0,0,0,0,0,0,0,0,0,1141.04,1880.77,2,0,0.06,0.06,605,13.33,0.08,0.06,2.04,FLYING,X10-F,0:/Integrated Flight Computer/aircraft/x10_f_cfg.ks (inferred preloaded)
43.48,CRUISE,,299.56,80,-219.56,390.32,48.39,17.97,14.04,106.7,51.013,0,0,0,1,0.6,4.5,0.75,0.35,0.0168,0.4,8.964,8.964,8.964,149.56,1,180,0,0,0,9.14,0,0,7.06,90.4,0.7482,-0.0068,-0.6635,7,90.4,0,0,0,0,0,0,3,0,0,0,69,0,0,0,90.4,1,0,0,0,0,3,0,0,0,11.5,-7.947,0,0,0,0,0,0,VALID,0,0,0,0,0,1,0,0,0,0,0,0,0,0,0,0,0,0,0,0,1042.37,1880.38,2,0,0.06,0.06,609,15.38,0.08,0.06,2.3,FLYING,X10-F,0:/Integrated Flight Computer/aircraft/x10_f_cfg.ks (inferred preloaded)
43.76,CRUISE,,299.3,80,-219.3,404.16,51.04,18.17,14.04,108.34,52.246,0,0,0,1,0.6,4.5,0.75,0.35,0.0168,0.4,8.997,8.997,8.997,149.328,1,180,0,0,0,9.64,0,0,7.07,90.4,0.7482,-0.0068,-0.6635,7,90.4,0,0,0,0,0,0,3,0,0,0,69,0,0,0,90.4,1,0,0,0,0,3,0,0,0,11.5,-7.947,0,0,0,0,0,0,VALID,0,0,0,0,0,1,0,0,0,0,0,0,0,0,0,0,0,0,0,0,943.42,1877.59,2,0,0.06,0.06,613,14.29,0.08,0.06,2.58,FLYING,X10-F,0:/Integrated Flight Computer/aircraft/x10_f_cfg.ks (inferred preloaded)
44.02,CRUISE,,298.73,80,-218.73,417.61,53.26,18.35,14.01,109.82,53.23,0,0,-8.891,1,0.6,4.5,0.75,0.35,0.0168,0.4,9.077,9.077,9.077,148.78,1,180,0,0,0,10.08,0,0,7.08,90.4,0.7482,-0.0068,-0.6635,7,90.4,0,0,0,0,0,0,3,0,0,0,69,0,0,0,90.4,1,0,0,0,0,3,0,0,0,11.5,-7.947,0,0,0,0,0,0,VALID,0,0,0,0,0,1,0,0,0,0,0,0,0,0,0,0,0,0,0,0,859.05,1873.01,2,0,0.06,0.06,617,15.38,0.08,0.06,2.84,FLYING,X10-F,0:/Integrated Flight Computer/aircraft/x10_f_cfg.ks (inferred preloaded)
44.3,CRUISE,,297.81,80,-217.81,441.24,55.41,18.54,13.99,111.38,54.171,0.08,0,-20,1,0.6,4.5,0.787,0.35,0.0168,0.4,9.207,9.207,9.207,147.884,1,180,0,0,0,10.51,0,0,7.08,90.4,0.7482,-0.0068,-0.6635,7,90.4,0,0,0,0,0,0,3,0,0,0,69,0,0,0,90.4,1,0,0,0,0,3,0,0,0,11.5,-7.947,0,0,0,0,0,0,VALID,0,0,0,0,0,1,0,0,0,0,0,0,0,0,0,0,0,0,0,0,778.51,1866.26,2,0,0.06,0.06,621,14.29,0.08,0.06,3.12,FLYING,X10-F,0:/Integrated Flight Computer/aircraft/x10_f_cfg.ks (inferred preloaded)
44.62,CRUISE,,296.46,80,-216.46,462.29,57.59,18.74,13.95,113.13,55.13,0.208,0,-20,1,0.6,4.5,0.874,0.35,0.0168,0.4,1.207,9.4,0,146.552,1,180,0,0,0,10.97,0,0,7.09,90.4,0.7482,-0.0068,-0.6635,7,90.4,0,0,0,0,0,0,3,0,0,0,69,0,0,0,90.4,1,0,0,0,0,3,0,0,0,11.5,-7.947,0,0,0,0,0,0,VALID,0,0,0,0,0,1,0,0,0,0,0,0,0,0,0,0,0,0,0,0,716.77,1856.75,2,0,0.06,0.06,626,16.67,0.08,0.06,3.44,FLYING,X10-F,0:/Integrated Flight Computer/aircraft/x10_f_cfg.ks (inferred preloaded)
44.94,CRUISE,,294.96,80,-214.96,485.28,59.53,18.91,13.9,114.86,56.001,0.336,0,-20,1,0.6,4.5,0.874,0.35,0.0168,0.4,0,9.617,0,145.059,0,180,0,0,0,11.39,0,0,7.1,90.4,0.7482,-0.0068,-0.6635,7,90.4,0,0,0,0,0,0,3,0,0,0,69,0,0,0,90.4,1,0,0,0,0,3,0,0,0,11.5,-7.947,0,0,0,0,0,0,VALID,0,0,0,0,0,1,0,0,0,0,0,0,0,0,0,0,0,0,0,0,686.51,1846.3,2,0,0.06,0.06,631,16.67,0.08,0.06,3.76,FLYING,X10-F,0:/Integrated Flight Computer/aircraft/x10_f_cfg.ks (inferred preloaded)
45.28,CRUISE,,293.31,80,-213.31,524.82,61.35,19.06,13.86,116.7,56.866,0.472,0,-20,1,0.6,4.5,0.874,0.35,0.0168,0.4,0,9.856,0,143.406,0,180,0,0,0,11.79,0,0,7.11,90.4,0.7482,-0.0068,-0.6635,7,90.4,0,0,0,0,0,0,3,0,0,0,69,0,0,0,90.4,1,0,0,0,0,3,0,0,0,11.5,-7.947,0,0,0,0,0,0,VALID,0,0,0,0,0,1,0,0,0,0,0,0,0,0,0,0,0,0,0,0,682.58,1834.82,2,0,0.08,0.08,636,15.63,0.08,0.06,4.1,FLYING,X10-F,0:/Integrated Flight Computer/aircraft/x10_f_cfg.ks (inferred preloaded)
45.58,CRUISE,,291.76,80,-211.76,552.5,62.95,18.86,12.71,117.29,56.094,0.592,0,-20,1,0.6,4.5,0.874,0.35,0.0168,0.4,0,10.08,0,141.863,0,180,0,0,0,12.15,0,0,7.12,90.4,0.7482,-0.0068,-0.6635,7,90.4,0,0,0,0,0,0,3,0,0,0,69,0,0,0,90.4,1,0,0,0,0,3,0,0,0,11.5,-7.947,0,0,0,0,0,0,VALID,0,0,0,0,0,1,0,0,0,0,0,0,0,0,0,0,0,0,0,0,693.55,1824.12,2,0,0.06,0.06,641,17.86,0.08,0.06,4.4,FLYING,X10-F,0:/Integrated Flight Computer/aircraft/x10_f_cfg.ks (inferred preloaded)
45.86,CRUISE,,290.84,80,-210.84,580,63.87,18.17,10.55,116.38,55.943,0.704,0,-20,1,0.6,4.5,0.874,0.35,0.0168,0.4,0,10.224,0,140.871,0,180,0,0,0,12.38,0,0,7.13,90.4,0.7482,-0.0068,-0.6635,7,90.4,0,0,0,0,0,0,3,0,0,0,69,0,0,0,90.4,1,0,0,0,0,3,0,0,0,11.5,-7.947,0,0,0,0,0,0,VALID,0,0,0,0,0,1,0,0,0,0,0,0,0,0,0,0,0,0,0,0,715.18,1817.22,2,0,0.06,0.06,645,15.38,0.08,0.06,4.68,FLYING,X10-F,0:/Integrated Flight Computer/aircraft/x10_f_cfg.ks (inferred preloaded)
46.18,CRUISE,,290.66,80,-210.66,614.07,64.13,18.1,10.5,117.4,56.484,0.576,0,-19.9,1,0.6,4.5,0.874,0.35,0.0168,0.4,0,10.255,0,140.658,0,180,0,0,0,12.44,0,0,7.13,90.4,0.7482,-0.0068,-0.6635,7,90.4,0,0,0,0,0,0,3,0,0,0,69,0,0,0,90.4,1,0,0,0,0,3,0,0,0,11.5,-7.947,0,0,0,0,0,0,VALID,0,0,0,0,0,1,0,0,0,0,0,0,0,0,0,0,0,0,0,0,743.74,1814.36,2,0,0.06,0.06,650,16.67,0.08,0.06,5,FLYING,X10-F,0:/Integrated Flight Computer/aircraft/x10_f_cfg.ks (inferred preloaded)
46.44,CRUISE,,290.5,80,-210.5,635.31,65.02,18.55,11.28,119.29,56.972,0.472,0,-19.505,1,0.6,4.5,0.874,0.35,0.0168,0.4,0,10.278,0,140.497,0,180,0,0,0,12.6,0,0,7.14,90.4,0.7482,-0.0068,-0.6635,7,90.4,0,0,0,0,0,0,3,0,0,0,69,0,0,0,90.4,1,0,0,0,0,3,0,0,0,11.5,-7.947,0,0,0,0,0,0,VALID,0,0,0,0,0,1,0,0,0,0,0,0,0,0,0,0,0,0,0,0,755.18,1811.91,2,0,0.06,0.06,654,15.38,0.08,0.06,5.26,FLYING,X10-F,0:/Integrated Flight Computer/aircraft/x10_f_cfg.ks (inferred preloaded)
46.7,CRUISE,,290.23,80,-210.23,652.34,65.77,18.6,11.32,120.5,57.546,0.368,0,-19.118,1,0.6,4.5,0.874,0.35,0.0168,0.4,0,10.317,0,140.226,0,180,0,0,0,12.76,0,0,7.15,90.4,0.7482,-0.0068,-0.6635,7,90.4,0,0,0,0,0,0,3,0,0,0,69,0,0,0,90.4,1,0,0,0,0,3,0,0,0,11.5,-7.947,0,0,0,0,0,0,VALID,0,0,0,0,0,1,0,0,0,0,0,0,0,0,0,0,0,0,0,0,755.81,1808.9,2,0,0.06,0.06,658,15.38,0.08,0.06,5.52,FLYING,X10-F,0:/Integrated Flight Computer/aircraft/x10_f_cfg.ks (inferred preloaded)
46.98,CRUISE,,289.94,80,-209.94,670.86,66.46,18.6,11.32,121.75,58.205,0.256,0,-18.738,1,0.6,4.5,0.874,0.35,0.0168,0.4,0,10.358,0,139.942,0,180,0,0,0,12.9,0,0,7.15,90.4,0.7482,-0.0068,-0.6635,7,90.4,0,0,0,0,0,0,3,0,0,0,69,0,0,0,90.4,1,0,0,0,0,3,0,0,0,11.5,-7.947,0,0,0,0,0,0,VALID,0,0,0,0,0,1,0,0,0,0,0,0,0,0,0,0,0,0,0,0,740.19,1805.67,2,0,0.06,0.06,662,14.29,0.08,0.06,5.8,FLYING,X10-F,0:/Integrated Flight Computer/aircraft/x10_f_cfg.ks (inferred preloaded)
47.24,CRUISE,,289.62,80,-209.62,688.22,67,18.6,11.35,122.95,58.832,0.152,0,-18.366,1,0.6,4.5,0.874,0.35,0.0168,0.4,0,10.405,0,139.62,0,180,0,0,0,13.02,0,0,7.16,90.4,0.7482,-0.0068,-0.6635,7,90.4,0,0,0,0,0,0,3,0,0,0,69,0,0,0,90.4,1,0,0,0,0,3,0,0,0,11.5,-7.947,0,0,0,0,0,0,VALID,0,0,0,0,0,1,0,0,0,0,0,0,0,0,0,0,0,0,0,0,709.65,1802.31,2,0,0.06,0.06,666,15.38,0.08,0.06,6.06,FLYING,X10-F,0:/Integrated Flight Computer/aircraft/x10_f_cfg.ks (inferred preloaded)
47.52,CRUISE,,289.11,80,-209.11,707.05,67.48,18.59,11.42,124.27,59.506,0.04,0,-18.002,1,0.6,4.5,0.905,0.35,0.0168,0.4,3.5,10.473,10.473,139.152,1,180,0,0,0,13.13,0,0,7.17,90.4,0.7482,-0.0068,-0.6635,7,90.4,0,0,0,0,0,0,3,0,0,0,69,0,0,0,90.4,1,0,0,0,0,3,0,0,0,11.5,-7.947,0,0,0,0,0,0,VALID,0,0,0,0,0,1,0,0,0,0,0,0,0,0,0,0,0,0,0,0,661.42,1797.96,2,0,0.06,0.06,670,13.33,0.08,0.06,6.34,FLYING,X10-F,0:/Integrated Flight Computer/aircraft/x10_f_cfg.ks (inferred preloaded)
47.8,CRUISE,,288.43,80,-208.43,725.99,67.82,18.57,11.5,125.62,60.164,0.0059,0,-20,1,0.6,4.5,1.072,0.35,0.0168,0.4,10.5,10.569,10.569,138.491,1,180,0,0,0,13.22,0,0,7.17,90.4,0.7482,-0.0068,-0.6635,7,90.4,0,0,0,0,0,0,3,0,0,0,69,0,0,0,90.4,1,0,0,0,0,3,0,0,0,11.5,-7.947,0,0,0,0,0,0,VALID,0,0,0,0,0,1,0,0,0,0,0,0,0,0,0,0,0,0,0,0,600.55,1792.46,2,0,0.06,0.06,674,14.29,0.08,0.06,6.62,FLYING,X10-F,0:/Integrated Flight Computer/aircraft/x10_f_cfg.ks (inferred preloaded)
48.08,CRUISE,,287.51,80,-207.51,745.01,68.03,18.54,11.61,127,60.795,0.1179,0,-20,1,0.6,4.5,1.254,0.35,0.0168,0.4,7.13,10.7,0,137.586,1,180,0,0,0,13.31,0,0,7.18,90.4,0.7482,-0.0068,-0.6635,7,90.4,0,0,0,0,0,0,3,0,0,0,69,0,0,0,90.4,1,0,0,0,0,3,0,0,0,11.5,-7.947,0,0,0,0,0,0,VALID,0,0,0,0,0,1,0,0,0,0,0,0,0,0,0,0,0,0,0,0,549.22,1785.55,2,0,0.06,0.06,678,15.38,0.08,0.06,6.9,FLYING,X10-F,0:/Integrated Flight Computer/aircraft/x10_f_cfg.ks (inferred preloaded)
48.4,CRUISE,,286.25,80,-206.25,766.79,68.16,18.49,11.72,128.58,61.478,0.2459,0,-20,1,0.6,4.5,1.254,0.35,0.0168,0.4,0,10.882,0,136.33,0,180,0,0,0,13.39,0,0,7.19,90.4,0.7482,-0.0068,-0.6635,7,90.4,0,0,0,0,0,0,3,0,0,0,69,0,0,0,90.4,1,0,0,0,0,3,0,0,0,11.5,-7.947,0,0,0,0,0,0,VALID,0,0,0,0,0,1,0,0,0,0,0,0,0,0,0,0,0,0,0,0,518.98,1776.45,2,0,0.06,0.06,683,16.67,0.08,0.06,7.22,FLYING,X10-F,0:/Integrated Flight Computer/aircraft/x10_f_cfg.ks (inferred preloaded)
48.7,CRUISE,,284.99,80,-204.99,787.22,68.18,18.43,11.82,130.05,62.084,0.3659,0,-20,1,0.6,4.5,1.254,0.35,0.0168,0.4,0,11.064,0,135.073,0,180,0,0,0,13.45,0,0,7.2,90.39,0.7482,-0.0068,-0.6635,7,90.4,0,0,0,0,0,0,3,0,0,0,69,0,0,0,90.4,1,0,0,0,0,3,0,0,0,11.5,-7.947,0,0,0,0,0,0,VALID,0,0,0,0,0,1,0,0,0,0,0,0,0,0,0,0,0,0,0,0,514.44,1767.52,2,0,0.06,0.06,688,17.86,0.06,0.06,7.52,FLYING,X10-F,0:/Integrated Flight Computer/aircraft/x10_f_cfg.ks (inferred preloaded)
49.04,CRUISE,,283.55,80,-203.55,810.37,68.11,18.35,11.91,131.71,62.741,0.5019,0,-20,1,0.6,4.5,1.254,0.35,0.0168,0.4,0,11.273,0,133.636,0,180,0,0,0,13.5,0,0,7.2,90.39,0.7482,-0.0068,-0.6635,7,90.4,0,0,0,0,0,0,3,0,0,0,69,0,0,0,90.4,1,0,0,0,0,3,0,0,0,11.5,-7.947,0,0,0,0,0,0,VALID,0,0,0,0,0,1,0,0,0,0,0,0,0,0,0,0,0,0,0,0,525.66,1757.39,2,0,0.08,0.08,693,15.63,0.08,0.06,7.86,FLYING,X10-F,0:/Integrated Flight Computer/aircraft/x10_f_cfg.ks (inferred preloaded)
49.34,CRUISE,,282.32,80,-202.32,830.76,67.97,18.25,11.98,133.16,63.299,0.6219,0,-20,1,0.6,4.5,1.254,0.35,0.0168,0.4,0,11.452,0,132.403,0,180,0,0,0,13.54,0,0,7.21,90.39,0.7482,-0.0068,-0.6635,7,90.4,0,0,0,0,0,0,3,0,0,0,69,0,0,0,90.4,1,0,0,0,0,3,0,0,0,11.5,-7.947,0,0,0,0,0,0,VALID,0,0,0,0,0,1,0,0,0,0,0,0,0,0,0,0,0,0,0,0,547.85,1748.7,2,0,0.06,0.06,698,17.86,0.08,0.06,8.16,FLYING,X10-F,0:/Integrated Flight Computer/aircraft/x10_f_cfg.ks (inferred preloaded)
49.62,CRUISE,,281.25,80,-201.25,849.74,67.81,18.15,12.04,134.52,63.806,0.6049,0,-20,1,0.6,4.5,1.254,0.35,0.0168,0.4,0,11.608,0,131.324,0,180,0,0,0,13.55,0,0,7.22,90.39,0.7482,-0.0068,-0.6635,7,90.4,0,0,0,0,0,0,3,0,0,0,69,0,0,0,90.4,1,0,0,0,0,3,0,0,0,11.5,-7.947,0,0,0,0,0,0,VALID,0,0,0,0,0,1,0,0,0,0,0,0,0,0,0,0,0,0,0,0,575.77,1741.04,2,0,0.06,0.06,702,15.38,0.08,0.06,8.44,FLYING,X10-F,0:/Integrated Flight Computer/aircraft/x10_f_cfg.ks (inferred preloaded)
49.88,CRUISE,,280.34,80,-200.34,867.31,67.61,18.04,12.09,135.78,64.27,0.5161,0,-20,1,0.6,4.5,1.254,0.35,0.0168,0.4,0,11.741,0,130.404,0,180,0,0,0,13.56,0,0,7.22,90.39,0.7482,-0.0068,-0.6635,7,90.4,0,0,0,0,0,0,3,0,0,0,69,0,0,0,90.4,1,0,0,0,0,3,0,0,0,11.5,-7.947,0,0,0,0,0,0,VALID,0,0,0,0,0,1,0,0,0,0,0,0,0,0,0,0,0,0,0,0,595.61,1734.41,2,0,0.06,0.06,706,15.38,0.08,0.06,8.7,FLYING,X10-F,0:/Integrated Flight Computer/aircraft/x10_f_cfg.ks (inferred preloaded)
50.16,CRUISE,,279.41,80,-199.41,886.17,67.34,17.92,12.14,137.14,64.765,0.4336,0,-20,1,0.6,4.5,1.254,0.35,0.0168,0.4,0,11.876,0,129.478,0,180,0,0,0,13.55,0,0,7.23,90.39,0.7482,-0.0068,-0.6635,7,90.4,0,0,0,0,0,0,3,0,0,0,69,0,0,0,90.4,1,0,0,0,0,3,0,0,0,11.5,-7.947,0,0,0,0,0,0,VALID,0,0,0,0,0,1,0,0,0,0,0,0,0,0,0,0,0,0,0,0,607.24,1727.66,2,0,0.06,0.06,710,14.29,0.08,0.06,8.98,FLYING,X10-F,0:/Integrated Flight Computer/aircraft/x10_f_cfg.ks (inferred preloaded)
50.42,CRUISE,,278.59,80,-198.59,903.6,67.04,17.79,12.2,138.42,65.219,0.3751,0,-20,1,0.6,4.5,1.254,0.35,0.0168,0.4,0,11.995,0,128.652,0,180,0,0,0,13.53,0,0,7.23,90.39,0.7482,-0.0068,-0.6635,7,90.4,0,0,0,0,0,0,3,0,0,0,69,0,0,0,90.4,1,0,0,0,0,3,0,0,0,11.5,-7.947,0,0,0,0,0,0,VALID,0,0,0,0,0,1,0,0,0,0,0,0,0,0,0,0,0,0,0,0,610.74,1721.6,2,0,0.06,0.06,714,15.38,0.08,0.06,9.24,FLYING,X10-F,0:/Integrated Flight Computer/aircraft/x10_f_cfg.ks (inferred preloaded)
50.7,CRUISE,,277.71,80,-197.71,922.28,66.67,17.65,12.26,139.81,65.7,0.3461,0,-20,1,0.6,4.5,1.254,0.35,0.0168,0.4,0,12.123,0,127.771,0,180,0,0,0,13.5,0,0,7.24,90.39,0.7482,-0.0068,-0.6635,7,90.4,0,0,0,0,0,0,3,0,0,0,69,0,0,0,90.4,1,0,0,0,0,3,0,0,0,11.5,-7.947,0,0,0,0,0,0,VALID,0,0,0,0,0,1,0,0,0,0,0,0,0,0,0,0,0,0,0,0,609.38,1715.13,2,0,0.06,0.06,718,14.29,0.08,0.06,9.52,FLYING,X10-F,0:/Integrated Flight Computer/aircraft/x10_f_cfg.ks (inferred preloaded)
50.96,CRUISE,,276.88,80,-196.88,939.52,66.26,17.51,12.33,141.1,66.138,0.339,0,-20,1,0.6,4.5,1.254,0.35,0.0168,0.4,0,12.242,0,126.949,0,180,0,0,0,13.46,0,0,7.25,90.39,0.7482,-0.0068,-0.6635,7,90.4,0,0,0,0,0,0,3,0,0,0,69,0,0,0,90.4,1,0,0,0,0,3,0,0,0,11.5,-7.947,0,0,0,0,0,0,VALID,0,0,0,0,0,1,0,0,0,0,0,0,0,0,0,0,0,0,0,0,605.44,1709.12,2,0,0.06,0.06,722,15.38,0.08,0.06,9.78,FLYING,X10-F,0:/Integrated Flight Computer/aircraft/x10_f_cfg.ks (inferred preloaded)
51.24,CRUISE,,275.98,80,-195.98,957.96,65.77,17.35,12.42,142.51,66.599,0.347,0,-20,1,0.6,4.5,1.254,0.35,0.0168,0.4,0,12.373,0,126.048,0,180,0,0,0,13.41,0,0,7.25,90.39,0.7482,-0.0068,-0.6635,7,90.4,0,0,0,0,0,0,3,0,0,0,69,0,0,0,90.4,1,0,0,0,0,3,0,0,0,11.5,-7.947,0,0,0,0,0,0,VALID,0,0,0,0,0,1,0,0,0,0,0,0,0,0,0,0,0,0,0,0,600.99,1702.58,2,0,0.06,0.06,726,14.29,0.08,0.06,10.06,FLYING,X10-F,0:/Integrated Flight Computer/aircraft/x10_f_cfg.ks (inferred preloaded)
51.5,CRUISE,,275.13,80,-195.13,974.94,65.26,17.19,12.49,143.82,67.017,0.3613,0,-20,1,0.6,4.5,1.254,0.35,0.0168,0.4,0,12.496,0,125.198,0,180,0,0,0,13.35,0,0,7.26,90.39,0.7482,-0.0068,-0.6635,7,90.4,0,0,0,0,0,0,3,0,0,0,69,0,0,0,90.4,1,0,0,0,0,3,0,0,0,11.5,-7.947,0,0,0,0,0,0,VALID,0,0,0,0,0,1,0,0,0,0,0,0,0,0,0,0,0,0,0,0,598.47,1696.46,2,0,0.06,0.06,730,15.38,0.08,0.06,10.32,FLYING,X10-F,0:/Integrated Flight Computer/aircraft/x10_f_cfg.ks (inferred preloaded)
51.78,CRUISE,,274.21,80,-194.21,993.08,64.65,17.02,12.57,145.23,67.455,0.3729,0,-20,1,0.6,4.5,1.254,0.35,0.0168,0.4,0,12.63,0,124.273,0,180,0,0,0,13.27,0,0,7.26,90.39,0.7482,-0.0068,-0.6635,7,90.4,0,0,0,0,0,0,3,0,0,0,69,0,0,0,90.4,1,0,0,0,0,3,0,0,0,11.5,-7.947,0,0,0,0,0,0,VALID,0,0,0,0,0,1,0,0,0,0,0,0,0,0,0,0,0,0,0,0,597.28,1689.85,2,0,0.06,0.06,734,14.29,0.08,0.06,10.6,FLYING,X10-F,0:/Integrated Flight Computer/aircraft/x10_f_cfg.ks (inferred preloaded)
52.04,CRUISE,,273.34,80,-193.34,1009.76,64.05,16.84,12.64,146.54,67.854,0.3806,0,-20,1,0.6,4.5,1.254,0.35,0.0168,0.4,0,12.755,0,123.411,0,180,0,0,0,13.19,0,0,7.27,90.39,0.7482,-0.0068,-0.6635,7,90.4,0,0,0,0,0,0,3,0,0,0,69,0,0,0,90.4,1,0,0,0,0,3,0,0,0,11.5,-7.947,0,0,0,0,0,0,VALID,0,0,0,0,0,1,0,0,0,0,0,0,0,0,0,0,0,0,0,0,596.98,1683.71,2,0,0.06,0.06,738,15.38,0.08,0.06,10.86,FLYING,X10-F,0:/Integrated Flight Computer/aircraft/x10_f_cfg.ks (inferred preloaded)
52.32,CRUISE,,272.42,80,-192.42,1027.53,63.34,16.65,12.73,147.97,68.271,0.3833,0,-20,1,0.6,4.5,1.254,0.35,0.0168,0.4,0,12.89,0,122.482,0,180,0,0,0,13.1,0,0,7.27,90.39,0.7482,-0.0068,-0.6635,7,90.4,0,0,0,0,0,0,3,0,0,0,69,0,0,0,90.4,1,0,0,0,0,3,0,0,0,11.5,-7.947,0,0,0,0,0,0,VALID,0,0,0,0,0,1,0,0,0,0,0,0,0,0,0,0,0,0,0,0,597.13,1677.13,2,0,0.06,0.06,742,14.29,0.08,0.06,11.14,FLYING,X10-F,0:/Integrated Flight Computer/aircraft/x10_f_cfg.ks (inferred preloaded)
52.58,CRUISE,,271.55,80,-191.55,1043.85,62.65,16.46,12.75,149.24,68.648,0.3856,0,-20,1,0.6,4.5,1.254,0.35,0.0168,0.4,0,13.015,0,121.619,0,180,0,0,0,13,0,0,7.28,90.39,0.7482,-0.0068,-0.6635,7,90.4,0,0,0,0,0,0,3,0,0,0,69,0,0,0,90.4,1,0,0,0,0,3,0,0,0,11.5,-7.947,0,0,0,0,0,0,VALID,0,0,0,0,0,1,0,0,0,0,0,0,0,0,0,0,0,0,0,0,597.36,1671.05,2,0,0.06,0.06,746,15.38,0.08,0.06,11.4,FLYING,X10-F,0:/Integrated Flight Computer/aircraft/x10_f_cfg.ks (inferred preloaded)
52.86,CRUISE,,270.64,80,-190.64,1061.22,61.86,16.25,12.81,150.64,69.047,0.3769,0,-20,1,0.6,4.5,1.254,0.35,0.0168,0.4,0,13.148,0,120.701,0,180,0,0,0,12.89,0,0,7.28,90.39,0.7482,-0.0068,-0.6635,7,90.4,0,0,0,0,0,0,3,0,0,0,69,0,0,0,90.4,1,0,0,0,0,3,0,0,0,11.5,-7.947,0,0,0,0,0,0,VALID,0,0,0,0,0,1,0,0,0,0,0,0,0,0,0,0,0,0,0,0,597.38,1664.59,2,0,0.06,0.06,750,14.29,0.08,0.06,11.68,FLYING,X10-F,0:/Integrated Flight Computer/aircraft/x10_f_cfg.ks (inferred preloaded)
53.12,CRUISE,,269.78,80,-189.78,1077.15,61.12,16.07,12.92,152.02,69.407,0.378,0,-20,1,0.6,4.5,1.254,0.35,0.0168,0.4,0,13.272,0,119.848,0,180,0,0,0,12.77,0,0,7.29,90.39,0.7482,-0.0068,-0.6635,7,90.4,0,0,0,0,0,0,3,0,0,0,69,0,0,0,90.4,1,0,0,0,0,3,0,0,0,11.5,-7.947,0,0,0,0,0,0,VALID,0,0,0,0,0,1,0,0,0,0,0,0,0,0,0,0,0,0,0,0,596.52,1658.6,2,0,0.06,0.06,754,15.38,0.08,0.06,11.94,FLYING,X10-F,0:/Integrated Flight Computer/aircraft/x10_f_cfg.ks (inferred preloaded)
53.4,CRUISE,,268.86,80,-188.86,1094.05,60.2,15.8,12.81,153.22,69.787,0.3733,0,-20,1,0.6,4.5,1.254,0.35,0.0168,0.4,0,13.407,0,118.92,0,180,0,0,0,12.63,0,0,7.29,90.39,0.7482,-0.0068,-0.6635,7,90.4,0,0,0,0,0,0,3,0,0,0,69,0,0,0,90.4,1,0,0,0,0,3,0,0,0,11.5,-7.947,0,0,0,0,0,0,VALID,0,0,0,0,0,1,0,0,0,0,0,0,0,0,0,0,0,0,0,0,596.7,1652.19,2,0,0.06,0.06,758,14.29,0.08,0.06,12.22,FLYING,X10-F,0:/Integrated Flight Computer/aircraft/x10_f_cfg.ks (inferred preloaded)
53.66,CRUISE,,268.04,80,-188.04,1109.54,59.36,15.64,13.07,154.74,70.127,0.3451,0,-20,1,0.6,4.5,1.254,0.35,0.0168,0.4,0,13.524,0,118.108,0,180,0,0,0,12.5,0,0,7.29,90.38,0.7482,-0.0068,-0.6635,7,90.4,0,0,0,0,0,0,3,0,0,0,69,0,0,0,90.4,1,0,0,0,0,3,0,0,0,11.5,-7.947,0,0,0,0,0,0,VALID,0,0,0,0,0,1,0,0,0,0,0,0,0,0,0,0,0,0,0,0,594.12,1646.48,2,0,0.06,0.06,762,15.38,0.08,0.06,12.48,FLYING,X10-F,0:/Integrated Flight Computer/aircraft/x10_f_cfg.ks (inferred preloaded)
53.94,CRUISE,,267.13,80,-187.13,1125.96,58.41,15.42,13.19,156.21,70.487,0.3582,0,-20,1,0.6,4.5,1.254,0.35,0.0168,0.4,0,13.657,0,117.194,0,180,0,0,0,12.34,0,0,7.3,90.38,0.7482,-0.0068,-0.6635,7,90.4,0,0,0,0,0,0,3,0,0,0,69,0,0,0,90.4,1,0,0,0,0,3,0,0,0,11.5,-7.947,0,0,0,0,0,0,VALID,0,0,0,0,0,1,0,0,0,0,0,0,0,0,0,0,0,0,0,0,590.12,1640.17,2,0,0.06,0.06,766,14.29,0.08,0.06,12.76,FLYING,X10-F,0:/Integrated Flight Computer/aircraft/x10_f_cfg.ks (inferred preloaded)
54.2,CRUISE,,266.27,80,-186.27,1140.96,57.49,15.21,13.3,157.58,70.811,0.3725,0,-20,1,0.6,4.5,1.254,0.35,0.0168,0.4,0,13.781,0,116.336,0,180,0,0,0,12.2,0,0,7.3,90.38,0.7482,-0.0068,-0.6635,7,90.4,0,0,0,0,0,0,3,0,0,0,69,0,0,0,90.4,1,0,0,0,0,3,0,0,0,11.5,-7.947,0,0,0,0,0,0,VALID,0,0,0,0,0,1,0,0,0,0,0,0,0,0,0,0,0,0,0,0,588.15,1634.28,2,0,0.06,0.06,770,15.38,0.08,0.06,13.02,FLYING,X10-F,0:/Integrated Flight Computer/aircraft/x10_f_cfg.ks (inferred preloaded)
54.48,CRUISE,,265.33,80,-185.33,1156.83,56.49,14.95,13.2,158.87,71.144,0.3909,0,-20,1,0.6,4.5,1.254,0.35,0.0168,0.4,0,13.918,0,115.395,0,180,0,0,0,12.03,0,0,7.31,90.38,0.7482,-0.0068,-0.6635,7,90.4,0,0,0,0,0,0,3,0,0,0,69,0,0,0,90.4,1,0,0,0,0,3,0,0,0,11.5,-7.947,0,0,0,0,0,0,VALID,0,0,0,0,0,1,0,0,0,0,0,0,0,0,0,0,0,0,0,0,587.39,1627.87,2,0,0.06,0.06,774,14.29,0.08,0.06,13.3,FLYING,X10-F,0:/Integrated Flight Computer/aircraft/x10_f_cfg.ks (inferred preloaded)
54.74,CRUISE,,264.51,80,-184.51,1171.31,55.48,14.72,13.27,160.15,71.44,0.3534,0,-20,1,0.6,4.5,1.254,0.35,0.0168,0.4,0,14.038,0,114.568,0,180,0,0,0,11.86,0,0,7.31,90.38,0.7482,-0.0068,-0.6635,7,90.4,0,0,0,0,0,0,3,0,0,0,69,0,0,0,90.4,1,0,0,0,0,3,0,0,0,11.5,-7.947,0,0,0,0,0,0,VALID,0,0,0,0,0,1,0,0,0,0,0,0,0,0,0,0,0,0,0,0,587.22,1622.24,2,0,0.06,0.06,778,15.38,0.08,0.06,13.56,FLYING,X10-F,0:/Integrated Flight Computer/aircraft/x10_f_cfg.ks (inferred preloaded)
55.02,CRUISE,,263.63,80,-183.63,1186.61,54.38,14.48,13.32,161.53,71.719,0.334,0,-20,1,0.6,4.5,1.254,0.35,0.0168,0.4,0,14.165,0,113.688,0,180,0,0,0,11.67,0,0,7.31,90.38,0.7482,-0.0068,-0.6635,7,90.4,0,0,0,0,0,0,3,0,0,0,69,0,0,0,90.4,1,0,0,0,0,3,0,0,0,11.5,-7.947,0,0,0,0,0,0,VALID,0,0,0,0,0,1,0,0,0,0,0,0,0,0,0,0,0,0,0,0,583.27,1616.26,2,0,0.06,0.06,782,14.29,0.08,0.06,13.84,FLYING,X10-F,0:/Integrated Flight Computer/aircraft/x10_f_cfg.ks (inferred preloaded)
55.28,CRUISE,,262.79,80,-182.79,1200.54,53.4,14.22,13.08,162.6,71.936,0.3442,0,-20,1,0.6,4.5,1.254,0.35,0.0168,0.4,0,14.285,0,112.86,0,180,0,0,0,11.5,0,0,7.32,90.38,0.7482,-0.0068,-0.6635,7,90.4,0,0,0,0,0,0,3,0,0,0,69,0,0,0,90.4,1,0,0,0,0,3,0,0,0,11.5,-7.947,0,0,0,0,0,0,VALID,0,0,0,0,0,1,0,0,0,0,0,0,0,0,0,0,0,0,0,0,577.04,1610.63,2,0,0.06,0.06,786,15.38,0.08,0.06,14.1,FLYING,X10-F,0:/Integrated Flight Computer/aircraft/x10_f_cfg.ks (inferred preloaded)
55.56,CRUISE,,262,80,-182,1215.22,52.18,13.88,12.69,163.43,72.235,0.2794,0,-20,1,0.6,4.5,1.254,0.35,0.0168,0.4,0,14.403,0,112.051,0,180,0,0,0,11.28,0,0,7.32,90.38,0.7482,-0.0068,-0.6635,7,90.4,0,0,0,0,0,0,3,0,0,0,69,0,0,0,90.4,1,0,0,0,0,3,0,0,0,11.5,-7.947,0,0,0,0,0,0,VALID,0,0,0,0,0,1,0,0,0,0,0,0,0,0,0,0,0,0,0,0,571.66,1605.19,2,0,0.06,0.06,790,14.29,0.08,0.06,14.38,FLYING,X10-F,0:/Integrated Flight Computer/aircraft/x10_f_cfg.ks (inferred preloaded)
55.88,CRUISE,,261.15,80,-181.15,1231.62,50.78,13.69,13.5,165.7,72.636,0.2012,0,-20,1,0.6,4.5,1.254,0.35,0.0168,0.4,0,14.525,0,111.209,0,180,0,0,0,11.02,0,0,7.33,90.38,0.7482,-0.0068,-0.6635,7,90.4,0,0,0,0,0,0,3,0,0,0,69,0,0,0,90.4,1,0,0,0,0,3,0,0,0,11.5,-7.947,0,0,0,0,0,0,VALID,0,0,0,0,0,1,0,0,0,0,0,0,0,0,0,0,0,0,0,0,549.24,1599.3,2,0,0.06,0.06,795,16.67,0.08,0.06,14.7,FLYING,X10-F,0:/Integrated Flight Computer/aircraft/x10_f_cfg.ks (inferred preloaded)
56.14,CRUISE,,260.25,80,-180.25,1244.6,49.68,13.48,13.8,167.28,72.974,0.3052,0,-20,1,0.6,4.5,1.254,0.35,0.0168,0.4,0,14.654,0,110.319,0,180,0,0,0,10.82,0,0,7.33,90.38,0.7482,-0.0068,-0.6635,7,90.4,0,0,0,0,0,0,3,0,0,0,69,0,0,0,90.4,1,0,0,0,0,3,0,0,0,11.5,-7.947,0,0,0,0,0,0,VALID,0,0,0,0,0,1,0,0,0,0,0,0,0,0,0,0,0,0,0,0,531.92,1593.4,2,0,0.06,0.06,799,15.38,0.08,0.06,14.96,FLYING,X10-F,0:/Integrated Flight Computer/aircraft/x10_f_cfg.ks (inferred preloaded)
56.44,CRUISE,,259.13,80,-179.13,1259.22,48.37,13.2,14.02,168.98,73.371,0.4252,0,-20,1,0.6,4.5,1.254,0.35,0.0168,0.4,0,14.815,0,109.209,0,180,0,0,0,10.59,0,0,7.33,90.38,0.7482,-0.0068,-0.6635,7,90.4,0,0,0,0,0,0,3,0,0,0,69,0,0,0,90.4,1,0,0,0,0,3,0,0,0,11.5,-7.947,0,0,0,0,0,0,VALID,0,0,0,0,0,1,0,0,0,0,0,0,0,0,0,0,0,0,0,0,529.97,1586.2,2,0,0.06,0.06,804,17.86,0.06,0.06,15.26,FLYING,X10-F,0:/Integrated Flight Computer/aircraft/x10_f_cfg.ks (inferred preloaded)
56.76,CRUISE,,257.93,80,-177.93,1274.35,46.91,12.85,13.94,170.48,73.758,0.5103,0,-20,1,0.6,4.5,1.254,0.35,0.0168,0.4,0,14.989,0,108.004,0,180,0,0,0,10.32,0,0,7.34,90.38,0.7482,-0.0068,-0.6635,7,90.4,0,0,0,0,0,0,3,0,0,0,69,0,0,0,90.4,1,0,0,0,0,3,0,0,0,11.5,-7.947,0,0,0,0,0,0,VALID,0,0,0,0,0,1,0,0,0,0,0,0,0,0,0,0,0,0,0,0,540.44,1578.5,2,0,0.06,0.06,809,16.67,0.08,0.06,15.58,FLYING,X10-F,0:/Integrated Flight Computer/aircraft/x10_f_cfg.ks (inferred preloaded)
57.06,CRUISE,,256.91,80,-176.91,1288.11,45.53,12.53,13.88,171.9,74.081,0.4486,0,-20,1,0.6,4.5,1.254,0.35,0.0168,0.4,0,15.139,0,106.974,0,180,0,0,0,10.07,0,0,7.34,90.37,0.7482,-0.0068,-0.6635,7,90.4,0,0,0,0,0,0,3,0,0,0,69,0,0,0,90.4,1,0,0,0,0,3,0,0,0,11.5,-7.947,0,0,0,0,0,0,VALID,0,0,0,0,0,1,0,0,0,0,0,0,0,0,0,0,0,0,0,0,551.86,1571.88,2,0,0.06,0.06,814,16.67,0.06,0.06,15.88,FLYING,X10-F,0:/Integrated Flight Computer/aircraft/x10_f_cfg.ks (inferred preloaded)
57.32,CRUISE,,256.1,80,-176.1,1299.69,44.3,12.24,13.77,173.04,74.324,0.3685,0,-20,1,0.6,4.5,1.254,0.35,0.0168,0.4,0,15.257,0,106.159,0,180,0,0,0,9.83,0,0,7.34,90.37,0.7482,-0.0068,-0.6635,7,90.4,0,0,0,0,0,0,3,0,0,0,69,0,0,0,90.4,1,0,0,0,0,3,0,0,0,11.5,-7.947,0,0,0,0,0,0,VALID,0,0,0,0,0,1,0,0,0,0,0,0,0,0,0,0,0,0,0,0,556.09,1566.61,2,0,0.06,0.06,818,15.38,0.08,0.06,16.14,FLYING,X10-F,0:/Integrated Flight Computer/aircraft/x10_f_cfg.ks (inferred preloaded)
57.58,CRUISE,,255.35,80,-175.35,1310.96,43.04,11.97,13.74,174.24,74.543,0.2844,0,-20,1,0.6,4.5,1.254,0.35,0.0168,0.4,0,15.365,0,105.411,0,180,0,0,0,9.59,0,0,7.34,90.37,0.7482,-0.0068,-0.6635,7,90.4,0,0,0,0,0,0,3,0,0,0,69,0,0,0,90.4,1,0,0,0,0,3,0,0,0,11.5,-7.947,0,0,0,0,0,0,VALID,0,0,0,0,0,1,0,0,0,0,0,0,0,0,0,0,0,0,0,0,552.45,1561.73,2,0,0.06,0.06,822,15.38,0.08,0.06,16.4,FLYING,X10-F,0:/Integrated Flight Computer/aircraft/x10_f_cfg.ks (inferred preloaded)
57.84,CRUISE,,254.63,80,-174.63,1321.9,41.78,11.7,13.74,175.46,74.747,0.2354,0,-20,1,0.6,4.5,1.254,0.35,0.0168,0.4,0,15.471,0,104.685,0,180,0,0,0,9.34,0,0,7.35,90.37,0.7482,-0.0068,-0.6635,7,90.4,0,0,0,0,0,0,3,0,0,0,69,0,0,0,90.4,1,0,0,0,0,3,0,0,0,11.5,-7.947,0,0,0,0,0,0,VALID,0,0,0,0,0,1,0,0,0,0,0,0,0,0,0,0,0,0,0,0,539.21,1556.99,2,0,0.06,0.06,826,15.38,0.08,0.06,16.66,FLYING,X10-F,0:/Integrated Flight Computer/aircraft/x10_f_cfg.ks (inferred preloaded)
58.1,CRUISE,,253.87,80,-173.87,1332.49,40.6,11.38,13.51,176.51,75.22,0.2386,0,-20,1,0.6,4.5,1.254,0.35,0.0168,0.4,0,15.579,0,103.938,0,180,0,0,0,9.1,0,0,7.35,90.37,0.7482,-0.0068,-0.6635,7,90.4,0,0,0,0,0,0,3,0,0,0,69,0,0,0,90.4,1,0,0,0,0,3,0,0,0,11.5,-7.947,0,0,0,0,0,0,VALID,0,0,0,0,0,1,0,0,0,0,0,0,0,0,0,0,0,0,0,0,521.85,1552.12,2,0,0.06,0.06,830,15.38,0.08,0.06,16.92,FLYING,X10-F,0:/Integrated Flight Computer/aircraft/x10_f_cfg.ks (inferred preloaded)
58.36,CRUISE,,253.1,80,-173.1,1342.64,39.31,10.59,12.68,176.93,78.088,0.2549,0,-20,1,0.6,4.5,1.254,0.35,0.0168,0.4,0,15.694,0,103.148,0,180,0,0,0,8.85,0,0,7.35,90.37,0.7482,-0.0068,-0.6635,7,90.4,0,0,0,0,0,0,3,0,0,0,69,0,0,0,90.4,1,0,0,0,0,3,0,0,0,11.5,-7.947,0,0,0,0,0,0,VALID,0,0,0,0,0,1,0,0,0,0,0,0,0,0,0,0,0,0,0,0,509.56,1547.12,2,0,0.06,0.06,834,15.38,0.08,0.06,17.18,FLYING,X10-F,0:/Integrated Flight Computer/aircraft/x10_f_cfg.ks (inferred preloaded)
58.62,CRUISE,,252.55,80,-172.55,1352.28,37.46,9.42,12.51,177.91,80.422,0.1509,0,-20,1,0.6,4.5,1.254,0.35,0.0168,0.4,0,15.775,0,102.589,0,180,0,0,0,8.47,0,0,7.35,90.37,0.7482,-0.0068,-0.6635,7,90.4,0,0,0,0,0,0,3,0,0,0,69,0,0,0,90.4,1,0,0,0,0,3,0,0,0,11.5,-7.947,0,0,0,0,0,0,VALID,0,0,0,0,0,1,0,0,0,0,0,0,0,0,0,0,0,0,0,0,494.01,1543.43,2,0,0.06,0.06,838,15.38,0.08,0.06,17.44,FLYING,X10-F,0:/Integrated Flight Computer/aircraft/x10_f_cfg.ks (inferred preloaded)
58.88,CRUISE,,252,80,-172,1361.4,35.13,8.37,13.41,179.95,81.573,0.0469,0,-19.9,1,0.6,4.5,1.303,0.35,0.0168,0.4,3,15.853,15.853,102.05,1,180,0,0,0,7.98,0,0,7.35,90.37,0.7482,-0.0068,-0.6635,7,90.4,0,0,0,0,0,0,3,0,0,0,69,0,0,0,90.4,1,0,0,0,0,3,0,0,0,11.5,-7.947,0,0,0,0,0,0,VALID,0,0,0,0,0,1,0,0,0,0,0,0,0,0,0,0,0,0,0,0,465.88,1539.76,2,0,0.06,0.06,842,15.38,0.08,0.06,17.7,FLYING,X10-F,0:/Integrated Flight Computer/aircraft/x10_f_cfg.ks (inferred preloaded)
59.14,CRUISE,,251.12,80,-171.12,1370.01,32.69,7.68,13.31,181.16,82.16,0.0869,0,-20,1,0.6,4.5,1.547,0.35,0.0168,0.4,6.5,15.977,0,101.192,1,180,0,0,0,7.46,0,0,7.35,90.37,0.7482,-0.0068,-0.6635,7,90.4,0,0,0,0,0,0,3,0,0,0,69,0,0,0,90.4,1,0,0,0,0,3,0,0,0,11.5,-7.947,0,0,0,0,0,0,VALID,0,0,0,0,0,1,0,0,0,0,0,0,0,0,0,0,0,0,0,0,429.37,1534.31,2,0,0.06,0.06,846,15.38,0.08,0.06,17.96,FLYING,X10-F,0:/Integrated Flight Computer/aircraft/x10_f_cfg.ks (inferred preloaded)
59.46,CRUISE,,250.12,80,-170.12,1379.91,29.9,7.41,12.71,181.94,81.364,0.186,0,-20,1,0.6,4.5,1.547,0.35,0.0168,0.4,0,16.125,0,100.171,0,180,0,0,0,6.85,0,0,7.36,90.37,0.7482,-0.0068,-0.6635,7,90.4,0,0,0,0,0,0,3,0,0,0,69,0,0,0,90.4,1,0,0,0,0,3,0,0,0,11.5,-7.947,0,0,0,0,0,0,VALID,0,0,0,0,0,1,0,0,0,0,0,0,0,0,0,0,0,0,0,0,403.46,1528.14,2,0,0.06,0.06,851,16.67,0.08,0.06,18.28,FLYING,X10-F,0:/Integrated Flight Computer/aircraft/x10_f_cfg.ks (inferred preloaded)
59.76,CRUISE,,249.3,80,-169.3,1388.55,27.69,7.53,13.3,183.74,79.873,0.1097,0,-20,1,0.6,4.5,1.547,0.35,0.0168,0.4,0,16.243,0,99.362,0,180,0,0,0,6.37,0,0,7.36,90.37,0.7482,-0.0068,-0.6635,7,90.4,0,0,0,0,0,0,3,0,0,0,69,0,0,0,90.4,1,0,0,0,0,3,0,0,0,11.5,-7.947,0,0,0,0,0,0,VALID,0,0,0,0,0,1,0,0,0,0,0,0,0,0,0,0,0,0,0,0,384.46,1523.12,2,0,0.06,0.06,856,16.67,0.06,0.06,18.58,FLYING,X10-F,0:/Integrated Flight Computer/aircraft/x10_f_cfg.ks (inferred preloaded)
60.02,CRUISE,,248.45,80,-168.45,1395.54,26,7.62,13.61,185.22,78.447,0.1919,0,-20,1,0.6,4.5,1.547,0.35,0.0168,0.4,0,16.364,0,98.524,0,180,0,0,0,6,0,0,7.36,90.37,0.7482,-0.0068,-0.6635,7,90.4,0,0,0,0,0,0,3,0,0,0,69,0,0,0,90.4,1,0,0,0,0,3,0,0,0,11.5,-7.947,0,0,0,0,0,0,VALID,0,0,0,0,0,1,0,0,0,0,0,0,0,0,0,0,0,0,0,0,366.93,1517.99,2,0,0.06,0.06,860,15.38,0.08,0.06,18.84,FLYING,X10-F,0:/Integrated Flight Computer/aircraft/x10_f_cfg.ks (inferred preloaded)
60.34,CRUISE,,247.29,80,-167.29,1403.54,24.21,7.63,12.78,185.82,76.567,0.3199,0,-20,1,0.6,4.5,1.547,0.35,0.0168,0.4,0,16.532,0,97.364,0,180,0,0,0,5.62,0,0,7.36,90.36,0.7482,-0.0068,-0.6635,7,90.4,0,0,0,0,0,0,3,0,0,0,69,0,0,0,90.4,1,0,0,0,0,3,0,0,0,11.5,-7.947,0,0,0,0,0,0,VALID,0,0,0,0,0,1,0,0,0,0,0,0,0,0,0,0,0,0,0,0,363.34,1511.1,2,0,0.06,0.06,865,16.67,0.08,0.06,19.16,FLYING,X10-F,0:/Integrated Flight Computer/aircraft/x10_f_cfg.ks (inferred preloaded)
60.64,CRUISE,,246.52,80,-166.52,1410.5,22.6,7.5,11.06,185.21,73.257,0.242,0,-20,1,0.6,4.5,1.547,0.35,0.0168,0.4,0,16.65,0,96.55,0,180,0,0,0,5.26,0,0,7.36,90.36,0.7482,-0.0068,-0.6635,7,90.4,0,0,0,0,0,0,3,0,0,0,69,0,0,0,90.4,1,0,0,0,0,3,0,0,0,11.5,-7.947,0,0,0,0,0,0,VALID,0,0,0,0,0,1,0,0,0,0,0,0,0,0,0,0,0,0,0,0,367.99,1506.4,2,0,0.06,0.06,870,17.86,0.06,0.06,19.46,FLYING,X10-F,0:/Integrated Flight Computer/aircraft/x10_f_cfg.ks (inferred preloaded)
60.92,CRUISE,,246.23,80,-166.23,1416.59,21.26,7.38,9.52,184.51,69.767,0.13,0,-19.701,1,0.6,4.5,1.547,0.35,0.0168,0.4,0,16.696,0,96.232,0,180,0,0,0,4.96,0,0,7.36,90.36,0.7482,-0.0068,-0.6635,7,90.4,0,0,0,0,0,0,3,0,0,0,69,0,0,0,90.4,1,0,0,0,0,3,0,0,0,11.5,-7.947,0,0,0,0,0,0,VALID,0,0,0,0,0,1,0,0,0,0,0,0,0,0,0,0,0,0,0,0,362.18,1504.4,2,0,0.06,0.06,874,15.38,0.08,0.06,19.74,FLYING,X10-F,0:/Integrated Flight Computer/aircraft/x10_f_cfg.ks (inferred preloaded)
61.2,CRUISE,,246.19,80,-166.19,1422.29,19.98,7.22,8.17,183.83,65.886,0.018,0,-19.31,1,0.6,4.5,1.503,0.35,0.0168,0.4,5,16.703,16.703,96.188,1,180,0,0,0,4.66,0,0,7.36,90.36,0.7482,-0.0068,-0.6635,7,90.4,0,0,0,0,0,0,3,0,0,0,69,0,0,0,90.4,1,0,0,0,0,3,0,0,0,11.5,-7.947,0,0,0,0,0,0,VALID,0,0,0,0,0,1,0,0,0,0,0,0,0,0,0,0,0,0,0,0,341.57,1503.89,2,0,0.06,0.06,878,13.33,0.08,0.06,20.02,FLYING,X10-F,0:/Integrated Flight Computer/aircraft/x10_f_cfg.ks (inferred preloaded)
61.48,CRUISE,,246.31,80,-166.31,1427.64,18.71,7.04,7.06,183.22,61.487,0,0,-18.927,1,0.6,4.5,1.327,0.35,0.0168,0.4,12,16.687,16.687,96.297,1,180,0,0,0,4.36,0,0,7.36,90.36,0.7482,-0.0068,-0.6635,7,90.4,0,0,0,0,0,0,3,0,0,0,69,0,0,0,90.4,1,0,0,0,0,3,0,0,0,11.5,-7.947,0,0,0,0,0,0,VALID,0,0,0,0,0,1,0,0,0,0,0,0,0,0,0,0,0,0,0,0,310.74,1504.21,2,0,0.06,0.06,882,14.29,0.08,0.06,20.3,FLYING,X10-F,0:/Integrated Flight Computer/aircraft/x10_f_cfg.ks (inferred preloaded)
61.76,CRUISE,,246.48,80,-166.48,1432.64,17.46,6.88,6.2,182.73,56.504,0,0,-18.551,1,0.6,4.5,1.127,0.35,0.0168,0.4,16.663,16.663,16.663,96.463,1,180,0,0,0,4.07,0,0,7.36,90.36,0.7482,-0.0068,-0.6635,7,90.4,0,0,0,0,0,0,3,0,0,0,69,0,0,0,90.4,1,0,0,0,0,3,0,0,0,11.5,-7.947,0,0,0,0,0,0,VALID,0,0,0,0,0,1,0,0,0,0,0,0,0,0,0,0,0,0,0,0,281.75,1504.83,2,0,0.06,0.06,886,14.29,0.08,0.06,20.58,FLYING,X10-F,0:/Integrated Flight Computer/aircraft/x10_f_cfg.ks (inferred preloaded)
62.02,CRUISE,,246.64,80,-166.64,1436.98,16.32,6.76,5.61,182.37,51.397,0,0,-18.183,1,0.6,4.5,0.957,0.35,0.0168,0.4,16.639,16.639,16.639,96.627,1,180,0,0,0,3.81,0,0,7.36,90.36,0.7482,-0.0068,-0.6635,7,90.4,0,0,0,0,0,0,3,0,0,0,69,0,0,0,90.4,1,0,0,0,0,3,0,0,0,11.5,-7.947,0,0,0,0,0,0,VALID,0,0,0,0,0,1,0,0,0,0,0,0,0,0,0,0,0,0,0,0,257.27,1505.47,2,0,0.06,0.06,890,15.38,0.08,0.06,20.84,FLYING,X10-F,0:/Integrated Flight Computer/aircraft/x10_f_cfg.ks (inferred preloaded)
62.28,CRUISE,,246.8,80,-166.8,1441.05,15.23,6.71,5.22,182.1,45.962,0,0,-17.822,1,0.6,4.5,0.813,0.35,0.0168,0.4,16.616,16.616,16.616,96.786,1,180,0,0,0,3.55,0,0,7.36,90.36,0.7482,-0.0068,-0.6635,7,90.4,0,0,0,0,0,0,3,0,0,0,69,0,0,0,90.4,1,0,0,0,0,3,0,0,0,11.5,-7.947,0,0,0,0,0,0,VALID,0,0,0,0,0,1,0,0,0,0,0,0,0,0,0,0,0,0,0,0,234.92,1506.11,2,0,0.06,0.06,894,15.38,0.08,0.06,21.1,FLYING,X10-F,0:/Integrated Flight Computer/aircraft/x10_f_cfg.ks (inferred preloaded)
62.56,CRUISE,,246.95,80,-166.95,1445.14,14.12,6.71,4.99,181.87,39.959,0,0,-17.468,1,0.6,4.5,0.75,0.35,0.0168,0.4,16.593,16.593,16.593,96.942,1,180,0,0,0,3.29,0,0,7.36,90.36,0.7482,-0.0068,-0.6635,7,90.4,0,0,0,0,0,0,3,0,0,0,69,0,0,0,90.4,1,0,0,0,0,3,0,0,0,11.5,-7.947,0,0,0,0,0,0,VALID,0,0,0,0,0,1,0,0,0,0,0,0,0,0,0,0,0,0,0,0,213,1506.72,2,0,0.06,0.06,898,14.29,0.08,0.06,21.38,FLYING,X10-F,0:/Integrated Flight Computer/aircraft/x10_f_cfg.ks (inferred preloaded)
62.84,CRUISE,,247.08,80,-167.08,1448.95,13.12,6.77,4.89,181.68,34.034,0,0,-17.122,1,0.6,4.5,0.75,0.35,0.0168,0.4,16.575,16.575,16.575,97.069,1,180,0,0,0,3.05,0,0,7.36,90.36,0.7482,-0.0068,-0.6635,7,90.4,0,0,0,0,0,0,3,0,0,0,69,0,0,0,90.4,1,0,0,0,0,3,0,0,0,11.5,-7.947,0,0,0,0,0,0,VALID,0,0,0,0,0,1,0,0,0,0,0,0,0,0,0,0,0,0,0,0,193.11,1507.19,2,0,0.06,0.06,902,14.29,0.08,0.06,21.66,FLYING,X10-F,0:/Integrated Flight Computer/aircraft/x10_f_cfg.ks (inferred preloaded)
63.1,CRUISE,,247.16,80,-167.16,1452.26,12.28,6.83,4.85,181.49,28.796,0,0,-16.782,1,0.6,4.5,0.75,0.35,0.0168,0.4,16.562,16.562,16.562,97.156,1,180,0,0,0,2.86,0,0,7.36,90.36,0.7482,-0.0068,-0.6635,7,90.4,0,0,0,0,0,0,3,0,0,0,69,0,0,0,90.4,1,0,0,0,0,3,0,0,0,11.5,-7.947,0,0,0,0,0,0,VALID,0,0,0,0,0,1,0,0,0,0,0,0,0,0,0,0,0,0,0,0,176.29,1507.47,2,0,0.06,0.06,906,15.38,0.08,0.06,21.92,FLYING,X10-F,0:/Integrated Flight Computer/aircraft/x10_f_cfg.ks (inferred preloaded)
63.36,CRUISE,,247.21,80,-167.21,1455.35,11.51,6.87,4.85,181.29,23.961,0,0,-16.449,1,0.6,4.5,0.75,0.35,0.0168,0.4,16.555,16.555,16.555,97.21,1,180,0,0,0,2.68,0,0,7.36,90.35,0.7482,-0.0068,-0.6635,7,90.4,0,0,0,0,0,0,3,0,0,0,69,0,0,0,90.4,1,0,0,0,0,3,0,0,0,11.5,-7.947,0,0,0,0,0,0,VALID,0,0,0,0,0,1,0,0,0,0,0,0,0,0,0,0,0,0,0,0,160.92,1507.57,2,0,0.06,0.06,910,15.38,0.08,0.06,22.18,FLYING,X10-F,0:/Integrated Flight Computer/aircraft/x10_f_cfg.ks (inferred preloaded)
63.62,CRUISE,,247.23,80,-167.23,1458.25,10.82,6.91,4.88,181.08,19.629,0,0,-16.122,1,0.6,4.5,0.75,0.35,0.0168,0.4,16.551,16.551,16.551,97.231,1,180,0,0,0,2.52,0,0,7.36,90.35,0.7482,-0.0068,-0.6635,7,90.4,0,0,0,0,0,0,3,0,0,0,69,0,0,0,90.4,1,0,0,0,0,3,0,0,0,11.5,-7.947,0,0,0,0,0,0,VALID,0,0,0,0,0,1,0,0,0,0,0,0,0,0,0,0,0,0,0,0,146.87,1507.51,2,0,0.06,0.06,914,15.38,0.08,0.06,22.44,FLYING,X10-F,0:/Integrated Flight Computer/aircraft/x10_f_cfg.ks (inferred preloaded)
63.9,CRUISE,,247.22,80,-167.22,1461.18,10.12,6.92,4.91,180.87,15.595,0,0,-15.802,1,0.6,4.5,0.75,0.35,0.0168,0.4,16.553,16.553,16.553,97.219,1,180,0,0,0,2.36,0,0,7.36,90.35,0.7482,-0.0068,-0.6635,7,90.4,0,0,0,0,0,0,3,0,0,0,69,0,0,0,90.4,1,0,0,0,0,3,0,0,0,11.5,-7.947,0,0,0,0,0,0,VALID,0,0,0,0,0,1,0,0,0,0,0,0,0,0,0,0,0,0,0,0,133.09,1507.26,2,0,0.06,0.06,918,14.29,0.08,0.06,22.72,FLYING,X10-F,0:/Integrated Flight Computer/aircraft/x10_f_cfg.ks (inferred preloaded)
64.18,CRUISE,,247.17,80,-167.17,1463.91,9.49,6.91,4.96,180.67,12.247,0,0,-15.488,1,0.6,4.5,0.75,0.35,0.0168,0.4,16.56,16.56,16.56,97.173,1,180,0,0,0,2.21,0,0,7.36,90.35,0.7482,-0.0068,-0.6635,7,90.4,0,0,0,0,0,0,3,0,0,0,69,0,0,0,90.4,1,0,0,0,0,3,0,0,0,11.5,-7.947,0,0,0,0,0,0,VALID,0,0,0,0,0,1,0,0,0,0,0,0,0,0,0,0,0,0,0,0,120.59,1506.84,2,0,0.06,0.06,922,14.29,0.08,0.06,23,FLYING,X10-F,0:/Integrated Flight Computer/aircraft/x10_f_cfg.ks (inferred preloaded)
64.46,CRUISE,,247.09,80,-167.09,1466.44,8.85,6.78,4.91,180.48,9.181,0,0,-15.181,1,0.6,4.5,0.75,0.35,0.0168,0.4,16.572,16.572,16.572,97.092,1,180,0,0,0,2.06,0,0,7.36,90.35,0.7482,-0.0068,-0.6635,7,90.4,0,0,0,0,0,0,3,0,0,0,69,0,0,0,90.4,1,0,0,0,0,3,0,0,0,11.5,-7.947,0,0,0,0,0,0,VALID,0,0,0,0,0,1,0,0,0,0,0,0,0,0,0,0,0,0,0,0,109.26,1506.24,2,0,0.06,0.06,926,14.29,0.08,0.06,23.28,FLYING,X10-F,0:/Integrated Flight Computer/aircraft/x10_f_cfg.ks (inferred preloaded)
64.74,CRUISE,,246.98,80,-166.98,1468.81,8.26,6.7,4.93,180.33,7.346,0,0,-14.88,1,0.6,4.5,0.75,0.35,0.0168,0.4,16.587,16.587,16.587,96.987,1,180,0,0,0,1.93,0,0,7.36,90.35,0.7482,-0.0068,-0.6635,7,90.4,0,0,0,0,0,0,3,0,0,0,69,0,0,0,90.4,1,0,0,0,0,3,0,0,0,11.5,-7.947,0,0,0,0,0,0,VALID,0,0,0,0,0,1,0,0,0,0,0,0,0,0,0,0,0,0,0,0,98.97,1505.5,2,0,0.06,0.06,930,14.29,0.08,0.06,23.56,FLYING,X10-F,0:/Integrated Flight Computer/aircraft/x10_f_cfg.ks (inferred preloaded)
65.02,CRUISE,,246.85,80,-166.85,1471.02,7.65,6.68,5.03,180.28,6.198,0,0,-14.584,1,0.6,4.5,0.75,0.35,0.0168,0.4,16.605,16.605,16.605,96.859,1,180,0,0,0,1.79,0,0,7.36,90.35,0.7482,-0.0068,-0.6635,7,90.4,0,0,0,0,0,0,3,0,0,0,69,0,0,0,90.4,1,0,0,0,0,3,0,0,0,11.5,-7.947,0,0,0,0,0,0,VALID,0,0,0,0,0,1,0,0,0,0,0,0,0,0,0,0,0,0,0,0,89.66,1504.67,2,0,0.06,0.06,934,14.29,0.08,0.06,23.84,FLYING,X10-F,0:/Integrated Flight Computer/aircraft/x10_f_cfg.ks (inferred preloaded)
65.3,CRUISE,,246.7,80,-166.7,1473.08,7.1,6.66,5.12,180.23,5.084,0,0,-14.295,1,0.6,4.5,0.75,0.35,0.0168,0.4,16.627,16.627,16.627,96.708,1,180,0,0,0,1.66,0,0,7.36,90.35,0.7482,-0.0068,-0.6635,7,90.4,0,0,0,0,0,0,3,0,0,0,69,0,0,0,90.4,1,0,0,0,0,3,0,0,0,11.5,-7.947,0,0,0,0,0,0,VALID,0,0,0,0,0,1,0,0,0,0,0,0,0,0,0,0,0,0,0,0,81.21,1503.71,2,0,0.06,0.06,938,14.29,0.08,0.06,24.12,FLYING,X10-F,0:/Integrated Flight Computer/aircraft/x10_f_cfg.ks (inferred preloaded)
65.58,CRUISE,,246.52,80,-166.52,1474.98,6.58,6.65,5.21,180.19,4.084,0,0,-14.011,1,0.6,4.5,0.75,0.35,0.0168,0.4,16.653,16.653,16.653,96.532,1,180,0,0,0,1.54,0,0,7.36,90.35,0.7482,-0.0068,-0.6635,7,90.4,0,0,0,0,0,0,3,0,0,0,69,0,0,0,90.4,1,0,0,0,0,3,0,0,0,11.5,-7.947,0,0,0,0,0,0,VALID,0,0,0,0,0,1,0,0,0,0,0,0,0,0,0,0,0,0,0,0,73.55,1502.62,2,0,0.06,0.06,942,14.29,0.08,0.06,24.4,FLYING,X10-F,0:/Integrated Flight Computer/aircraft/x10_f_cfg.ks (inferred preloaded)
65.86,CRUISE,,246.32,80,-166.32,1476.75,6.1,6.64,5.3,180.15,3.241,0,0,-13.733,1,0.6,4.5,0.75,0.35,0.0168,0.4,16.682,16.682,16.682,96.332,1,180,0,0,0,1.43,0,0,7.36,90.35,0.7482,-0.0068,-0.6635,7,90.4,0,0,0,0,0,0,3,0,0,0,69,0,0,0,90.4,1,0,0,0,0,3,0,0,0,11.5,-7.947,0,0,0,0,0,0,VALID,0,0,0,0,0,1,0,0,0,0,0,0,0,0,0,0,0,0,0,0,66.61,1501.41,2,0,0.06,0.06,946,14.29,0.08,0.06,24.68,FLYING,X10-F,0:/Integrated Flight Computer/aircraft/x10_f_cfg.ks (inferred preloaded)
66.14,CRUISE,,246.09,80,-166.09,1478.39,5.64,6.63,5.39,180.11,2.558,0,0,-13.46,1,0.6,4.5,0.75,0.35,0.0168,0.4,16.714,16.714,16.714,96.111,1,180,0,0,0,1.32,0,0,7.36,90.35,0.7482,-0.0068,-0.6635,7,90.4,0,0,0,0,0,0,3,0,0,0,69,0,0,0,90.4,1,0,0,0,0,3,0,0,0,11.5,-7.947,0,0,0,0,0,0,VALID,0,0,0,0,0,1,0,0,0,0,0,0,0,0,0,0,0,0,0,0,60.31,1500.09,2,0,0.06,0.06,950,14.29,0.08,0.06,24.96,FLYING,X10-F,0:/Integrated Flight Computer/aircraft/x10_f_cfg.ks (inferred preloaded)
66.42,CRUISE,,245.85,80,-165.85,1479.9,5.22,6.63,5.48,180.08,2.019,0,0,-13.193,1,0.6,4.5,0.75,0.35,0.0168,0.4,16.749,16.749,16.749,95.868,1,180,0,0,0,1.22,0,0,7.36,90.34,0.7482,-0.0068,-0.6635,7,90.4,0,0,0,0,0,0,3,0,0,0,69,0,0,0,90.4,1,0,0,0,0,3,0,0,0,11.5,-7.947,0,0,0,0,0,0,VALID,0,0,0,0,0,1,0,0,0,0,0,0,0,0,0,0,0,0,0,0,54.61,1498.66,2,0,0.06,0.06,954,14.29,0.08,0.06,25.24,FLYING,X10-F,0:/Integrated Flight Computer/aircraft/x10_f_cfg.ks (inferred preloaded)
66.7,CRUISE,,245.59,80,-165.59,1481.3,4.83,6.63,5.57,180.05,1.6,0,0,-12.931,1,0.6,4.5,0.75,0.35,0.0168,0.4,16.787,16.787,16.787,95.607,1,180,0,0,0,1.13,0,0,7.36,90.34,0.7482,-0.0068,-0.6635,7,90.4,0,0,0,0,0,0,3,0,0,0,69,0,0,0,90.4,1,0,0,0,0,3,0,0,0,11.5,-7.947,0,0,0,0,0,0,VALID,0,0,0,0,0,1,0,0,0,0,0,0,0,0,0,0,0,0,0,0,49.45,1497.14,2,0,0.06,0.06,958,14.29,0.08,0.06,25.52,FLYING,X10-F,0:/Integrated Flight Computer/aircraft/x10_f_cfg.ks (inferred preloaded)
66.98,CRUISE,,245.31,80,-165.31,1482.6,4.47,6.64,5.65,180.04,1.278,0,0,-12.674,1,0.6,4.5,0.75,0.35,0.0168,0.4,16.827,16.827,16.827,95.328,1,180,0,0,0,1.05,0,0,7.36,90.34,0.7482,-0.0068,-0.6635,7,90.4,0,0,0,0,0,0,3,0,0,0,69,0,0,0,90.4,1,0,0,0,0,3,0,0,0,11.5,-7.947,0,0,0,0,0,0,VALID,0,0,0,0,0,1,0,0,0,0,0,0,0,0,0,0,0,0,0,0,44.77,1495.53,2,0,0.06,0.06,962,14.29,0.08,0.06,25.8,FLYING,X10-F,0:/Integrated Flight Computer/aircraft/x10_f_cfg.ks (inferred preloaded)
67.26,CRUISE,,245.01,80,-165.01,1483.81,4.13,6.64,5.73,180.02,1.03,0,0,-12.423,1,0.6,4.5,0.75,0.35,0.0168,0.4,16.87,16.87,16.87,95.033,1,180,0,0,0,0.97,0,0,7.36,90.34,0.7482,-0.0068,-0.6635,7,90.4,0,0,0,0,0,0,3,0,0,0,69,0,0,0,90.4,1,0,0,0,0,3,0,0,0,11.5,-7.947,0,0,0,0,0,0,VALID,0,0,0,0,0,1,0,0,0,0,0,0,0,0,0,0,0,0,0,0,40.53,1493.83,2,0,0.06,0.06,966,14.29,0.08,0.06,26.08,FLYING,X10-F,0:/Integrated Flight Computer/aircraft/x10_f_cfg.ks (inferred preloaded)
67.54,CRUISE,,244.7,80,-164.7,1484.92,3.83,6.65,5.8,180.01,0.841,0,0,-12.176,1,0.6,4.5,0.788,0.35,0.0168,0.4,16.915,16.915,16.915,94.722,1,180,0,0,0,0.9,0,0,7.36,90.34,0.7482,-0.0068,-0.6635,7,90.4,0,0,0,0,0,0,3,0,0,0,69,0,0,0,90.4,1,0,0,0,0,3,0,0,0,11.5,-7.947,0,0,0,0,0,0,VALID,0,0,0,0,0,1,0,0,0,0,0,0,0,0,0,0,0,0,0,0,36.69,1492.06,2,0,0.06,0.06,970,14.29,0.08,0.06,26.36,FLYING,X10-F,0:/Integrated Flight Computer/aircraft/x10_f_cfg.ks (inferred preloaded)
67.82,CRUISE,,244.37,80,-164.37,1485.95,3.54,6.66,5.87,180,0.695,0,0,-11.935,1,0.6,4.5,0.853,0.35,0.0168,0.4,16.962,16.962,16.962,94.397,1,180,0,0,0,0.83,0,0,7.36,90.34,0.7482,-0.0068,-0.6635,7,90.4,0,0,0,0,0,0,3,0,0,0,69,0,0,0,90.4,1,0,0,0,0,3,0,0,0,11.5,-7.947,0,0,0,0,0,0,VALID,0,0,0,0,0,1,0,0,0,0,0,0,0,0,0,0,0,0,0,0,33.21,1490.21,2,0,0.06,0.06,974,14.29,0.08,0.06,26.64,FLYING,X10-F,0:/Integrated Flight Computer/aircraft/x10_f_cfg.ks (inferred preloaded)
68.1,CRUISE,,244.03,80,-164.03,1486.9,3.28,6.66,5.94,180,0.582,0,0,-11.698,1,0.6,4.5,0.917,0.35,0.0168,0.4,17.011,17.011,17.011,94.06,1,180,0,0,0,0.77,0,0,7.36,90.34,0.7482,-0.0068,-0.6635,7,90.4,0,0,0,0,0,0,3,0,0,0,69,0,0,0,90.4,1,0,0,0,0,3,0,0,0,11.5,-7.947,0,0,0,0,0,0,VALID,0,0,0,0,0,1,0,0,0,0,0,0,0,0,0,0,0,0,0,0,30.06,1488.3,2,0,0.06,0.06,978,14.29,0.08,0.06,26.92,FLYING,X10-F,0:/Integrated Flight Computer/aircraft/x10_f_cfg.ks (inferred preloaded)
68.38,CRUISE,,243.68,80,-163.68,1487.78,3.03,6.67,6,180,0.495,0,0,-11.465,1,0.6,4.5,0.978,0.35,0.0168,0.4,17.062,17.062,17.062,93.71,1,180,0,0,0,0.72,0,0,7.36,90.34,0.7482,-0.0068,-0.6635,7,90.4,0,0,0,0,0,0,3,0,0,0,69,0,0,0,90.4,1,0,0,0,0,3,0,0,0,11.5,-7.947,0,0,0,0,0,0,VALID,0,0,0,0,0,1,0,0,0,0,0,0,0,0,0,0,0,0,0,0,27.21,1486.33,2,0,0.06,0.06,982,14.29,0.08,0.06,27.2,FLYING,X10-F,0:/Integrated Flight Computer/aircraft/x10_f_cfg.ks (inferred preloaded)
68.66,CRUISE,,243.32,80,-163.32,1488.6,2.8,6.69,6.07,179.99,0.427,0,0,-11.238,1,0.6,4.5,1.038,0.35,0.0168,0.4,17.114,17.114,17.114,93.35,1,180,0,0,0,0.66,0,0,7.36,90.34,0.7482,-0.0068,-0.6635,7,90.4,0,0,0,0,0,0,3,0,0,0,69,0,0,0,90.4,1,0,0,0,0,3,0,0,0,11.5,-7.947,0,0,0,0,0,0,VALID,0,0,0,0,0,1,0,0,0,0,0,0,0,0,0,0,0,0,0,0,24.63,1484.3,2,0,0.06,0.06,986,14.29,0.08,0.06,27.48,FLYING,X10-F,0:/Integrated Flight Computer/aircraft/x10_f_cfg.ks (inferred preloaded)
68.94,CRUISE,,242.95,80,-162.95,1489.36,2.59,6.7,6.13,179.99,0.373,0,0,-11.015,1,0.6,4.5,1.094,0.35,0.0168,0.4,17.168,17.168,17.168,92.979,1,180,0,0,0,0.61,0,0,7.36,90.34,0.7482,-0.0068,-0.6635,7,90.4,0,0,0,0,0,0,3,0,0,0,69,0,0,0,90.4,1,0,0,0,0,3,0,0,0,11.5,-7.947,0,0,0,0,0,0,VALID,0,0,0,0,0,1,0,0,0,0,0,0,0,0,0,0,0,0,0,0,22.29,1482.23,2,0,0.06,0.06,990,14.29,0.08,0.06,27.76,FLYING,X10-F,0:/Integrated Flight Computer/aircraft/x10_f_cfg.ks (inferred preloaded)
69.22,CRUISE,,242.57,80,-162.57,1490.06,2.4,6.72,6.18,179.99,0.33,0,0,-10.796,1,0.6,4.5,1.149,0.35,0.0168,0.4,17.223,17.223,17.223,92.599,1,180,0,0,0,0.57,0,0,7.36,90.34,0.7482,-0.0068,-0.6635,7,90.4,0,0,0,0,0,0,3,0,0,0,69,0,0,0,90.4,1,0,0,0,0,3,0,0,0,11.5,-7.947,0,0,0,0,0,0,VALID,0,0,0,0,0,1,0,0,0,0,0,0,0,0,0,0,0,0,0,0,20.17,1480.1,2,0,0.06,0.06,994,14.29,0.08,0.06,28.04,FLYING,X10-F,0:/Integrated Flight Computer/aircraft/x10_f_cfg.ks (inferred preloaded)
69.5,CRUISE,,242.18,80,-162.18,1490.71,2.22,6.73,6.24,179.99,0.294,0,0,-10.582,1,0.6,4.5,1.201,0.35,0.0168,0.4,17.28,17.28,17.28,92.209,1,180,0,0,0,0.53,0,0,7.36,90.34,0.7482,-0.0068,-0.6635,7,90.4,0,0,0,0,0,0,3,0,0,0,69,0,0,0,90.4,1,0,0,0,0,3,0,0,0,11.5,-7.947,0,0,0,0,0,0,VALID,0,0,0,0,0,1,0,0,0,0,0,0,0,0,0,0,0,0,0,0,18.26,1477.93,2,0,0.06,0.06,998,14.29,0.08,0.06,28.32,FLYING,X10-F,0:/Integrated Flight Computer/aircraft/x10_f_cfg.ks (inferred preloaded)
69.78,CRUISE,,241.78,80,-161.78,1491.31,2.06,6.75,6.29,179.99,0.265,0,0,-10.372,1,0.6,4.5,1.25,0.35,0.0168,0.4,17.337,17.337,17.337,91.812,1,180,0,0,0,0.49,0,0,7.36,90.33,0.7482,-0.0068,-0.6635,7,90.4,0,0,0,0,0,0,3,0,0,0,69,0,0,0,90.4,1,0,0,0,0,3,0,0,0,11.5,-7.947,0,0,0,0,0,0,VALID,0,0,0,0,0,1,0,0,0,0,0,0,0,0,0,0,0,0,0,0,16.52,1475.72,2,0,0.06,0.06,1002,14.29,0.08,0.06,28.6,FLYING,X10-F,0:/Integrated Flight Computer/aircraft/x10_f_cfg.ks (inferred preloaded)
70.06,CRUISE,,241.38,80,-161.38,1491.87,1.9,6.77,6.34,179.99,0.242,0,0,-10.166,1,0.6,4.5,1.297,0.35,0.0168,0.4,17.396,17.396,17.396,91.407,1,180,0,0,0,0.45,0,0,7.37,90.33,0.7482,-0.0068,-0.6635,7,90.4,0,0,0,0,0,0,3,0,0,0,69,0,0,0,90.4,1,0,0,0,0,3,0,0,0,11.5,-7.947,0,0,0,0,0,0,VALID,0,0,0,0,0,1,0,0,0,0,0,0,0,0,0,0,0,0,0,0,14.95,1473.47,2,0,0.06,0.06,1006,14.29,0.08,0.06,28.88,FLYING,X10-F,0:/Integrated Flight Computer/aircraft/x10_f_cfg.ks (inferred preloaded)
70.34,CRUISE,,240.97,80,-160.97,1492.38,1.77,6.79,6.39,179.99,0.223,0,0,-9.964,1,0.6,4.5,1.341,0.35,0.0168,0.4,17.456,17.456,17.456,90.995,1,180,0,0,0,0.42,0,0,7.37,90.33,0.7482,-0.0068,-0.6635,7,90.4,0,0,0,0,0,0,3,0,0,0,69,0,0,0,90.4,1,0,0,0,0,3,0,0,0,11.5,-7.947,0,0,0,0,0,0,VALID,0,0,0,0,0,1,0,0,0,0,0,0,0,0,0,0,0,0,0,0,13.53,1471.19,2,0,0.06,0.06,1010,14.29,0.08,0.06,29.16,FLYING,X10-F,0:/Integrated Flight Computer/aircraft/x10_f_cfg.ks (inferred preloaded)
70.62,CRUISE,,240.55,80,-160.55,1492.86,1.63,6.8,6.44,179.99,0.205,0,0,-9.766,1,0.6,4.5,1.383,0.35,0.0168,0.4,17.516,17.516,17.516,90.576,1,180,0,0,0,0.39,0,0,7.37,90.33,0.7482,-0.0068,-0.6635,7,90.4,0,0,0,0,0,0,3,0,0,0,69,0,0,0,90.4,1,0,0,0,0,3,0,0,0,11.5,-7.947,0,0,0,0,0,0,VALID,0,0,0,0,0,1,0,0,0,0,0,0,0,0,0,0,0,0,0,0,12.24,1468.87,2,0,0.06,0.06,1014,14.29,0.08,0.06,29.44,FLYING,X10-F,0:/Integrated Flight Computer/aircraft/x10_f_cfg.ks (inferred preloaded)
70.9,CRUISE,,240.12,80,-160.12,1493.31,1.51,6.82,6.48,179.99,0.192,0,0,-9.572,1,0.6,4.5,1.422,0.35,0.0168,0.4,17.578,17.578,17.578,90.151,1,180,0,0,0,0.36,0,0,7.37,90.33,0.7482,-0.0068,-0.6635,7,90.4,0,0,0,0,0,0,3,0,0,0,69,0,0,0,90.4,1,0,0,0,0,3,0,0,0,11.5,-7.947,0,0,0,0,0,0,VALID,0,0,0,0,0,1,0,0,0,0,0,0,0,0,0,0,0,0,0,0,11.08,1466.53,2,0,0.06,0.06,1018,14.29,0.08,0.06,29.72,FLYING,X10-F,0:/Integrated Flight Computer/aircraft/x10_f_cfg.ks (inferred preloaded)
71.18,CRUISE,,239.69,80,-159.69,1493.72,1.4,6.84,6.53,179.99,0.18,0,0,-9.382,1,0.6,4.5,1.459,0.35,0.0168,0.4,17.64,17.64,17.64,89.721,1,180,0,0,0,0.34,0,0,7.37,90.33,0.7482,-0.0068,-0.6635,7,90.4,0,0,0,0,0,0,3,0,0,0,69,0,0,0,90.4,1,0,0,0,0,3,0,0,0,11.5,-7.947,0,0,0,0,0,0,VALID,0,0,0,0,0,1,0,0,0,0,0,0,0,0,0,0,0,0,0,0,10.03,1464.15,2,0,0.06,0.06,1022,14.29,0.08,0.06,30,FLYING,X10-F,0:/Integrated Flight Computer/aircraft/x10_f_cfg.ks (inferred preloaded)
71.46,CRUISE,,239.25,80,-159.25,1494.1,1.29,6.86,6.57,179.99,0.17,0,0,-9.196,1,0.6,4.5,1.494,0.35,0.0168,0.4,17.704,17.704,17.704,89.285,1,180,0,0,0,0.31,0,0,7.37,90.33,0.7482,-0.0068,-0.6635,7,90.4,0,0,0,0,0,0,3,0,0,0,69,0,0,0,90.4,1,0,0,0,0,3,0,0,0,11.5,-7.947,0,0,0,0,0,0,VALID,0,0,0,0,0,1,0,0,0,0,0,0,0,0,0,0,0,0,0,0,9.07,1461.75,2,0,0.06,0.06,1026,14.29,0.08,0.06,30.28,FLYING,X10-F,0:/Integrated Flight Computer/aircraft/x10_f_cfg.ks (inferred preloaded)
71.74,CRUISE,,238.81,80,-158.81,1494.46,1.2,6.88,6.61,179.99,0.163,0,0,-9.014,1,0.6,4.5,1.527,0.35,0.0168,0.4,17.768,17.768,17.768,88.844,1,180,0,0,0,0.29,0,0,7.37,90.33,0.7482,-0.0068,-0.6635,7,90.4,0,0,0,0,0,0,3,0,0,0,69,0,0,0,90.4,1,0,0,0,0,3,0,0,0,11.5,-7.947,0,0,0,0,0,0,VALID,0,0,0,0,0,1,0,0,0,0,0,0,0,0,0,0,0,0,0,0,8.21,1459.32,2,0,0.06,0.06,1030,14.29,0.08,0.06,30.56,FLYING,X10-F,0:/Integrated Flight Computer/aircraft/x10_f_cfg.ks (inferred preloaded)
72.02,CRUISE,,238.37,80,-158.37,1494.78,1.11,6.9,6.65,179.99,0.154,0,0,-8.835,1,0.6,4.5,1.558,0.35,0.0168,0.4,17.832,17.832,17.832,88.398,1,180,0,0,0,0.27,0,0,7.37,90.33,0.7482,-0.0068,-0.6635,7,90.4,0,0,0,0,0,0,3,0,0,0,69,0,0,0,90.4,1,0,0,0,0,3,0,0,0,11.5,-7.947,0,0,0,0,0,0,VALID,0,0,0,0,0,1,0,0,0,0,0,0,0,0,0,0,0,0,0,0,7.43,1456.87,2,0,0.06,0.06,1034,14.29,0.08,0.06,30.84,FLYING,X10-F,0:/Integrated Flight Computer/aircraft/x10_f_cfg.ks (inferred preloaded)
72.3,CRUISE,,237.91,80,-157.91,1495.09,1.04,6.93,6.69,179.99,0.147,0,0,-8.659,1,0.6,4.5,1.587,0.35,0.0168,0.4,17.898,17.898,17.898,87.947,1,180,0,0,0,0.25,0,0,7.37,90.33,0.7482,-0.0068,-0.6635,7,90.4,0,0,0,0,0,0,3,0,0,0,69,0,0,0,90.4,1,0,0,0,0,3,0,0,0,11.5,-7.947,0,0,0,0,0,0,VALID,0,0,0,0,0,1,0,0,0,0,0,0,0,0,0,0,0,0,0,0,6.72,1454.4,2,0,0.06,0.06,1038,14.29,0.08,0.06,31.12,FLYING,X10-F,0:/Integrated Flight Computer/aircraft/x10_f_cfg.ks (inferred preloaded)
72.58,CRUISE,,237.46,80,-157.46,1495.38,0.96,6.95,6.73,179.99,0.143,0,0,-8.487,1,0.6,4.5,1.615,0.35,0.0168,0.4,17.964,17.964,17.964,87.492,1,180,0,0,0,0.23,0,0,7.37,90.33,0.7482,-0.0068,-0.6635,7,90.4,0,0,0,0,0,0,3,0,0,0,69,0,0,0,90.4,1,0,0,0,0,3,0,0,0,11.5,-7.947,0,0,0,0,0,0,VALID,0,0,0,0,0,1,0,0,0,0,0,0,0,0,0,0,0,0,0,0,6.08,1451.91,2,0,0.06,0.06,1042,14.29,0.08,0.06,31.4,FLYING,X10-F,0:/Integrated Flight Computer/aircraft/x10_f_cfg.ks (inferred preloaded)
72.86,CRUISE,,237,80,-157,1495.64,0.89,6.97,6.77,179.99,0.135,0,0,-8.319,1,0.6,4.5,1.641,0.35,0.0168,0.4,18.03,18.03,18.03,87.033,1,180,0,0,0,0.22,0,0,7.37,90.32,0.7482,-0.0068,-0.6635,7,90.4,0,0,0,0,0,0,3,0,0,0,69,0,0,0,90.4,1,0,0,0,0,3,0,0,0,11.5,-7.947,0,0,0,0,0,0,VALID,0,0,0,0,0,1,0,0,0,0,0,0,0,0,0,0,0,0,0,0,5.5,1449.4,2,0,0.06,0.06,1046,14.29,0.08,0.06,31.68,FLYING,X10-F,0:/Integrated Flight Computer/aircraft/x10_f_cfg.ks (inferred preloaded)
73.14,CRUISE,,236.54,80,-156.54,1495.89,0.83,6.99,6.8,179.99,0.128,0,0,-8.154,1,0.6,4.5,1.665,0.35,0.0168,0.4,18.097,18.097,18.097,86.571,1,180,0,0,0,0.2,0,0,7.37,90.32,0.7482,-0.0068,-0.6635,7,90.4,0,0,0,0,0,0,3,0,0,0,69,0,0,0,90.4,1,0,0,0,0,3,0,0,0,11.5,-7.947,0,0,0,0,0,0,VALID,0,0,0,0,0,1,0,0,0,0,0,0,0,0,0,0,0,0,0,0,4.98,1446.87,2,0,0.06,0.06,1050,14.29,0.08,0.06,31.96,FLYING,X10-F,0:/Integrated Flight Computer/aircraft/x10_f_cfg.ks (inferred preloaded)
73.42,CRUISE,,236.07,80,-156.07,1496.11,0.77,7.02,6.84,179.99,0.125,0,0,-7.992,1,0.6,4.5,1.688,0.35,0.0168,0.4,18.165,18.165,18.165,86.105,1,180,0,0,0,0.19,0,0,7.37,90.32,0.7482,-0.0068,-0.6635,7,90.4,0,0,0,0,0,0,3,0,0,0,69,0,0,0,90.4,1,0,0,0,0,3,0,0,0,11.5,-7.947,0,0,0,0,0,0,VALID,0,0,0,0,0,1,0,0,0,0,0,0,0,0,0,0,0,0,0,0,4.5,1444.33,2,0,0.06,0.06,1054,14.29,0.08,0.06,32.24,FLYING,X10-F,0:/Integrated Flight Computer/aircraft/x10_f_cfg.ks (inferred preloaded)
73.7,CRUISE,,235.6,80,-155.6,1496.33,0.71,7.04,6.88,179.99,0.122,0,0,-7.833,1,0.6,4.5,1.71,0.35,0.0168,0.4,18.233,18.233,18.233,85.635,1,180,0,0,0,0.17,0,0,7.37,90.32,0.7482,-0.0068,-0.6635,7,90.4,0,0,0,0,0,0,3,0,0,0,69,0,0,0,90.4,1,0,0,0,0,3,0,0,0,11.5,-7.947,0,0,0,0,0,0,VALID,0,0,0,0,0,1,0,0,0,0,0,0,0,0,0,0,0,0,0,0,4.07,1441.76,2,0,0.06,0.06,1058,14.29,0.08,0.06,32.52,FLYING,X10-F,0:/Integrated Flight Computer/aircraft/x10_f_cfg.ks (inferred preloaded)
73.98,CRUISE,,235.13,80,-155.13,1496.53,0.66,7.07,6.92,180,0.116,0,0,-7.678,1,0.6,4.5,1.73,0.35,0.0168,0.4,18.302,18.302,18.302,85.161,1,180,0,0,0,0.16,0,0,7.37,90.32,0.7482,-0.0068,-0.6635,7,90.4,0,0,0,0,0,0,3,0,0,0,69,0,0,0,90.4,1,0,0,0,0,3,0,0,0,11.5,-7.947,0,0,0,0,0,0,VALID,0,0,0,0,0,1,0,0,0,0,0,0,0,0,0,0,0,0,0,0,3.69,1439.18,2,0,0.06,0.06,1062,14.29,0.08,0.06,32.8,FLYING,X10-F,0:/Integrated Flight Computer/aircraft/x10_f_cfg.ks (inferred preloaded)
74.26,CRUISE,,234.65,80,-154.65,1496.71,0.61,7.09,6.95,180,0.112,0,0,-7.525,1,0.6,4.5,1.75,0.35,0.0168,0.4,18.371,18.371,18.371,84.684,1,180,0,0,0,0.15,0,0,7.37,90.32,0.7482,-0.0068,-0.6635,7,90.4,0,0,0,0,0,0,3,0,0,0,69,0,0,0,90.4,1,0,0,0,0,3,0,0,0,11.5,-7.947,0,0,0,0,0,0,VALID,0,0,0,0,0,1,0,0,0,0,0,0,0,0,0,0,0,0,0,0,3.33,1436.59,2,0,0.06,0.06,1066,14.29,0.08,0.06,33.08,FLYING,X10-F,0:/Integrated Flight Computer/aircraft/x10_f_cfg.ks (inferred preloaded)
74.54,CRUISE,,234.17,80,-154.17,1496.88,0.57,7.12,6.99,180,0.109,0,0,-7.376,1,0.6,4.5,1.768,0.35,0.0168,0.4,18.44,18.44,18.44,84.204,1,180,0,0,0,0.14,0,0,7.37,90.32,0.7482,-0.0068,-0.6635,7,90.4,0,0,0,0,0,0,3,0,0,0,69,0,0,0,90.4,1,0,0,0,0,3,0,0,0,11.5,-7.947,0,0,0,0,0,0,VALID,0,0,0,0,0,1,0,0,0,0,0,0,0,0,0,0,0,0,0,0,3.02,1433.98,2,0,0.06,0.06,1070,14.29,0.08,0.06,33.36,FLYING,X10-F,0:/Integrated Flight Computer/aircraft/x10_f_cfg.ks (inferred preloaded)
74.82,CRUISE,,233.69,80,-153.69,1497.04,0.53,7.14,7.02,180,0.105,0,0,-7.23,1,0.6,4.5,1.786,0.35,0.0168,0.4,18.51,18.51,18.51,83.721,1,180,0,0,0,0.13,0,0,7.37,90.32,0.7482,-0.0068,-0.6635,7,90.4,0,0,0,0,0,0,3,0,0,0,69,0,0,0,90.4,1,0,0,0,0,3,0,0,0,11.5,-7.947,0,0,0,0,0,0,VALID,0,0,0,0,0,1,0,0,0,0,0,0,0,0,0,0,0,0,0,0,2.73,1431.35,2,0,0.06,0.06,1074,14.29,0.08,0.06,33.64,FLYING,X10-F,0:/Integrated Flight Computer/aircraft/x10_f_cfg.ks (inferred preloaded)
75.1,CRUISE,,233.2,80,-153.2,1497.19,0.49,7.17,7.06,180,0.102,0,0,-7.086,1,0.6,4.5,1.803,0.35,0.0168,0.4,18.581,18.581,18.581,83.235,1,180,0,0,0,0.12,0,0,7.37,90.32,0.7482,-0.0068,-0.6635,7,90.4,0,0,0,0,0,0,3,0,0,0,69,0,0,0,90.4,1,0,0,0,0,3,0,0,0,11.5,-7.947,0,0,0,0,0,0,VALID,0,0,0,0,0,1,0,0,0,0,0,0,0,0,0,0,0,0,0,0,2.47,1428.72,2,0,0.06,0.06,1078,14.29,0.08,0.06,33.92,FLYING,X10-F,0:/Integrated Flight Computer/aircraft/x10_f_cfg.ks (inferred preloaded)
75.38,CRUISE,,232.71,80,-152.71,1497.33,0.46,7.2,7.09,180,0.1,0,0,-6.945,1,0.6,4.5,1.819,0.35,0.0168,0.4,18.652,18.652,18.652,82.746,1,180,0,0,0,0.11,0,0,7.37,90.32,0.7482,-0.0068,-0.6635,7,90.4,0,0,0,0,0,0,3,0,0,0,69,0,0,0,90.4,1,0,0,0,0,3,0,0,0,11.5,-7.947,0,0,0,0,0,0,VALID,0,0,0,0,0,1,0,0,0,0,0,0,0,0,0,0,0,0,0,0,2.23,1426.06,2,0,0.06,0.06,1082,14.29,0.08,0.06,34.2,FLYING,X10-F,0:/Integrated Flight Computer/aircraft/x10_f_cfg.ks (inferred preloaded)
75.66,CRUISE,,232.22,80,-152.22,1497.46,0.42,7.22,7.12,180,0.099,0,0,-6.808,1,0.6,4.5,1.835,0.35,0.0168,0.4,18.723,18.723,18.723,82.254,1,180,0,0,0,0.11,0,0,7.37,90.32,0.7482,-0.0068,-0.6635,7,90.4,0,0,0,0,0,0,3,0,0,0,69,0,0,0,90.4,1,0,0,0,0,3,0,0,0,11.5,-7.947,0,0,0,0,0,0,VALID,0,0,0,0,0,1,0,0,0,0,0,0,0,0,0,0,0,0,0,0,2.02,1423.4,2,0,0.06,0.06,1086,14.29,0.08,0.06,34.48,FLYING,X10-F,0:/Integrated Flight Computer/aircraft/x10_f_cfg.ks (inferred preloaded)
75.94,CRUISE,,231.72,80,-151.72,1497.58,0.39,7.25,7.16,180,0.097,0,0,-6.672,1,0.6,4.5,1.849,0.35,0.0168,0.4,18.795,18.795,18.795,81.759,1,180,0,0,0,0.1,0,0,7.37,90.32,0.7482,-0.0068,-0.6635,7,90.4,0,0,0,0,0,0,3,0,0,0,69,0,0,0,90.4,1,0,0,0,0,3,0,0,0,11.5,-7.947,0,0,0,0,0,0,VALID,0,0,0,0,0,1,0,0,0,0,0,0,0,0,0,0,0,0,0,0,1.83,1420.72,2,0,0.06,0.06,1090,14.29,0.08,0.06,34.76,FLYING,X10-F,0:/Integrated Flight Computer/aircraft/x10_f_cfg.ks (inferred preloaded)
76.22,CRUISE,,231.23,80,-151.23,1497.7,0.37,7.28,7.19,180,0.093,0,0,-6.54,1,0.6,4.5,1.864,0.35,0.0168,0.4,18.867,18.867,18.867,81.261,1,180,0,0,0,0.09,0,0,7.37,90.31,0.7482,-0.0068,-0.6635,7,90.4,0,0,0,0,0,0,3,0,0,0,69,0,0,0,90.4,1,0,0,0,0,3,0,0,0,11.5,-7.947,0,0,0,0,0,0,VALID,0,0,0,0,0,1,0,0,0,0,0,0,0,0,0,0,0,0,0,0,1.65,1418.03,2,0,0.06,0.06,1094,14.29,0.08,0.06,35.04,FLYING,X10-F,0:/Integrated Flight Computer/aircraft/x10_f_cfg.ks (inferred preloaded)
76.5,CRUISE,,230.72,80,-150.72,1497.8,0.34,7.31,7.23,180,0.089,0,0,-6.41,1,0.6,4.5,1.878,0.35,0.0168,0.4,18.94,18.94,18.94,80.76,1,180,0,0,0,0.08,0,0,7.37,90.31,0.7482,-0.0068,-0.6635,7,90.4,0,0,0,0,0,0,3,0,0,0,69,0,0,0,90.4,1,0,0,0,0,3,0,0,0,11.5,-7.947,0,0,0,0,0,0,VALID,0,0,0,0,0,1,0,0,0,0,0,0,0,0,0,0,0,0,0,0,1.5,1415.32,2,0,0.06,0.06,1098,14.29,0.08,0.06,35.32,FLYING,X10-F,0:/Integrated Flight Computer/aircraft/x10_f_cfg.ks (inferred preloaded)
76.78,CRUISE,,230.22,80,-150.22,1497.9,0.32,7.33,7.26,180,0.086,0,0,-6.283,1,0.6,4.5,1.891,0.35,0.0168,0.4,19.013,19.013,19.013,80.257,1,180,0,0,0,0.08,0,0,7.37,90.31,0.7482,-0.0068,-0.6635,7,90.4,0,0,0,0,0,0,3,0,0,0,69,0,0,0,90.4,1,0,0,0,0,3,0,0,0,11.5,-7.947,0,0,0,0,0,0,VALID,0,0,0,0,0,1,0,0,0,0,0,0,0,0,0,0,0,0,0,0,1.35,1412.6,2,0,0.06,0.06,1102,14.29,0.08,0.06,35.6,FLYING,X10-F,0:/Integrated Flight Computer/aircraft/x10_f_cfg.ks (inferred preloaded)
77.06,CRUISE,,229.71,80,-149.71,1498,0.29,7.36,7.29,180,0.088,0,0,-6.158,1,0.6,4.5,1.904,0.35,0.0168,0.4,19.086,19.086,19.086,79.751,1,180,0,0,0,0.07,0,0,7.37,90.31,0.7482,-0.0068,-0.6635,7,90.4,0,0,0,0,0,0,3,0,0,0,69,0,0,0,90.4,1,0,0,0,0,3,0,0,0,11.5,-7.947,0,0,0,0,0,0,VALID,0,0,0,0,0,1,0,0,0,0,0,0,0,0,0,0,0,0,0,0,1.22,1409.87,2,0,0.06,0.06,1106,14.29,0.08,0.06,35.88,FLYING,X10-F,0:/Integrated Flight Computer/aircraft/x10_f_cfg.ks (inferred preloaded)
77.34,CRUISE,,229.21,80,-149.21,1498.08,0.27,7.39,7.33,180,0.088,0,0,-6.036,1,0.6,4.5,1.917,0.35,0.0168,0.4,19.16,19.16,19.16,79.242,1,180,0,0,0,0.07,0,0,7.37,90.31,0.7482,-0.0068,-0.6635,7,90.4,0,0,0,0,0,0,3,0,0,0,69,0,0,0,90.4,1,0,0,0,0,3,0,0,0,11.5,-7.947,0,0,0,0,0,0,VALID,0,0,0,0,0,1,0,0,0,0,0,0,0,0,0,0,0,0,0,0,1.11,1407.13,2,0,0.06,0.06,1110,14.29,0.08,0.06,36.16,FLYING,X10-F,0:/Integrated Flight Computer/aircraft/x10_f_cfg.ks (inferred preloaded)
77.62,CRUISE,,228.69,80,-148.69,1498.17,0.25,7.42,7.36,180,0.085,0,0,-5.916,1,0.6,4.5,1.929,0.35,0.0168,0.4,19.234,19.234,19.234,78.73,1,180,0,0,0,0.06,0,0,7.37,90.31,0.7482,-0.0068,-0.6635,7,90.4,0,0,0,0,0,0,3,0,0,0,69,0,0,0,90.4,1,0,0,0,0,3,0,0,0,11.5,-7.947,0,0,0,0,0,0,VALID,0,0,0,0,0,1,0,0,0,0,0,0,0,0,0,0,0,0,0,0,1,1404.38,2,0,0.06,0.06,1114,14.29,0.08,0.06,36.44,FLYING,X10-F,0:/Integrated Flight Computer/aircraft/x10_f_cfg.ks (inferred preloaded)
77.9,CRUISE,,228.18,80,-148.18,1498.24,0.24,7.45,7.4,180,0.081,0,0,-5.799,1,0.6,4.5,1.942,0.35,0.0168,0.4,19.309,19.309,19.309,78.216,1,180,0,0,0,0.06,0,0,7.37,90.31,0.7482,-0.0068,-0.6635,7,90.4,0,0,0,0,0,0,3,0,0,0,69,0,0,0,90.4,1,0,0,0,0,3,0,0,0,11.5,-7.947,0,0,0,0,0,0,VALID,0,0,0,0,0,1,0,0,0,0,0,0,0,0,0,0,0,0,0,0,0.91,1401.61,2,0,0.06,0.06,1118,14.29,0.08,0.06,36.72,FLYING,X10-F,0:/Integrated Flight Computer/aircraft/x10_f_cfg.ks (inferred preloaded)
78.18,CRUISE,,227.66,80,-147.66,1498.32,0.22,7.48,7.43,180,0.077,0,0,-5.684,1,0.6,4.5,1.954,0.35,0.0168,0.4,19.384,19.384,19.384,77.699,1,180,0,0,0,0.06,0,0,7.37,90.31,0.7482,-0.0068,-0.6635,7,90.4,0,0,0,0,0,0,3,0,0,0,69,0,0,0,90.4,1,0,0,0,0,3,0,0,0,11.5,-7.947,0,0,0,0,0,0,VALID,0,0,0,0,0,1,0,0,0,0,0,0,0,0,0,0,0,0,0,0,0.82,1398.83,2,0,0.06,0.06,1122,14.29,0.08,0.06,37,FLYING,X10-F,0:/Integrated Flight Computer/aircraft/x10_f_cfg.ks (inferred preloaded)
78.46,CRUISE,,227.14,80,-147.14,1498.38,0.21,7.51,7.46,180,0.076,0,0,-5.571,1,0.6,4.5,1.965,0.35,0.0168,0.4,19.459,19.459,19.459,77.179,1,180,0,0,0,0.05,0,0,7.37,90.31,0.7482,-0.0068,-0.6635,7,90.4,0,0,0,0,0,0,3,0,0,0,69,0,0,0,90.4,1,0,0,0,0,3,0,0,0,11.5,-7.947,0,0,0,0,0,0,VALID,0,0,0,0,0,1,0,0,0,0,0,0,0,0,0,0,0,0,0,0,0.74,1396.04,2,0,0.06,0.06,1126,14.29,0.08,0.06,37.28,FLYING,X10-F,0:/Integrated Flight Computer/aircraft/x10_f_cfg.ks (inferred preloaded)
78.74,CRUISE,,226.62,80,-146.62,1498.45,0.19,7.54,7.5,180,0.074,0,0,-5.46,1,0.6,4.5,1.977,0.35,0.0168,0.4,19.535,19.535,19.535,76.657,1,180,0,0,0,0.05,0,0,7.37,90.31,0.7482,-0.0068,-0.6635,7,90.4,0,0,0,0,0,0,3,0,0,0,69,0,0,0,90.4,1,0,0,0,0,3,0,0,0,11.5,-7.947,0,0,0,0,0,0,VALID,0,0,0,0,0,1,0,0,0,0,0,0,0,0,0,0,0,0,0,0,0.67,1393.24,2,0,0.06,0.06,1130,14.29,0.08,0.06,37.56,FLYING,X10-F,0:/Integrated Flight Computer/aircraft/x10_f_cfg.ks (inferred preloaded)
79.02,CRUISE,,226.09,80,-146.09,1498.51,0.18,7.58,7.53,180,0.073,0,0,-5.352,1,0.6,4.5,1.988,0.35,0.0168,0.4,19.611,19.611,19.611,76.131,1,180,0,0,0,0.05,0,0,7.37,90.31,0.7482,-0.0068,-0.6635,7,90.4,0,0,0,0,0,0,3,0,0,0,69,0,0,0,90.4,1,0,0,0,0,3,0,0,0,11.5,-7.947,0,0,0,0,0,0,VALID,0,0,0,0,0,1,0,0,0,0,0,0,0,0,0,0,0,0,0,0,0.61,1390.43,2,0,0.06,0.06,1134,14.29,0.08,0.06,37.84,FLYING,X10-F,0:/Integrated Flight Computer/aircraft/x10_f_cfg.ks (inferred preloaded)
79.3,CRUISE,,225.57,80,-145.57,1498.57,0.17,7.61,7.57,180,0.071,0,0,-5.246,1,0.6,4.5,2,0.35,0.0168,0.4,19.687,19.687,19.687,75.604,1,180,0,0,0,0.04,0,0,7.37,90.3,0.7482,-0.0068,-0.6635,7,90.4,0,0,0,0,0,0,3,0,0,0,69,0,0,0,90.4,1,0,0,0,0,3,0,0,0,11.5,-7.947,0,0,0,0,0,0,VALID,0,0,0,0,0,1,0,0,0,0,0,0,0,0,0,0,0,0,0,0,0.55,1387.6,2,0,0.06,0.06,1138,14.29,0.08,0.06,38.12,FLYING,X10-F,0:/Integrated Flight Computer/aircraft/x10_f_cfg.ks (inferred preloaded)
79.58,CRUISE,,225.03,80,-145.03,1498.62,0.16,7.64,7.61,180,0.071,0,0,-5.141,1,0.6,4.5,2.011,0.35,0.0168,0.4,19.764,19.764,19.764,75.073,1,180,0,0,0,0.04,0,0,7.37,90.3,0.7482,-0.0068,-0.6635,7,90.4,0,0,0,0,0,0,3,0,0,0,69,0,0,0,90.4,1,0,0,0,0,3,0,0,0,11.5,-7.947,0,0,0,0,0,0,VALID,0,0,0,0,0,1,0,0,0,0,0,0,0,0,0,0,0,0,0,0,0.5,1384.76,2,0,0.06,0.06,1142,14.29,0.08,0.06,38.4,FLYING,X10-F,0:/Integrated Flight Computer/aircraft/x10_f_cfg.ks (inferred preloaded)
79.86,CRUISE,,224.5,80,-144.5,1498.67,0.15,7.67,7.64,180,0.072,0,0,-5.039,1,0.6,4.5,2.022,0.35,0.0168,0.4,19.842,19.842,19.842,74.539,1,180,0,0,0,0.04,0,0,7.37,90.3,0.7482,-0.0068,-0.6635,7,90.4,0,0,0,0,0,0,3,0,0,0,69,0,0,0,90.4,1,0,0,0,0,3,0,0,0,11.5,-7.947,0,0,0,0,0,0,VALID,0,0,0,0,0,1,0,0,0,0,0,0,0,0,0,0,0,0,0,0,0.45,1381.91,2,0,0.06,0.06,1146,14.29,0.08,0.06,38.68,FLYING,X10-F,0:/Integrated Flight Computer/aircraft/x10_f_cfg.ks (inferred preloaded)
80.14,CRUISE,,223.96,80,-143.96,1498.72,0.14,7.71,7.68,180,0.074,0,0,-4.939,1,0.6,4.5,2.033,0.35,0.0168,0.4,19.92,19.92,19.92,74.003,1,180,0,0,0,0.03,0,0,7.37,90.3,0.7482,-0.0068,-0.6635,7,90.4,0,0,0,0,0,0,3,0,0,0,69,0,0,0,90.4,1,0,0,0,0,3,0,0,0,11.5,-7.947,0,0,0,0,0,0,VALID,0,0,0,0,0,1,0,0,0,0,0,0,0,0,0,0,0,0,0,0,0.41,1379.05,2,0,0.06,0.06,1150,14.29,0.08,0.06,38.96,FLYING,X10-F,0:/Integrated Flight Computer/aircraft/x10_f_cfg.ks (inferred preloaded)
80.42,CRUISE,,223.43,80,-143.43,1498.76,0.12,7.74,7.71,180,0.071,0,0,-4.841,1,0.6,4.5,2.044,0.35,0.0168,0.4,19.998,19.998,19.998,73.464,1,180,0,0,0,0.03,0,0,7.37,90.3,0.7482,-0.0068,-0.6635,7,90.4,0,0,0,0,0,0,3,0,0,0,69,0,0,0,90.4,1,0,0,0,0,3,0,0,0,11.5,-7.947,0,0,0,0,0,0,VALID,0,0,0,0,0,1,0,0,0,0,0,0,0,0,0,0,0,0,0,0,0.37,1376.17,2,0,0.06,0.06,1154,14.29,0.08,0.06,39.24,FLYING,X10-F,0:/Integrated Flight Computer/aircraft/x10_f_cfg.ks (inferred preloaded)
80.7,CRUISE,,222.88,80,-142.88,1498.81,0.11,7.77,7.75,180,0.069,0,0,-4.745,1,0.6,4.5,2.056,0.35,0.0168,0.4,20.076,20.076,20.076,72.922,1,180,0,0,0,0.03,0,0,7.37,90.3,0.7482,-0.0068,-0.6635,7,90.4,0,0,0,0,0,0,3,0,0,0,69,0,0,0,90.4,1,0,0,0,0,3,0,0,0,11.5,-7.947,0,0,0,0,0,0,VALID,0,0,0,0,0,1,0,0,0,0,0,0,0,0,0,0,0,0,0,0,0.33,1373.28,2,0,0.06,0.06,1158,14.29,0.08,0.06,39.52,FLYING,X10-F,0:/Integrated Flight Computer/aircraft/x10_f_cfg.ks (inferred preloaded)
80.98,CRUISE,,222.34,80,-142.34,1498.85,0.11,7.81,7.78,180,0.07,0,0,-4.651,1,0.6,4.5,2.067,0.35,0.0168,0.4,20.155,20.155,20.155,72.377,1,180,0,0,0,0.03,0,0,7.37,90.3,0.7482,-0.0068,-0.6635,7,90.4,0,0,0,0,0,0,3,0,0,0,69,0,0,0,90.4,1,0,0,0,0,3,0,0,0,11.5,-7.947,0,0,0,0,0,0,VALID,0,0,0,0,0,1,0,0,0,0,0,0,0,0,0,0,0,0,0,0,0.3,1370.38,2,0,0.06,0.06,1162,14.29,0.08,0.06,39.8,FLYING,X10-F,0:/Integrated Flight Computer/aircraft/x10_f_cfg.ks (inferred preloaded)
81.26,CRUISE,,221.79,80,-141.79,1498.89,0.1,7.84,7.82,180,0.068,0,0,-4.559,1,0.6,4.5,2.078,0.35,0.0168,0.4,20.235,20.235,20.235,71.829,1,180,0,0,0,0.03,0,0,7.37,90.3,0.7482,-0.0068,-0.6635,7,90.4,0,0,0,0,0,0,3,0,0,0,69,0,0,0,90.4,1,0,0,0,0,3,0,0,0,11.5,-7.947,0,0,0,0,0,0,VALID,0,0,0,0,0,1,0,0,0,0,0,0,0,0,0,0,0,0,0,0,0.27,1367.47,2,0,0.06,0.06,1166,14.29,0.08,0.06,40.08,FLYING,X10-F,0:/Integrated Flight Computer/aircraft/x10_f_cfg.ks (inferred preloaded)
81.54,CRUISE,,221.24,80,-141.24,1498.92,0.09,7.88,7.86,180,0.068,0,0,-4.468,1,0.6,4.5,2.089,0.35,0.0168,0.4,20.315,20.315,20.315,71.278,1,180,0,0,0,0.02,0,0,7.37,90.3,0.7482,-0.0068,-0.6635,7,90.4,0,0,0,0,0,0,3,0,0,0,69,0,0,0,90.4,1,0,0,0,0,3,0,0,0,11.5,-7.947,0,0,0,0,0,0,VALID,0,0,0,0,0,1,0,0,0,0,0,0,0,0,0,0,0,0,0,0,0.25,1364.54,2,0,0.06,0.06,1170,14.29,0.08,0.06,40.36,FLYING,X10-F,0:/Integrated Flight Computer/aircraft/x10_f_cfg.ks (inferred preloaded)
81.82,CRUISE,,220.69,80,-140.69,1498.96,0.09,7.92,7.89,180,0.069,0,0,-4.379,1,0.6,4.5,2.1,0.35,0.0168,0.4,20.395,20.395,20.395,70.725,1,180,0,0,0,0.02,0,0,7.37,90.3,0.7482,-0.0068,-0.6635,7,90.4,0,0,0,0,0,0,3,0,0,0,69,0,0,0,90.4,1,0,0,0,0,3,0,0,0,11.5,-7.947,0,0,0,0,0,0,VALID,0,0,0,0,0,1,0,0,0,0,0,0,0,0,0,0,0,0,0,0,0.22,1361.61,2,0,0.06,0.06,1174,14.29,0.08,0.06,40.64,FLYING,X10-F,0:/Integrated Flight Computer/aircraft/x10_f_cfg.ks (inferred preloaded)
82.1,CRUISE,,220.13,80,-140.13,1498.99,0.08,7.95,7.93,180,0.069,0,0,-4.293,1,0.6,4.5,2.112,0.35,0.0168,0.4,20.476,20.476,20.476,70.168,1,180,0,0,0,0.02,0,0,7.37,90.3,0.7482,-0.0068,-0.6635,7,90.4,0,0,0,0,0,0,3,0,0,0,69,0,0,0,90.4,1,0,0,0,0,3,0,0,0,11.5,-7.947,0,0,0,0,0,0,VALID,0,0,0,0,0,1,0,0,0,0,0,0,0,0,0,0,0,0,0,0,0.2,1358.65,2,0,0.06,0.06,1178,14.29,0.08,0.06,40.92,FLYING,X10-F,0:/Integrated Flight Computer/aircraft/x10_f_cfg.ks (inferred preloaded)
82.38,CRUISE,,219.57,80,-139.57,1499.02,0.08,7.99,7.97,180,0.067,0,0,-4.207,1,0.6,4.5,2.123,0.35,0.0168,0.4,20.557,20.557,20.557,69.608,1,180,0,0,0,0.02,0,0,7.37,90.3,0.7482,-0.0068,-0.6635,7,90.4,0,0,0,0,0,0,3,0,0,0,69,0,0,0,90.4,1,0,0,0,0,3,0,0,0,11.5,-7.947,0,0,0,0,0,0,VALID,0,0,0,0,0,1,0,0,0,0,0,0,0,0,0,0,0,0,0,0,0.18,1355.69,2,0,0.06,0.06,1182,14.29,0.08,0.06,41.2,FLYING,X10-F,0:/Integrated Flight Computer/aircraft/x10_f_cfg.ks (inferred preloaded)
82.66,CRUISE,,219.01,80,-139.01,1499.05,0.07,8.03,8.01,180.01,0.068,0,0,-4.124,1,0.6,4.5,2.135,0.35,0.0168,0.4,20.638,20.638,20.638,69.046,1,180,0,0,0,0.02,0,0,7.37,90.3,0.7482,-0.0068,-0.6635,7,90.4,0,0,0,0,0,0,3,0,0,0,69,0,0,0,90.4,1,0,0,0,0,3,0,0,0,11.5,-7.947,0,0,0,0,0,0,VALID,0,0,0,0,0,1,0,0,0,0,0,0,0,0,0,0,0,0,0,0,0.16,1352.71,2,0,0.06,0.06,1186,14.29,0.08,0.06,41.48,FLYING,X10-F,0:/Integrated Flight Computer/aircraft/x10_f_cfg.ks (inferred preloaded)
82.94,CRUISE,,218.44,80,-138.44,1499.08,0.06,8.06,8.05,180.01,0.065,0,0,-4.042,1,0.6,4.5,2.146,0.35,0.0168,0.4,20.72,20.72,20.72,68.48,1,180,0,0,0,0.02,0,0,7.37,90.29,0.7482,-0.0068,-0.6635,7,90.4,0,0,0,0,0,0,3,0,0,0,69,0,0,0,90.4,1,0,0,0,0,3,0,0,0,11.5,-7.947,0,0,0,0,0,0,VALID,0,0,0,0,0,1,0,0,0,0,0,0,0,0,0,0,0,0,0,0,0.15,1349.72,2,0,0.06,0.06,1190,14.29,0.08,0.06,41.76,FLYING,X10-F,0:/Integrated Flight Computer/aircraft/x10_f_cfg.ks (inferred preloaded)
83.22,CRUISE,,217.87,80,-137.87,1499.11,0.06,8.1,8.09,180.01,0.065,0,0,-3.962,1,0.6,4.5,2.158,0.35,0.0168,0.4,20.803,20.803,20.803,67.911,1,180,0,0,0,0.02,0,0,7.37,90.29,0.7482,-0.0068,-0.6635,7,90.4,0,0,0,0,0,0,3,0,0,0,69,0,0,0,90.4,1,0,0,0,0,3,0,0,0,11.5,-7.947,0,0,0,0,0,0,VALID,0,0,0,0,0,1,0,0,0,0,0,0,0,0,0,0,0,0,0,0,0.13,1346.72,2,0,0.06,0.06,1194,14.29,0.08,0.06,42.04,FLYING,X10-F,0:/Integrated Flight Computer/aircraft/x10_f_cfg.ks (inferred preloaded)
83.5,CRUISE,,217.3,80,-137.3,1499.14,0.05,8.14,8.13,180.01,0.061,0,0,-3.883,1,0.6,4.5,2.17,0.35,0.0168,0.4,20.886,20.886,20.886,67.339,1,180,0,0,0,0.01,0,0,7.37,90.29,0.7482,-0.0068,-0.6635,7,90.4,0,0,0,0,0,0,3,0,0,0,69,0,0,0,90.4,1,0,0,0,0,3,0,0,0,11.5,-7.947,0,0,0,0,0,0,VALID,0,0,0,0,0,1,0,0,0,0,0,0,0,0,0,0,0,0,0,0,0,1343.7,2,0,0.06,0.06,1198,14.29,0.08,0.06,42.32,FLYING,X10-F,0:/Integrated Flight Computer/aircraft/x10_f_cfg.ks (inferred preloaded)
83.78,CRUISE,,216.72,80,-136.72,1499.16,0.05,8.18,8.17,180.01,0.061,0,0,-3.806,1,0.6,4.5,2.182,0.35,0.0168,0.4,20.969,20.969,20.969,66.763,1,180,0,0,0,0.01,0,0,7.37,90.29,0.7482,-0.0068,-0.6635,7,90.4,0,0,0,0,0,0,3,0,0,0,69,0,0,0,90.4,1,0,0,0,0,3,0,0,0,11.5,-7.947,0,0,0,0,0,0,VALID,0,0,0,0,0,1,0,0,0,0,0,0,0,0,0,0,0,0,0,0,0,1340.66,2,0,0.06,0.06,1202,14.29,0.08,0.06,42.6,FLYING,X10-F,0:/Integrated Flight Computer/aircraft/x10_f_cfg.ks (inferred preloaded)
84.06,CRUISE,,216.14,80,-136.14,1499.18,0.05,8.22,8.21,180.01,0.06,0,0,-3.73,1,0.6,4.5,2.194,0.35,0.0168,0.4,21.053,21.053,21.053,66.183,1,180,0,0,0,0.01,0,0,7.37,90.29,0.7482,-0.0068,-0.6635,7,90.4,0,0,0,0,0,0,3,0,0,0,69,0,0,0,90.4,1,0,0,0,0,3,0,0,0,11.5,-7.947,0,0,0,0,0,0,VALID,0,0,0,0,0,1,0,0,0,0,0,0,0,0,0,0,0,0,0,0,0,1337.62,2,0,0.06,0.06,1206,14.29,0.08,0.06,42.88,FLYING,X10-F,0:/Integrated Flight Computer/aircraft/x10_f_cfg.ks (inferred preloaded)
84.34,CRUISE,,215.56,80,-135.56,1499.21,0.04,8.26,8.25,180.01,0.061,0,0,-3.656,1,0.6,4.5,2.206,0.35,0.0168,0.4,21.138,21.138,21.138,65.601,1,180,0,0,0,0.01,0,0,7.37,90.29,0.7482,-0.0068,-0.6635,7,90.4,0,0,0,0,0,0,3,0,0,0,69,0,0,0,90.4,1,0,0,0,0,3,0,0,0,11.5,-7.947,0,0,0,0,0,0,VALID,0,0,0,0,0,1,0,0,0,0,0,0,0,0,0,0,0,0,0,0,0,1334.55,2,0,0.06,0.06,1210,14.29,0.08,0.06,43.16,FLYING,X10-F,0:/Integrated Flight Computer/aircraft/x10_f_cfg.ks (inferred preloaded)
84.62,CRUISE,,214.97,80,-134.97,1499.23,0.04,8.3,8.29,180.01,0.062,0,0,-3.584,1,0.6,4.5,2.219,0.35,0.0168,0.4,21.223,21.223,21.223,65.015,1,180,0,0,0,0.01,0,0,7.37,90.29,0.7482,-0.0068,-0.6635,7,90.4,0,0,0,0,0,0,3,0,0,0,69,0,0,0,90.4,1,0,0,0,0,3,0,0,0,11.5,-7.947,0,0,0,0,0,0,VALID,0,0,0,0,0,1,0,0,0,0,0,0,0,0,0,0,0,0,0,0,0,1331.48,2,0,0.06,0.06,1214,14.29,0.08,0.06,43.44,FLYING,X10-F,0:/Integrated Flight Computer/aircraft/x10_f_cfg.ks (inferred preloaded)
84.9,CRUISE,,214.38,80,-134.38,1499.25,0.03,8.34,8.34,180.01,0.06,0,0,-3.513,1,0.6,4.5,2.231,0.35,0.0168,0.4,21.308,21.308,21.308,64.426,1,180,0,0,0,0.01,0,0,7.37,90.29,0.7482,-0.0068,-0.6635,7,90.4,0,0,0,0,0,0,3,0,0,0,69,0,0,0,90.4,1,0,0,0,0,3,0,0,0,11.5,-7.947,0,0,0,0,0,0,VALID,0,0,0,0,0,1,0,0,0,0,0,0,0,0,0,0,0,0,0,0,0,1328.39,2,0,0.06,0.06,1218,14.29,0.08,0.06,43.72,FLYING,X10-F,0:/Integrated Flight Computer/aircraft/x10_f_cfg.ks (inferred preloaded)
85.18,CRUISE,,213.79,80,-133.79,1499.27,0.03,8.39,8.38,180.01,0.059,0,0,-3.443,1,0.6,4.5,2.244,0.35,0.0168,0.4,21.394,21.394,21.394,63.834,1,180,0,0,0,0.01,0,0,7.37,90.29,0.7482,-0.0068,-0.6635,7,90.4,0,0,0,0,0,0,3,0,0,0,69,0,0,0,90.4,1,0,0,0,0,3,0,0,0,11.5,-7.947,0,0,0,0,0,0,VALID,0,0,0,0,0,1,0,0,0,0,0,0,0,0,0,0,0,0,0,0,0,1325.28,2,0,0.06,0.06,1222,14.29,0.08,0.06,44,FLYING,X10-F,0:/Integrated Flight Computer/aircraft/x10_f_cfg.ks (inferred preloaded)
85.46,CRUISE,,213.19,80,-133.19,1499.29,0.03,8.43,8.42,180.01,0.056,0,0,-3.375,1,0.6,4.5,2.256,0.35,0.0168,0.4,21.481,21.481,21.481,63.238,1,180,0,0,0,0.01,0,0,7.37,90.29,0.7482,-0.0068,-0.6635,7,90.4,0,0,0,0,0,0,3,0,0,0,69,0,0,0,90.4,1,0,0,0,0,3,0,0,0,11.5,-7.947,0,0,0,0,0,0,VALID,0,0,0,0,0,1,0,0,0,0,0,0,0,0,0,0,0,0,0,0,0,1322.16,2,0,0.06,0.06,1226,14.29,0.08,0.06,44.28,FLYING,X10-F,0:/Integrated Flight Computer/aircraft/x10_f_cfg.ks (inferred preloaded)
85.74,CRUISE,,212.6,80,-132.6,1499.31,0.02,8.47,8.47,180.01,0.057,0,0,-3.308,1,0.6,4.5,2.269,0.35,0.0168,0.4,21.567,21.567,21.567,62.638,1,180,0,0,0,0.01,0,0,7.37,90.29,0.7482,-0.0068,-0.6635,7,90.4,0,0,0,0,0,0,3,0,0,0,69,0,0,0,90.4,1,0,0,0,0,3,0,0,0,11.5,-7.947,0,0,0,0,0,0,VALID,0,0,0,0,0,1,0,0,0,0,0,0,0,0,0,0,0,0,0,0,0,1319.03,2,0,0.06,0.06,1230,14.29,0.08,0.06,44.56,FLYING,X10-F,0:/Integrated Flight Computer/aircraft/x10_f_cfg.ks (inferred preloaded)
86.02,CRUISE,,211.99,80,-131.99,1499.33,0.02,8.52,8.51,180.01,0.058,0,0,-3.242,1,0.6,4.5,2.282,0.35,0.0168,0.4,21.655,21.655,21.655,62.035,1,180,0,0,0,0.01,0,0,7.37,90.29,0.7482,-0.0068,-0.6635,7,90.4,0,0,0,0,0,0,3,0,0,0,69,0,0,0,90.4,1,0,0,0,0,3,0,0,0,11.5,-7.947,0,0,0,0,0,0,VALID,0,0,0,0,0,1,0,0,0,0,0,0,0,0,0,0,0,0,0,0,0,1315.88,2,0,0.06,0.06,1234,14.29,0.08,0.06,44.84,FLYING,X10-F,0:/Integrated Flight Computer/aircraft/x10_f_cfg.ks (inferred preloaded)
86.3,CRUISE,,211.38,80,-131.38,1499.35,0.02,8.57,8.56,180.01,0.059,0,0,-3.178,1,0.6,4.5,2.296,0.35,0.0168,0.4,21.743,21.743,21.743,61.428,1,180,0,0,0,0,0,0,7.37,90.28,0.7482,-0.0068,-0.6635,7,90.4,0,0,0,0,0,0,3,0,0,0,69,0,0,0,90.4,1,0,0,0,0,3,0,0,0,11.5,-7.947,0,0,0,0,0,0,VALID,0,0,0,0,0,1,0,0,0,0,0,0,0,0,0,0,0,0,0,0,0,1312.72,2,0,0.06,0.06,1238,14.29,0.08,0.06,45.12,FLYING,X10-F,0:/Integrated Flight Computer/aircraft/x10_f_cfg.ks (inferred preloaded)
86.58,CRUISE,,210.77,80,-130.77,1499.37,0.01,8.61,8.61,180.01,0.058,0,0,-3.115,1,0.6,4.5,2.309,0.35,0.0168,0.4,21.832,21.832,21.832,60.817,1,180,0,0,0,0,0,0,7.37,90.28,0.7482,-0.0068,-0.6635,7,90.4,0,0,0,0,0,0,3,0,0,0,69,0,0,0,90.4,1,0,0,0,0,3,0,0,0,11.5,-7.947,0,0,0,0,0,0,VALID,0,0,0,0,0,1,0,0,0,0,0,0,0,0,0,0,0,0,0,0,0,1309.53,2,0,0.06,0.06,1242,14.29,0.08,0.06,45.4,FLYING,X10-F,0:/Integrated Flight Computer/aircraft/x10_f_cfg.ks (inferred preloaded)
86.86,CRUISE,,210.16,80,-130.16,1499.38,0.01,8.66,8.66,180.01,0.059,0,0,-3.053,1,0.6,4.5,2.323,0.35,0.0168,0.4,21.921,21.921,21.921,60.201,1,180,0,0,0,0,0,0,7.37,90.28,0.7482,-0.0068,-0.6635,7,90.4,0,0,0,0,0,0,3,0,0,0,69,0,0,0,90.4,1,0,0,0,0,3,0,0,0,11.5,-7.947,0,0,0,0,0,0,VALID,0,0,0,0,0,1,0,0,0,0,0,0,0,0,0,0,0,0,0,0,0,1306.33,2,0,0.06,0.06,1246,14.29,0.08,0.06,45.68,FLYING,X10-F,0:/Integrated Flight Computer/aircraft/x10_f_cfg.ks (inferred preloaded)
87.14,CRUISE,,209.54,80,-129.54,1499.4,0.01,8.71,8.7,180.01,0.06,0,0,-2.992,1,0.6,4.5,2.338,0.35,0.0168,0.4,22.011,22.011,22.011,59.58,1,180,0,0,0,0,0,0,7.37,90.28,0.7482,-0.0068,-0.6635,7,90.4,0,0,0,0,0,0,3,0,0,0,69,0,0,0,90.4,1,0,0,0,0,3,0,0,0,11.5,-7.947,0,0,0,0,0,0,VALID,0,0,0,0,0,1,0,0,0,0,0,0,0,0,0,0,0,0,0,0,0,1303.11,2,0,0.06,0.06,1250,14.29,0.08,0.06,45.96,FLYING,X10-F,0:/Integrated Flight Computer/aircraft/x10_f_cfg.ks (inferred preloaded)
87.42,CRUISE,,208.91,80,-128.91,1499.41,0,8.75,8.75,180.01,0.057,0,0,-2.933,1,0.6,4.5,2.353,0.35,0.0168,0.4,22.102,22.102,22.102,58.955,1,180,0,0,0,0,0,0,7.37,90.28,0.7482,-0.0068,-0.6635,7,90.4,0,0,0,0,0,0,3,0,0,0,69,0,0,0,90.4,1,0,0,0,0,3,0,0,0,11.5,-7.947,0,0,0,0,0,0,VALID,0,0,0,0,0,1,0,0,0,0,0,0,0,0,0,0,0,0,0,0,0,1299.86,2,0,0.06,0.06,1254,14.29,0.08,0.06,46.24,FLYING,X10-F,0:/Integrated Flight Computer/aircraft/x10_f_cfg.ks (inferred preloaded)
87.7,CRUISE,,208.28,80,-128.28,1499.43,0,8.81,8.81,180.01,0.06,0,0,-2.874,1,0.6,4.5,2.369,0.35,0.0168,0.4,22.193,22.193,22.193,58.324,1,180,0,0,0,0,0,0,7.37,90.28,0.7482,-0.0068,-0.6635,7,90.4,0,0,0,0,0,0,3,0,0,0,69,0,0,0,90.4,1,0,0,0,0,3,0,0,0,11.5,-7.947,0,0,0,0,0,0,VALID,0,0,0,0,0,1,0,0,0,0,0,0,0,0,0,0,0,0,0,0,0,1296.59,2,0,0.06,0.06,1258,14.29,0.08,0.06,46.52,FLYING,X10-F,0:/Integrated Flight Computer/aircraft/x10_f_cfg.ks (inferred preloaded)
87.98,CRUISE,,207.64,80,-127.64,1499.45,0,8.86,8.86,180.01,0.058,0,0,-2.817,1,0.6,4.5,2.386,0.35,0.0168,0.4,22.285,22.285,22.285,57.688,1,180,0,0,0,0,0,0,7.37,90.28,0.7482,-0.0068,-0.6635,7,90.4,0,0,0,0,0,0,3,0,0,0,69,0,0,0,90.4,1,0,0,0,0,3,0,0,0,11.5,-7.947,0,0,0,0,0,0,VALID,0,0,0,0,0,1,0,0,0,0,0,0,0,0,0,0,0,0,0,0,0,1293.3,2,0,0.06,0.06,1262,14.29,0.08,0.06,46.8,FLYING,X10-F,0:/Integrated Flight Computer/aircraft/x10_f_cfg.ks (inferred preloaded)
88.26,CRUISE,,207,80,-127,1499.46,0,8.91,8.91,180.01,0.059,0,0,-2.762,1,0.6,4.5,2.403,0.35,0.0168,0.4,22.378,22.378,22.378,57.046,1,180,0,0,0,0,0,0,7.37,90.28,0.7482,-0.0068,-0.6635,7,90.4,0,0,0,0,0,0,3,0,0,0,69,0,0,0,90.4,1,0,0,0,0,3,0,0,0,11.5,-7.947,0,0,0,0,0,0,VALID,0,0,0,0,0,1,0,0,0,0,0,0,0,0,0,0,0,0,0,0,0,1289.98,2,0,0.06,0.06,1266,14.29,0.08,0.06,47.08,FLYING,X10-F,0:/Integrated Flight Computer/aircraft/x10_f_cfg.ks (inferred preloaded)
88.54,CRUISE,,206.35,80,-126.35,1499.47,0,8.96,8.96,180.01,0.059,0,0,-2.707,1,0.6,4.5,2.421,0.35,0.0168,0.4,22.472,22.472,22.472,56.397,1,180,0,0,0,0,0,0,7.37,90.28,0.7482,-0.0068,-0.6635,7,90.4,0,0,0,0,0,0,3,0,0,0,69,0,0,0,90.4,1,0,0,0,0,3,0,0,0,11.5,-7.947,0,0,0,0,0,0,VALID,0,0,0,0,0,1,0,0,0,0,0,0,0,0,0,0,0,0,0,0,0,1286.63,2,0,0.06,0.06,1270,14.29,0.08,0.06,47.36,FLYING,X10-F,0:/Integrated Flight Computer/aircraft/x10_f_cfg.ks (inferred preloaded)
88.82,CRUISE,,205.69,80,-125.69,1499.49,-0.01,9.02,9.02,180.01,0.057,0,0,-2.653,1,0.6,4.5,2.441,0.35,0.0168,0.4,22.567,22.567,22.567,55.741,1,180,0,0,0,0,0,0,7.37,90.28,0.7482,-0.0068,-0.6635,7,90.4,0,0,0,0,0,0,3,0,0,0,69,0,0,0,90.4,1,0,0,0,0,3,0,0,0,11.5,-7.947,0,0,0,0,0,0,VALID,0,0,0,0,0,1,0,0,0,0,0,0,0,0,0,0,0,0,0,0,0,1283.26,2,0,0.06,0.06,1274,14.29,0.08,0.06,47.64,FLYING,X10-F,0:/Integrated Flight Computer/aircraft/x10_f_cfg.ks (inferred preloaded)
89.1,CRUISE,,205.03,80,-125.03,1499.5,-0.01,9.07,9.07,180.01,0.057,0,0,-2.6,1,0.6,4.5,2.461,0.35,0.0168,0.4,22.663,22.663,22.663,55.08,1,180,0,0,0,0,0,0,7.37,90.28,0.7482,-0.0068,-0.6635,7,90.4,0,0,0,0,0,0,3,0,0,0,69,0,0,0,90.4,1,0,0,0,0,3,0,0,0,11.5,-7.947,0,0,0,0,0,0,VALID,0,0,0,0,0,1,0,0,0,0,0,0,0,0,0,0,0,0,0,0,0,1279.85,2,0,0.06,0.06,1278,14.29,0.08,0.06,47.92,FLYING,X10-F,0:/Integrated Flight Computer/aircraft/x10_f_cfg.ks (inferred preloaded)
89.38,CRUISE,,204.36,80,-124.36,1499.51,-0.01,9.13,9.13,180.01,0.057,0,0,-2.549,1,0.6,4.5,2.482,0.35,0.0168,0.4,22.76,22.76,22.76,54.411,1,180,0,0,0,0,0,0,7.37,90.28,0.7482,-0.0068,-0.6635,7,90.4,0,0,0,0,0,0,3,0,0,0,69,0,0,0,90.4,1,0,0,0,0,3,0,0,0,11.5,-7.947,0,0,0,0,0,0,VALID,0,0,0,0,0,1,0,0,0,0,0,0,0,0,0,0,0,0,0,0,0,1276.42,2,0,0.06,0.06,1282,14.29,0.08,0.06,48.2,FLYING,X10-F,0:/Integrated Flight Computer/aircraft/x10_f_cfg.ks (inferred preloaded)
89.66,CRUISE,,203.69,80,-123.69,1499.53,-0.02,9.18,9.19,180.01,0.057,0,0,-2.498,1,0.6,4.5,2.504,0.35,0.0168,0.4,22.858,22.858,22.858,53.736,1,180,0,0,0,0,0,0,7.37,90.28,0.7482,-0.0068,-0.6635,7,90.4,0,0,0,0,0,0,3,0,0,0,69,0,0,0,90.4,1,0,0,0,0,3,0,0,0,11.5,-7.947,0,0,0,0,0,0,VALID,0,0,0,0,0,1,0,0,0,0,0,0,0,0,0,0,0,0,0,0,0,1272.95,2,0,0.06,0.06,1286,14.29,0.08,0.06,48.48,FLYING,X10-F,0:/Integrated Flight Computer/aircraft/x10_f_cfg.ks (inferred preloaded)
89.94,CRUISE,,203,80,-123,1499.54,-0.02,9.24,9.25,180.01,0.055,0,0,-2.449,1,0.6,4.5,2.527,0.35,0.0168,0.4,22.957,22.957,22.957,53.053,1,180,0,0,0,-0.01,0,0,7.37,90.27,0.7482,-0.0068,-0.6635,7,90.4,0,0,0,0,0,0,3,0,0,0,69,0,0,0,90.4,1,0,0,0,0,3,0,0,0,11.5,-7.947,0,0,0,0,0,0,VALID,0,0,0,0,0,1,0,0,0,0,0,0,0,0,0,0,0,0,0,0,0,1269.45,2,0,0.06,0.06,1290,14.29,0.08,0.06,48.76,FLYING,X10-F,0:/Integrated Flight Computer/aircraft/x10_f_cfg.ks (inferred preloaded)
90.22,CRUISE,,202.31,80,-122.31,1499.55,-0.02,9.3,9.31,180.01,0.054,0,0,-2.4,1,0.6,4.5,2.551,0.35,0.0168,0.4,23.058,23.058,23.058,52.362,1,180,0,0,0,-0.01,0,0,7.37,90.27,0.7482,-0.0068,-0.6635,7,90.4,0,0,0,0,0,0,3,0,0,0,69,0,0,0,90.4,1,0,0,0,0,3,0,0,0,11.5,-7.947,0,0,0,0,0,0,VALID,0,0,0,0,0,1,0,0,0,0,0,0,0,0,0,0,0,0,0,0,0,1265.91,2,0,0.06,0.06,1294,14.29,0.08,0.06,49.04,FLYING,X10-F,0:/Integrated Flight Computer/aircraft/x10_f_cfg.ks (inferred preloaded)
90.5,CRUISE,,201.61,80,-121.61,1499.56,-0.02,9.36,9.37,180.01,0.055,0,0,-2.352,1,0.6,4.5,2.576,0.35,0.0168,0.4,23.159,23.159,23.159,51.663,1,180,0,0,0,-0.01,0,0,7.37,90.27,0.7482,-0.0068,-0.6635,7,90.4,0,0,0,0,0,0,3,0,0,0,69,0,0,0,90.4,1,0,0,0,0,3,0,0,0,11.5,-7.947,0,0,0,0,0,0,VALID,0,0,0,0,0,1,0,0,0,0,0,0,0,0,0,0,0,0,0,0,0,1262.35,2,0,0.06,0.06,1298,14.29,0.08,0.06,49.32,FLYING,X10-F,0:/Integrated Flight Computer/aircraft/x10_f_cfg.ks (inferred preloaded)
90.78,CRUISE,,200.91,80,-120.91,1499.57,-0.03,9.42,9.43,180.01,0.055,0,0,-2.306,1,0.6,4.5,2.601,0.35,0.0168,0.4,23.261,23.261,23.261,50.956,1,180,0,0,0,-0.01,0,0,7.37,90.27,0.7482,-0.0068,-0.6635,7,90.4,0,0,0,0,0,0,3,0,0,0,69,0,0,0,90.4,1,0,0,0,0,3,0,0,0,11.5,-7.947,0,0,0,0,0,0,VALID,0,0,0,0,0,1,0,0,0,0,0,0,0,0,0,0,0,0,0,0,0,1258.74,2,0,0.06,0.06,1302,14.29,0.08,0.06,49.6,FLYING,X10-F,0:/Integrated Flight Computer/aircraft/x10_f_cfg.ks (inferred preloaded)
91.06,CRUISE,,200.19,80,-120.19,1499.58,-0.03,9.49,9.49,180.01,0.057,0,0,-2.26,1,0.6,4.5,2.628,0.35,0.0168,0.4,23.365,23.365,23.365,50.241,1,180,0,0,0,-0.01,0,0,7.37,90.27,0.7482,-0.0068,-0.6635,7,90.4,0,0,0,0,0,0,3,0,0,0,69,0,0,0,90.4,1,0,0,0,0,3,0,0,0,11.5,-7.947,0,0,0,0,0,0,VALID,0,0,0,0,0,1,0,0,0,0,0,0,0,0,0,0,0,0,0,0,0,1255.1,2,0,0.06,0.06,1306,14.29,0.08,0.06,49.88,FLYING,X10-F,0:/Integrated Flight Computer/aircraft/x10_f_cfg.ks (inferred preloaded)
91.34,CRUISE,,199.47,80,-119.47,1499.59,-0.04,9.55,9.56,180.01,0.056,0,0,-2.215,1,0.6,4.5,2.655,0.35,0.0168,0.4,23.47,23.47,23.47,49.518,1,180,0,0,0,-0.01,0,0,7.37,90.27,0.7482,-0.0068,-0.6635,7,90.4,0,0,0,0,0,0,3,0,0,0,69,0,0,0,90.4,1,0,0,0,0,3,0,0,0,11.5,-7.947,0,0,0,0,0,0,VALID,0,0,0,0,0,1,0,0,0,0,0,0,0,0,0,0,0,0,0,0,0,1251.43,2,0,0.06,0.06,1310,14.29,0.08,0.06,50.16,FLYING,X10-F,0:/Integrated Flight Computer/aircraft/x10_f_cfg.ks (inferred preloaded)
91.62,CRUISE,,198.73,80,-118.73,1499.6,-0.04,9.61,9.62,180.01,0.053,0,0,-2.171,1,0.6,4.5,2.684,0.35,0.0168,0.4,23.576,23.576,23.576,48.786,1,180,0,0,0,-0.01,0,0,7.37,90.27,0.7482,-0.0068,-0.6635,7,90.4,0,0,0,0,0,0,3,0,0,0,69,0,0,0,90.4,1,0,0,0,0,3,0,0,0,11.5,-7.947,0,0,0,0,0,0,VALID,0,0,0,0,0,1,0,0,0,0,0,0,0,0,0,0,0,0,0,0,0,1247.72,2,0,0.06,0.06,1314,14.29,0.08,0.06,50.44,FLYING,X10-F,0:/Integrated Flight Computer/aircraft/x10_f_cfg.ks (inferred preloaded)
91.9,CRUISE,,197.99,80,-117.99,1499.61,-0.04,9.68,9.69,180.01,0.055,0,0,-2.128,1,0.6,4.5,2.713,0.35,0.0168,0.4,23.684,23.684,23.684,48.044,1,180,0,0,0,-0.01,0,0,7.37,90.27,0.7482,-0.0068,-0.6635,7,90.4,0,0,0,0,0,0,3,0,0,0,69,0,0,0,90.4,1,0,0,0,0,3,0,0,0,11.5,-7.947,0,0,0,0,0,0,VALID,0,0,0,0,0,1,0,0,0,0,0,0,0,0,0,0,0,0,0,0,0,1243.96,2,0,0.06,0.06,1318,14.29,0.08,0.06,50.72,FLYING,X10-F,0:/Integrated Flight Computer/aircraft/x10_f_cfg.ks (inferred preloaded)
92.18,CRUISE,,197.24,80,-117.24,1499.61,-0.05,9.75,9.77,180.01,0.055,0,0,-2.086,1,0.6,4.5,2.743,0.35,0.0168,0.4,23.792,23.792,23.792,47.294,1,180,0,0,0,-0.01,0,0,7.37,90.27,0.7482,-0.0068,-0.6635,7,90.4,0,0,0,0,0,0,3,0,0,0,69,0,0,0,90.4,1,0,0,0,0,3,0,0,0,11.5,-7.947,0,0,0,0,0,0,VALID,0,0,0,0,0,1,0,0,0,0,0,0,0,0,0,0,0,0,0,0,0,1240.17,2,0,0.06,0.06,1322,14.29,0.08,0.06,51,FLYING,X10-F,0:/Integrated Flight Computer/aircraft/x10_f_cfg.ks (inferred preloaded)
92.46,CRUISE,,196.48,80,-116.48,1499.62,-0.05,9.82,9.84,180.01,0.056,0,0,-2.044,1,0.6,4.5,2.774,0.35,0.0168,0.4,23.903,23.903,23.903,46.534,1,180,0,0,0,-0.01,0,0,7.37,90.27,0.7482,-0.0068,-0.6635,7,90.4,0,0,0,0,0,0,3,0,0,0,69,0,0,0,90.4,1,0,0,0,0,3,0,0,0,11.5,-7.947,0,0,0,0,0,0,VALID,0,0,0,0,0,1,0,0,0,0,0,0,0,0,0,0,0,0,0,0,0,1236.34,2,0,0.06,0.06,1326,14.29,0.08,0.06,51.28,FLYING,X10-F,0:/Integrated Flight Computer/aircraft/x10_f_cfg.ks (inferred preloaded)
92.74,CRUISE,,195.71,80,-115.71,1499.63,-0.06,9.9,9.91,180.01,0.054,0,0,-2.004,1,0.6,4.5,2.806,0.35,0.0168,0.4,24.014,24.014,24.014,45.765,1,180,0,0,0,-0.02,0,0,7.37,90.27,0.7482,-0.0068,-0.6635,7,90.4,0,0,0,0,0,0,3,0,0,0,69,0,0,0,90.4,1,0,0,0,0,3,0,0,0,11.5,-7.947,0,0,0,0,0,0,VALID,0,0,0,0,0,1,0,0,0,0,0,0,0,0,0,0,0,0,0,0,0,1232.46,2,0,0.06,0.06,1330,14.29,0.08,0.06,51.56,FLYING,X10-F,0:/Integrated Flight Computer/aircraft/x10_f_cfg.ks (inferred preloaded)
93.02,CRUISE,,194.93,80,-114.93,1499.63,-0.06,9.97,9.99,180.01,0.053,0,0,-1.964,1,0.6,4.5,2.839,0.35,0.0168,0.4,24.127,24.127,24.127,44.986,1,180,0,0,0,-0.02,0,0,7.37,90.27,0.7482,-0.0068,-0.6635,7,90.4,0,0,0,0,0,0,3,0,0,0,69,0,0,0,90.4,1,0,0,0,0,3,0,0,0,11.5,-7.947,0,0,0,0,0,0,VALID,0,0,0,0,0,1,0,0,0,0,0,0,0,0,0,0,0,0,0,0,0,1228.55,2,0,0.06,0.06,1334,14.29,0.08,0.06,51.84,FLYING,X10-F,0:/Integrated Flight Computer/aircraft/x10_f_cfg.ks (inferred preloaded)
93.3,CRUISE,,194.14,80,-114.14,1499.64,-0.07,10.05,10.07,180.01,0.053,0,0,-1.925,1,0.6,4.5,2.873,0.35,0.0168,0.4,24.242,24.242,24.242,44.196,1,180,0,0,0,-0.02,0,0,7.37,90.27,0.7482,-0.0068,-0.6635,7,90.4,0,0,0,0,0,0,3,0,0,0,69,0,0,0,90.4,1,0,0,0,0,3,0,0,0,11.5,-7.947,0,0,0,0,0,0,VALID,0,0,0,0,0,1,0,0,0,0,0,0,0,0,0,0,0,0,0,0,0,1224.59,2,0,0.06,0.06,1338,14.29,0.08,0.06,52.12,FLYING,X10-F,0:/Integrated Flight Computer/aircraft/x10_f_cfg.ks (inferred preloaded)
93.58,CRUISE,,193.34,80,-113.34,1499.64,-0.07,10.13,10.15,180.01,0.052,0,0,-1.887,1,0.6,4.5,2.908,0.35,0.0168,0.4,24.357,24.357,24.357,43.397,1,180,0,0,0,-0.02,0,0,7.37,90.26,0.7482,-0.0068,-0.6635,7,90.4,0,0,0,0,0,0,3,0,0,0,69,0,0,0,90.4,1,0,0,0,0,3,0,0,0,11.5,-7.947,0,0,0,0,0,0,VALID,0,0,0,0,0,1,0,0,0,0,0,0,0,0,0,0,0,0,0,0,0,1220.59,2,0,0.06,0.06,1342,14.29,0.08,0.06,52.4,FLYING,X10-F,0:/Integrated Flight Computer/aircraft/x10_f_cfg.ks (inferred preloaded)
93.86,CRUISE,,192.53,80,-112.53,1499.64,-0.08,10.21,10.23,180.01,0.052,0,0,-1.849,1,0.6,4.5,2.943,0.35,0.0168,0.4,24.475,24.475,24.475,42.586,1,180,0,0,0,-0.02,0,0,7.37,90.26,0.7482,-0.0068,-0.6635,7,90.4,0,0,0,0,0,0,3,0,0,0,69,0,0,0,90.4,1,0,0,0,0,3,0,0,0,11.5,-7.947,0,0,0,0,0,0,VALID,0,0,0,0,0,1,0,0,0,0,0,0,0,0,0,0,0,0,0,0,0,1216.54,2,0,0.06,0.06,1346,14.29,0.08,0.06,52.68,FLYING,X10-F,0:/Integrated Flight Computer/aircraft/x10_f_cfg.ks (inferred preloaded)
94.14,CRUISE,,191.71,80,-111.71,1499.64,-0.08,10.29,10.31,180.01,0.051,0,0,-1.813,1,0.6,4.5,2.98,0.35,0.0168,0.4,24.594,24.594,24.594,41.765,1,180,0,0,0,-0.02,0,0,7.37,90.26,0.7482,-0.0068,-0.6635,7,90.4,0,0,0,0,0,0,3,0,0,0,69,0,0,0,90.4,1,0,0,0,0,3,0,0,0,11.5,-7.947,0,0,0,0,0,0,VALID,0,0,0,0,0,1,0,0,0,0,0,0,0,0,0,0,0,0,0,0,0,1212.45,2,0,0.06,0.06,1350,14.29,0.08,0.06,52.96,FLYING,X10-F,0:/Integrated Flight Computer/aircraft/x10_f_cfg.ks (inferred preloaded)
94.42,CRUISE,,190.87,80,-110.87,1499.65,-0.08,10.38,10.4,180.01,0.053,0,0,-1.777,1,0.6,4.5,3.017,0.35,0.0168,0.4,24.715,24.715,24.715,40.933,1,180,0,0,0,-0.03,0,0,7.37,90.26,0.7482,-0.0068,-0.6635,7,90.4,0,0,0,0,0,0,3,0,0,0,69,0,0,0,90.4,1,0,0,0,0,3,0,0,0,11.5,-7.947,0,0,0,0,0,0,VALID,0,0,0,0,0,1,0,0,0,0,0,0,0,0,0,0,0,0,0,0,0,1208.31,2,0,0.06,0.06,1354,14.29,0.08,0.06,53.24,FLYING,X10-F,0:/Integrated Flight Computer/aircraft/x10_f_cfg.ks (inferred preloaded)
94.7,CRUISE,,190.03,80,-110.03,1499.65,-0.09,10.46,10.49,180.01,0.054,0,0,-1.741,1,0.6,4.5,3.055,0.35,0.0168,0.4,24.837,24.837,24.837,40.091,1,180,0,0,0,-0.03,0,0,7.37,90.26,0.7482,-0.0068,-0.6635,7,90.4,0,0,0,0,0,0,3,0,0,0,69,0,0,0,90.4,1,0,0,0,0,3,0,0,0,11.5,-7.947,0,0,0,0,0,0,VALID,0,0,0,0,0,1,0,0,0,0,0,0,0,0,0,0,0,0,0,0,0,1204.13,2,0,0.06,0.06,1358,14.29,0.08,0.06,53.52,FLYING,X10-F,0:/Integrated Flight Computer/aircraft/x10_f_cfg.ks (inferred preloaded)
94.98,CRUISE,,189.18,80,-109.18,1499.65,-0.1,10.55,10.58,180.01,0.054,0,0,-1.707,1,0.6,4.5,3.093,0.35,0.0168,0.4,24.961,24.961,24.961,39.238,1,180,0,0,0,-0.03,0,0,7.37,90.26,0.7482,-0.0068,-0.6635,7,90.4,0,0,0,0,0,0,3,0,0,0,69,0,0,0,90.4,1,0,0,0,0,3,0,0,0,11.5,-7.947,0,0,0,0,0,0,VALID,0,0,0,0,0,1,0,0,0,0,0,0,0,0,0,0,0,0,0,0,0,1199.91,2,0,0.06,0.06,1362,14.29,0.08,0.06,53.8,FLYING,X10-F,0:/Integrated Flight Computer/aircraft/x10_f_cfg.ks (inferred preloaded)
95.26,CRUISE,,188.31,80,-108.31,1499.64,-0.1,10.65,10.67,180.01,0.055,0,0,-1.673,1,0.6,4.5,3.133,0.35,0.0168,0.4,25.086,25.086,25.086,38.373,1,180,0,0,0,-0.03,0,0,7.37,90.26,0.7482,-0.0068,-0.6635,7,90.4,0,0,0,0,0,0,3,0,0,0,69,0,0,0,90.4,1,0,0,0,0,3,0,0,0,11.5,-7.947,0,0,0,0,0,0,VALID,0,0,0,0,0,1,0,0,0,0,0,0,0,0,0,0,0,0,0,0,0,1195.64,2,0,0.06,0.06,1366,14.29,0.08,0.06,54.08,FLYING,X10-F,0:/Integrated Flight Computer/aircraft/x10_f_cfg.ks (inferred preloaded)
95.54,CRUISE,,187.43,80,-107.43,1499.64,-0.11,10.74,10.77,180.01,0.055,0,0,-1.64,1,0.6,4.5,3.173,0.35,0.0168,0.4,25.213,25.213,25.213,37.497,1,180,0,0,0,-0.03,0,0,7.37,90.26,0.7482,-0.0068,-0.6635,7,90.4,0,0,0,0,0,0,3,0,0,0,69,0,0,0,90.4,1,0,0,0,0,3,0,0,0,11.5,-7.947,0,0,0,0,0,0,VALID,0,0,0,0,0,1,0,0,0,0,0,0,0,0,0,0,0,0,0,0,0,1191.33,2,0,0.06,0.06,1370,14.29,0.08,0.06,54.36,FLYING,X10-F,0:/Integrated Flight Computer/aircraft/x10_f_cfg.ks (inferred preloaded)
95.82,CRUISE,,186.55,80,-106.55,1499.64,-0.11,10.84,10.87,180.01,0.057,0,0,-1.607,1,0.6,4.5,3.213,0.35,0.0168,0.4,25.342,25.342,25.342,36.61,1,180,0,0,0,-0.03,0,0,7.37,90.26,0.7482,-0.0068,-0.6635,7,90.4,0,0,0,0,0,0,3,0,0,0,69,0,0,0,90.4,1,0,0,0,0,3,0,0,0,11.5,-7.947,0,0,0,0,0,0,VALID,0,0,0,0,0,1,0,0,0,0,0,0,0,0,0,0,0,0,0,0,0,1186.97,2,0,0.06,0.06,1374,14.29,0.08,0.06,54.64,FLYING,X10-F,0:/Integrated Flight Computer/aircraft/x10_f_cfg.ks (inferred preloaded)
96.1,CRUISE,,185.65,80,-105.65,1499.64,-0.12,10.94,10.97,180.01,0.058,0,0,-1.575,1,0.6,4.5,3.255,0.35,0.0168,0.4,25.472,25.472,25.472,35.711,1,180,0,0,0,-0.04,0,0,7.37,90.26,0.7482,-0.0068,-0.6635,7,90.4,0,0,0,0,0,0,3,0,0,0,69,0,0,0,90.4,1,0,0,0,0,3,0,0,0,11.5,-7.947,0,0,0,0,0,0,VALID,0,0,0,0,0,1,0,0,0,0,0,0,0,0,0,0,0,0,0,0,0,1182.57,2,0,0.06,0.06,1378,14.29,0.08,0.06,54.92,FLYING,X10-F,0:/Integrated Flight Computer/aircraft/x10_f_cfg.ks (inferred preloaded)
96.38,CRUISE,,184.74,80,-104.74,1499.63,-0.13,11.04,11.08,180.01,0.055,0,0,-1.544,1,0.6,4.5,3.296,0.35,0.0168,0.4,25.604,25.604,25.604,34.801,1,180,0,0,0,-0.04,0,0,7.37,90.26,0.7482,-0.0068,-0.6635,7,90.4,0,0,0,0,0,0,3,0,0,0,69,0,0,0,90.4,1,0,0,0,0,3,0,0,0,11.5,-7.947,0,0,0,0,0,0,VALID,0,0,0,0,0,1,0,0,0,0,0,0,0,0,0,0,0,0,0,0,0,1178.12,2,0,0.06,0.06,1382,14.29,0.08,0.06,55.2,FLYING,X10-F,0:/Integrated Flight Computer/aircraft/x10_f_cfg.ks (inferred preloaded)
96.66,CRUISE,,183.81,80,-103.81,1499.63,-0.13,11.15,11.19,180.01,0.053,0,0,-1.513,1,0.6,4.5,3.339,0.35,0.0168,0.4,25.738,25.738,25.738,33.879,1,180,0,0,0,-0.04,0,0,7.37,90.26,0.7482,-0.0068,-0.6635,7,90.4,0,0,0,0,0,0,3,0,0,0,69,0,0,0,90.4,1,0,0,0,0,3,0,0,0,11.5,-7.947,0,0,0,0,0,0,VALID,0,0,0,0,0,1,0,0,0,0,0,0,0,0,0,0,0,0,0,0,0,1173.62,2,0,0.06,0.06,1386,14.29,0.08,0.06,55.48,FLYING,X10-F,0:/Integrated Flight Computer/aircraft/x10_f_cfg.ks (inferred preloaded)
96.94,CRUISE,,182.88,80,-102.88,1499.62,-0.14,11.26,11.3,180.01,0.052,0,0,-1.483,1,0.6,4.5,3.382,0.35,0.0168,0.4,25.873,25.873,25.873,32.945,1,180,0,0,0,-0.04,0,0,7.37,90.26,0.7482,-0.0068,-0.6635,7,90.4,0,0,0,0,0,0,3,0,0,0,69,0,0,0,90.4,1,0,0,0,0,3,0,0,0,11.5,-7.947,0,0,0,0,0,0,VALID,0,0,0,0,0,1,0,0,0,0,0,0,0,0,0,0,0,0,0,0,0,1169.09,2,0,0.06,0.06,1390,14.29,0.08,0.06,55.76,FLYING,X10-F,0:/Integrated Flight Computer/aircraft/x10_f_cfg.ks (inferred preloaded)
97.22,CRUISE,,181.93,80,-101.93,1499.61,-0.14,11.37,11.42,180.01,0.051,0,0,-1.454,1,0.6,4.5,3.425,0.35,0.0168,0.4,26.01,26.01,26.01,31.999,1,180,0,0,0,-0.05,0,0,7.37,90.26,0.7482,-0.0068,-0.6635,7,90.4,0,0,0,0,0,0,3,0,0,0,69,0,0,0,90.4,1,0,0,0,0,3,0,0,0,11.5,-7.947,0,0,0,0,0,0,VALID,0,0,0,0,0,1,0,0,0,0,0,0,0,0,0,0,0,0,0,0,0,1164.5,2,0,0.06,0.06,1394,14.29,0.08,0.06,56.04,FLYING,X10-F,0:/Integrated Flight Computer/aircraft/x10_f_cfg.ks (inferred preloaded)
97.5,CRUISE,,180.97,80,-100.97,1499.6,-0.15,11.49,11.54,180.01,0.049,0,0,-1.425,1,0.6,4.5,3.469,0.35,0.0168,0.4,26.149,26.149,26.149,31.041,1,180,0,0,0,-0.05,0,0,7.37,90.26,0.7482,-0.0068,-0.6635,7,90.4,0,0,0,0,0,0,3,0,0,0,69,0,0,0,90.4,1,0,0,0,0,3,0,0,0,11.5,-7.947,0,0,0,0,0,0,VALID,0,0,0,0,0,1,0,0,0,0,0,0,0,0,0,0,0,0,0,0,0,1159.88,2,0,0.06,0.06,1398,14.29,0.08,0.06,56.32,FLYING,X10-F,0:/Integrated Flight Computer/aircraft/x10_f_cfg.ks (inferred preloaded)
97.78,CRUISE,,180,80,-100,1499.6,-0.16,11.61,11.66,180.01,0.049,0,0,-1.397,1,0.6,4.5,3.514,0.35,0.0168,0.4,26.29,26.29,26.29,30.072,1,180,0,0,0,-0.05,0,0,7.37,90.25,0.7482,-0.0068,-0.6635,7,90.4,0,0,0,0,0,0,3,0,0,0,69,0,0,0,90.4,1,0,0,0,0,3,0,0,0,11.5,-7.947,0,0,0,0,0,0,VALID,0,0,0,0,0,1,0,0,0,0,0,0,0,0,0,0,0,0,0,0,0,1155.21,2,0,0.06,0.06,1402,14.29,0.08,0.06,56.6,FLYING,X10-F,0:/Integrated Flight Computer/aircraft/x10_f_cfg.ks (inferred preloaded)
98.06,CRUISE,,179.02,80,-99.02,1499.59,-0.16,11.74,11.78,180.01,0.049,0,0,-1.369,1,0.6,4.5,3.558,0.35,0.0168,0.4,26.432,26.432,26.432,29.09,1,180,0,0,0,-0.05,0,0,7.37,90.25,0.7482,-0.0068,-0.6635,7,90.4,0,0,0,0,0,0,3,0,0,0,69,0,0,0,90.4,1,0,0,0,0,3,0,0,0,11.5,-7.947,0,0,0,0,0,0,VALID,0,0,0,0,0,1,0,0,0,0,0,0,0,0,0,0,0,0,0,0,0,1150.49,2,0,0.06,0.06,1406,14.29,0.08,0.06,56.88,FLYING,X10-F,0:/Integrated Flight Computer/aircraft/x10_f_cfg.ks (inferred preloaded)
98.34,CRUISE,,178.02,80,-98.02,1499.58,-0.17,11.86,11.92,180.01,0.05,0,0,-1.342,1,0.6,4.5,3.604,0.35,0.0168,0.4,26.576,26.576,26.576,28.096,1,180,0,0,0,-0.05,0,0,7.37,90.25,0.7482,-0.0068,-0.6635,7,90.4,0,0,0,0,0,0,3,0,0,0,69,0,0,0,90.4,1,0,0,0,0,3,0,0,0,11.5,-7.947,0,0,0,0,0,0,VALID,0,0,0,0,0,1,0,0,0,0,0,0,0,0,0,0,0,0,0,0,0,1145.74,2,0,0.06,0.06,1410,14.29,0.08,0.06,57.16,FLYING,X10-F,0:/Integrated Flight Computer/aircraft/x10_f_cfg.ks (inferred preloaded)
98.62,CRUISE,,177.02,80,-97.02,1499.56,-0.18,12,12.05,180.01,0.049,0,0,-1.315,1,0.6,4.5,3.649,0.35,0.0168,0.4,26.722,26.722,26.722,27.091,1,180,0,0,0,-0.06,0,0,7.37,90.25,0.7482,-0.0068,-0.6635,7,90.4,0,0,0,0,0,0,3,0,0,0,69,0,0,0,90.4,1,0,0,0,0,3,0,0,0,11.5,-7.947,0,0,0,0,0,0,VALID,0,0,0,0,0,1,0,0,0,0,0,0,0,0,0,0,0,0,0,0,0,1140.94,2,0,0.06,0.06,1414,14.29,0.08,0.06,57.44,FLYING,X10-F,0:/Integrated Flight Computer/aircraft/x10_f_cfg.ks (inferred preloaded)
98.9,CRUISE,,176,80,-96,1499.55,-0.19,12.13,12.19,180.01,0.049,0,0,-1.289,1,0.6,4.5,3.694,0.35,0.0168,0.4,26.869,26.869,26.869,26.074,1,180,0,0,0,-0.06,0,0,7.37,90.25,0.7482,-0.0068,-0.6635,7,90.4,0,0,0,0,0,0,3,0,0,0,69,0,0,0,90.4,1,0,0,0,0,3,0,0,0,11.5,-7.947,0,0,0,0,0,0,VALID,0,0,0,0,0,1,0,0,0,0,0,0,0,0,0,0,0,0,0,0,0,1136.1,2,0,0.06,0.06,1418,14.29,0.08,0.06,57.72,FLYING,X10-F,0:/Integrated Flight Computer/aircraft/x10_f_cfg.ks (inferred preloaded)
99.18,CRUISE,,174.97,80,-94.97,1499.54,-0.19,12.27,12.33,180.01,0.05,0,0,-1.263,1,0.6,4.5,3.74,0.35,0.0168,0.4,27.019,27.019,27.019,25.045,1,180,0,0,0,-0.06,0,0,7.37,90.25,0.7482,-0.0068,-0.6635,7,90.4,0,0,0,0,0,0,3,0,0,0,69,0,0,0,90.4,1,0,0,0,0,3,0,0,0,11.5,-7.947,0,0,0,0,0,0,VALID,0,0,0,0,0,1,0,0,0,0,0,0,0,0,0,0,0,0,0,0,0,1131.23,2,0,0.06,0.06,1422,14.29,0.08,0.06,58,FLYING,X10-F,0:/Integrated Flight Computer/aircraft/x10_f_cfg.ks (inferred preloaded)
99.46,CRUISE,,173.93,80,-93.93,1499.53,-0.2,12.42,12.48,180.01,0.048,0,0,-1.238,1,0.6,4.5,3.786,0.35,0.0168,0.4,27.169,27.169,27.169,24.004,1,180,0,0,0,-0.07,0,0,7.37,90.25,0.7482,-0.0068,-0.6635,7,90.4,0,0,0,0,0,0,3,0,0,0,69,0,0,0,90.4,1,0,0,0,0,3,0,0,0,11.5,-7.947,0,0,0,0,0,0,VALID,0,0,0,0,0,1,0,0,0,0,0,0,0,0,0,0,0,0,0,0,0,1126.31,2,0,0.06,0.06,1426,14.29,0.08,0.06,58.28,FLYING,X10-F,0:/Integrated Flight Computer/aircraft/x10_f_cfg.ks (inferred preloaded)
99.74,CRUISE,,172.88,80,-92.88,1499.51,-0.21,12.57,12.63,180.01,0.05,0,0,-1.214,1,0.6,4.5,3.832,0.35,0.0168,0.4,27.322,27.322,27.322,22.952,1,180,0,0,0,-0.07,0,0,7.37,90.25,0.7482,-0.0068,-0.6635,7,90.4,0,0,0,0,0,0,3,0,0,0,69,0,0,0,90.4,1,0,0,0,0,3,0,0,0,11.5,-7.947,0,0,0,0,0,0,VALID,0,0,0,0,0,1,0,0,0,0,0,0,0,0,0,0,0,0,0,0,0,1121.36,2,0,0.06,0.06,1430,14.29,0.08,0.06,58.56,FLYING,X10-F,0:/Integrated Flight Computer/aircraft/x10_f_cfg.ks (inferred preloaded)
100.02,CRUISE,,171.81,80,-91.81,1499.5,-0.21,12.72,12.79,180.02,0.049,0,0,-1.19,1,0.6,4.5,3.877,0.35,0.0168,0.4,27.476,27.476,27.476,21.888,1,180,0,0,0,-0.07,0,0,7.37,90.25,0.7482,-0.0068,-0.6635,7,90.4,0,0,0,0,0,0,3,0,0,0,69,0,0,0,90.4,1,0,0,0,0,3,0,0,0,11.5,-7.947,0,0,0,0,0,0,VALID,0,0,0,0,0,1,0,0,0,0,0,0,0,0,0,0,0,0,0,0,0,1116.38,2,0,0.06,0.06,1434,14.29,0.08,0.06,58.84,FLYING,X10-F,0:/Integrated Flight Computer/aircraft/x10_f_cfg.ks (inferred preloaded)
100.3,CRUISE,,170.73,80,-90.73,1499.48,-0.22,12.88,12.95,180.02,0.048,0,0,-1.166,1,0.6,4.5,3.923,0.35,0.0168,0.4,27.632,27.632,27.632,20.812,1,180,0,0,0,-0.07,0,0,7.37,90.25,0.7482,-0.0068,-0.6635,7,90.4,0,0,0,0,0,0,3,0,0,0,69,0,0,0,90.4,1,0,0,0,0,3,0,0,0,11.5,-7.947,0,0,0,0,0,0,VALID,0,0,0,0,0,1,0,0,0,0,0,0,0,0,0,0,0,0,0,0,0,1111.35,2,0,0.06,0.06,1438,14.29,0.08,0.06,59.12,FLYING,X10-F,0:/Integrated Flight Computer/aircraft/x10_f_cfg.ks (inferred preloaded)
100.58,CRUISE,,169.65,80,-89.65,1499.46,-0.23,13.05,13.12,180.02,0.052,0,0,-1.143,1,0.6,4.5,3.969,0.35,0.0168,0.4,27.377,27.79,27.377,19.725,1,180,0,0,0,-0.08,0,0,7.37,90.25,0.7482,-0.0068,-0.6635,7,90.4,0,0,0,0,0,0,3,0,0,0,69,0,0,0,90.4,1,0,0,0,0,3,0,0,0,11.5,-7.947,0,0,0,0,0,0,VALID,0,0,0,0,0,1,0,0,0,0,0,0,0,0,0,0,0,0,0,0,0,1106.3,2,0,0.06,0.06,1442,14.29,0.08,0.06,59.4,FLYING,X10-F,0:/Integrated Flight Computer/aircraft/x10_f_cfg.ks (inferred preloaded)
100.86,CRUISE,,168.57,80,-88.57,1499.45,-0.24,13.22,13.29,180.02,0.052,0,0,-3.76,1,0.6,4.5,4.011,0.35,0.0168,0.4,25.897,27.947,25.897,18.643,1,180,0,0,0,-0.08,0,0,7.37,90.25,0.7482,-0.0068,-0.6635,7,90.4,0,0,0,0,0,0,3,0,0,0,69,0,0,0,90.4,1,0,0,0,0,3,0,0,0,11.5,-7.947,0,0,0,0,0,0,VALID,0,0,0,0,0,1,0,0,0,0,0,0,0,0,0,0,0,0,0,0,0,1101.3,2,0,0.06,0.06,1446,14.29,0.08,0.06,59.68,FLYING,X10-F,0:/Integrated Flight Computer/aircraft/x10_f_cfg.ks (inferred preloaded)
101.14,CRUISE,,167.53,80,-87.53,1499.43,-0.24,13.39,13.47,180.02,0.053,0,0,-5.86,1,0.6,4.5,4.037,0.35,0.0168,0.4,24.457,28.098,24.457,17.603,1,180,0,0,0,-0.08,0,0,7.37,90.25,0.7482,-0.0068,-0.6635,7,90.4,0,0,0,0,0,0,3,0,0,0,69,0,0,0,90.4,1,0,0,0,0,3,0,0,0,11.5,-7.947,0,0,0,0,0,0,VALID,0,0,0,0,0,1,0,0,0,0,0,0,0,0,0,0,0,0,0,0,0,1096.52,2,0,0.06,0.06,1450,14.29,0.08,0.06,59.96,FLYING,X10-F,0:/Integrated Flight Computer/aircraft/x10_f_cfg.ks (inferred preloaded)
101.42,CRUISE,,166.54,80,-86.54,1499.41,-0.25,13.56,13.64,180.02,0.053,0,0,-6.788,1,0.6,4.5,4.039,0.35,0.0168,0.4,23.061,28.242,23.061,16.606,1,180,0,0,0,-0.08,0,0,7.37,90.25,0.7482,-0.0068,-0.6635,7,90.4,0,0,0,0,0,0,3,0,0,0,69,0,0,0,90.4,1,0,0,0,0,3,0,0,0,11.5,-7.947,0,0,0,0,0,0,VALID,0,0,0,0,0,1,0,0,0,0,0,0,0,0,0,0,0,0,0,0,0,1091.95,2,0,0.06,0.06,1454,14.29,0.08,0.06,60.24,FLYING,X10-F,0:/Integrated Flight Computer/aircraft/x10_f_cfg.ks (inferred preloaded)
101.7,CRUISE,,165.59,80,-85.59,1499.38,-0.25,13.73,13.8,180.02,0.054,0,0,-7.974,1,0.6,4.5,4.019,0.35,0.0168,0.4,21.71,28.38,21.71,15.652,1,180,0,0,0,-0.09,0,0,7.37,90.25,0.7482,-0.0068,-0.6635,7,90.4,0,0,0,0,0,0,3,0,0,0,69,0,0,0,90.4,1,0,0,0,0,3,0,0,0,11.5,-7.947,0,0,0,0,0,0,VALID,0,0,0,0,0,1,0,0,0,0,0,0,0,0,0,0,0,0,0,0,0,1087.6,2,0,0.06,0.06,1458,14.29,0.08,0.06,60.52,FLYING,X10-F,0:/Integrated Flight Computer/aircraft/x10_f_cfg.ks (inferred preloaded)
101.98,CRUISE,,164.68,80,-84.68,1499.36,-0.25,13.88,13.96,180.02,0.052,0,0,-8.757,1,0.6,4.5,3.976,0.35,0.0168,0.4,20.406,28.513,20.406,14.74,1,180,0,0,0,-0.09,0,0,7.37,90.24,0.7482,-0.0068,-0.6635,7,90.4,0,0,0,0,0,0,3,0,0,0,69,0,0,0,90.4,1,0,0,0,0,3,0,0,0,11.5,-7.947,0,0,0,0,0,0,VALID,0,0,0,0,0,1,0,0,0,0,0,0,0,0,0,0,0,0,0,0,0,1083.46,2,0,0.06,0.06,1462,14.29,0.08,0.06,60.8,FLYING,X10-F,0:/Integrated Flight Computer/aircraft/x10_f_cfg.ks (inferred preloaded)
102.26,CRUISE,,163.8,80,-83.8,1499.33,-0.25,14.04,14.12,180.02,0.05,0,0,-9.476,1,0.6,4.5,3.918,0.35,0.0168,0.4,19.141,28.64,19.141,13.864,1,180,0,0,0,-0.09,0,0,7.37,90.24,0.7482,-0.0068,-0.6635,7,90.4,0,0,0,0,0,0,3,0,0,0,69,0,0,0,90.4,1,0,0,0,0,3,0,0,0,11.5,-7.947,0,0,0,0,0,0,VALID,0,0,0,0,0,1,0,0,0,0,0,0,0,0,0,0,0,0,0,0,0,1079.49,2,0,0.06,0.06,1466,14.29,0.08,0.06,61.08,FLYING,X10-F,0:/Integrated Flight Computer/aircraft/x10_f_cfg.ks (inferred preloaded)
102.54,CRUISE,,162.96,80,-82.96,1499.31,-0.25,14.19,14.27,180.02,0.048,0,0,-10.408,1,0.6,4.5,3.847,0.35,0.0168,0.4,17.91,28.762,17.91,13.02,1,180,0,0,0,-0.09,0,0,7.37,90.24,0.7482,-0.0068,-0.6635,7,90.4,0,0,0,0,0,0,3,0,0,0,69,0,0,0,90.4,1,0,0,0,0,3,0,0,0,11.5,-7.947,0,0,0,0,0,0,VALID,0,0,0,0,0,1,0,0,0,0,0,0,0,0,0,0,0,0,0,0,0,1075.68,2,0,0.06,0.06,1470,14.29,0.08,0.06,61.36,FLYING,X10-F,0:/Integrated Flight Computer/aircraft/x10_f_cfg.ks (inferred preloaded)
102.82,CRUISE,,162.14,80,-82.14,1499.28,-0.24,14.33,14.41,180.02,0.047,0,0,-12.048,1,0.6,4.5,3.768,0.35,0.0168,0.4,16.705,28.881,16.705,12.2,1,180,0,0,0,-0.09,0,0,7.37,90.24,0.7482,-0.0068,-0.6635,7,90.4,0,0,0,0,0,0,3,0,0,0,69,0,0,0,90.4,1,0,0,0,0,3,0,0,0,11.5,-7.947,0,0,0,0,0,0,VALID,0,0,0,0,0,1,0,0,0,0,0,0,0,0,0,0,0,0,0,0,0,1071.99,2,0,0.06,0.06,1474,14.29,0.08,0.06,61.64,FLYING,X10-F,0:/Integrated Flight Computer/aircraft/x10_f_cfg.ks (inferred preloaded)
103.1,CRUISE,,161.34,80,-81.34,1499.25,-0.24,14.48,14.55,180.02,0.046,0,0,-13.553,1,0.6,4.5,3.688,0.35,0.0168,0.4,15.516,28.997,15.516,11.399,1,180,0,0,0,-0.09,0,0,7.37,90.24,0.7482,-0.0068,-0.6635,7,90.4,0,0,0,0,0,0,3,0,0,0,69,0,0,0,90.4,1,0,0,0,0,3,0,0,0,11.5,-7.947,0,0,0,0,0,0,VALID,0,0,0,0,0,1,0,0,0,0,0,0,0,0,0,0,0,0,0,0,0,1068.39,2,0,0.06,0.06,1478,14.29,0.08,0.06,61.92,FLYING,X10-F,0:/Integrated Flight Computer/aircraft/x10_f_cfg.ks (inferred preloaded)
103.38,CRUISE,,160.55,80,-80.55,1499.22,-0.24,14.62,14.7,180.02,0.048,0,0,-15.874,1,0.6,4.5,3.609,0.35,0.0168,0.4,14.333,29.112,14.333,10.608,1,180,0,0,0,-0.09,0,0,7.37,90.24,0.7482,-0.0068,-0.6635,7,90.4,0,0,0,0,0,0,3,0,0,0,69,0,0,0,90.4,1,0,0,0,0,3,0,0,0,11.5,-7.947,0,0,0,0,0,0,VALID,0,0,0,0,0,1,0,0,0,0,0,0,0,0,0,0,0,0,0,0,0,1064.84,2,0,0.06,0.06,1482,14.29,0.08,0.06,62.2,FLYING,X10-F,0:/Integrated Flight Computer/aircraft/x10_f_cfg.ks (inferred preloaded)
103.66,CRUISE,,159.77,80,-79.77,1499.2,-0.24,14.76,14.84,180.02,0.049,0,0,-18.01,1,0.6,4.5,3.535,0.35,0.0168,0.4,13.149,29.226,13.149,9.823,1,180,0,0,0,-0.09,0,0,7.37,90.24,0.7482,-0.0068,-0.6635,7,90.4,0,0,0,0,0,0,3,0,0,0,69,0,0,0,90.4,1,0,0,0,0,3,0,0,0,11.5,-7.947,0,0,0,0,0,0,VALID,0,0,0,0,0,1,0,0,0,0,0,0,0,0,0,0,0,0,0,0,0,1061.34,2,0,0.06,0.06,1486,14.29,0.08,0.06,62.48,FLYING,X10-F,0:/Integrated Flight Computer/aircraft/x10_f_cfg.ks (inferred preloaded)
103.94,CRUISE,,158.99,80,-78.99,1499.17,-0.24,14.91,14.98,180.02,0.047,0.0129,0,-20,1,0.6,4.5,3.468,0.35,0.0168,0.4,11.96,29.339,11.96,9.042,1,180,0,0,0,-0.08,0,0,7.37,90.24,0.7482,-0.0068,-0.6635,7,90.4,0,0,0,0,0,0,3,0,0,0,69,0,0,0,90.4,1,0,0,0,0,3,0,0,0,11.5,-7.947,0,0,0,0,0,0,VALID,0,0,0,0,0,1,0,0,0,0,0,0,0,0,0,0,0,0,0,0,0.02,1057.86,2,0,0.06,0.06,1490,14.29,0.08,0.06,62.76,FLYING,X10-F,0:/Integrated Flight Computer/aircraft/x10_f_cfg.ks (inferred preloaded)
104.2,CRUISE,,158.26,80,-78.26,1499.15,-0.23,15.04,15.12,180.02,0.045,0.0594,0,-20,1,0.6,4.5,3.409,0.35,0.0168,0.4,10.85,29.444,10.85,8.317,1,180,0,0,0,-0.08,0,0,7.37,90.24,0.7482,-0.0068,-0.6635,7,90.4,0,0,0,0,0,0,3,0,0,0,69,0,0,0,90.4,1,0,0,0,0,3,0,0,0,11.5,-7.947,0,0,0,0,0,0,VALID,0,0,0,0,0,1,0,0,0,0,0,0,0,0,0,0,0,0,0,0,1.46,1054.64,2,0,0.06,0.06,1494,15.38,0.08,0.06,63.02,FLYING,X10-F,0:/Integrated Flight Computer/aircraft/x10_f_cfg.ks (inferred preloaded)
104.48,CRUISE,,157.49,80,-77.49,1499.12,-0.23,15.18,15.26,180.02,0.046,0.1076,0,-20,1,0.6,4.5,3.383,0.35,0.0168,0.4,5.508,29.556,0,7.543,1,180,0,0,0,-0.08,0,0,7.37,90.24,0.7482,-0.0068,-0.6635,7,90.4,0,0,0,0,0,0,3,0,0,0,69,0,0,0,90.4,1,0,0,0,0,3,0,0,0,11.5,-7.947,0,0,0,0,0,0,VALID,0,0,0,0,0,1,0,0,0,0,0,0,0,0,0,0,0,0,0,0,5.66,1051.22,2,0,0.06,0.06,1498,15.38,0.08,0.06,63.3,FLYING,X10-F,0:/Integrated Flight Computer/aircraft/x10_f_cfg.ks (inferred preloaded)
104.8,CRUISE,,156.63,80,-76.63,1499.1,-0.22,15.34,15.41,180.02,0.046,0.1477,0,-20,1,0.6,4.5,3.383,0.35,0.0168,0.4,0,29.682,0,6.679,0,180,0,0,0,-0.08,0,0,7.37,90.24,0.7482,-0.0068,-0.6635,7,90.4,0,0,0,0,0,0,3,0,0,0,69,0,0,0,90.4,1,0,0,0,0,3,0,0,0,11.5,-7.947,0,0,0,0,0,0,VALID,0,0,0,0,0,1,0,0,0,0,0,0,0,0,0,0,0,0,0,0,13.25,1047.41,2,0,0.06,0.06,1503,16.67,0.08,0.06,63.62,FLYING,X10-F,0:/Integrated Flight Computer/aircraft/x10_f_cfg.ks (inferred preloaded)
105.12,CRUISE,,155.79,80,-75.79,1499.07,-0.21,15.47,15.54,180.02,0.047,0.1817,0,-20,1,0.6,4.5,3.383,0.35,0.0168,0.4,0,29.803,0,5.84,0,180,0,0,0,-0.08,0,0,7.37,90.24,0.7482,-0.0068,-0.6635,7,90.4,0,0,0,0,0,0,3,0,0,0,69,0,0,0,90.4,1,0,0,0,0,3,0,0,0,11.5,-7.947,0,0,0,0,0,0,VALID,0,0,0,0,0,1,0,0,0,0,0,0,0,0,0,0,0,0,0,0,22.76,1043.73,2,0,0.06,0.06,1508,16.67,0.08,0.06,63.94,FLYING,X10-F,0:/Integrated Flight Computer/aircraft/x10_f_cfg.ks (inferred preloaded)
105.44,CRUISE,,154.98,80,-74.98,1499.04,-0.19,15.6,15.66,180.02,0.045,0.2117,0,-20,1,0.6,4.5,3.383,0.35,0.0168,0.4,0,29.921,0,5.027,0,180,0,0,0,-0.07,0,0,7.37,90.24,0.7482,-0.0068,-0.6635,7,90.4,0,0,0,0,0,0,3,0,0,0,69,0,0,0,90.4,1,0,0,0,0,3,0,0,0,11.5,-7.947,0,0,0,0,0,0,VALID,0,0,0,0,0,1,0,0,0,0,0,0,0,0,0,0,0,0,0,0,33.74,1040.18,2,0,0.06,0.06,1513,16.67,0.08,0.06,64.26,FLYING,X10-F,0:/Integrated Flight Computer/aircraft/x10_f_cfg.ks (inferred preloaded)
105.74,CRUISE,,154.24,80,-74.24,1499.01,-0.18,15.71,15.77,180.02,0.043,0.2335,0,-20,1,0.6,4.5,3.383,0.35,0.0168,0.4,0,30.028,0,4.291,0,180,0,0,0,-0.07,0,0,7.37,90.24,0.7482,-0.0068,-0.6635,7,90.4,0,0,0,0,0,0,3,0,0,0,69,0,0,0,90.4,1,0,0,0,0,3,0,0,0,11.5,-7.947,0,0,0,0,0,0,VALID,0,0,0,0,0,1,0,0,0,0,0,0,0,0,0,0,0,0,0,0,44.95,1036.97,2,0,0.06,0.06,1518,17.86,0.06,0.06,64.56,FLYING,X10-F,0:/Integrated Flight Computer/aircraft/x10_f_cfg.ks (inferred preloaded)
106.02,CRUISE,,153.58,80,-73.58,1498.99,-0.17,15.8,15.86,180.02,0.045,0.2518,0,-20,1,0.6,4.5,3.383,0.35,0.0168,0.4,0,30.124,0,3.631,0,180,0,0,0,-0.06,0,0,7.37,90.24,0.7482,-0.0068,-0.6635,7,90.4,0,0,0,0,0,0,3,0,0,0,69,0,0,0,90.4,1,0,0,0,0,3,0,0,0,11.5,-7.947,0,0,0,0,0,0,VALID,0,0,0,0,0,1,0,0,0,0,0,0,0,0,0,0,0,0,0,0,55.92,1034.11,2,0,0.06,0.06,1522,15.38,0.08,0.06,64.84,FLYING,X10-F,0:/Integrated Flight Computer/aircraft/x10_f_cfg.ks (inferred preloaded)
106.34,CRUISE,,152.87,80,-72.87,1498.96,-0.16,15.9,15.96,180.02,0.046,0.2639,0,-20,1,0.6,4.5,3.383,0.35,0.0168,0.4,0,30.228,0,2.909,0,180,0,0,0,-0.06,0,0,7.37,90.24,0.7482,-0.0068,-0.6635,7,90.4,0,0,0,0,0,0,3,0,0,0,69,0,0,0,90.4,1,0,0,0,0,3,0,0,0,11.5,-7.947,0,0,0,0,0,0,VALID,0,0,0,0,0,1,0,0,0,0,0,0,0,0,0,0,0,0,0,0,68.75,1030.99,2,0,0.06,0.06,1527,16.67,0.08,0.06,65.16,FLYING,X10-F,0:/Integrated Flight Computer/aircraft/x10_f_cfg.ks (inferred preloaded)
106.66,CRUISE,,152.18,80,-72.18,1498.94,-0.14,16,16.05,180.02,0.046,0.2725,0,-20,1,0.6,4.5,3.383,0.35,0.0168,0.4,0,30.327,0,2.224,0,180,0,0,0,-0.05,0,0,7.37,90.23,0.7482,-0.0068,-0.6635,7,90.4,0,0,0,0,0,0,3,0,0,0,69,0,0,0,90.4,1,0,0,0,0,3,0,0,0,11.5,-7.947,0,0,0,0,0,0,VALID,0,0,0,0,0,1,0,0,0,0,0,0,0,0,0,0,0,0,0,0,81.39,1028.04,2,0,0.06,0.06,1532,16.67,0.08,0.06,65.48,FLYING,X10-F,0:/Integrated Flight Computer/aircraft/x10_f_cfg.ks (inferred preloaded)
107,CRUISE,,151.5,80,-71.5,1498.92,-0.13,16.09,16.13,180.02,0.042,0.2805,0,-20,1,0.6,4.5,3.383,0.35,0.0168,0.4,0,30.427,0,1.537,0,180,0,0,0,-0.05,0,0,7.37,90.23,0.7482,-0.0068,-0.6635,7,90.4,0,0,0,0,0,0,3,0,0,0,69,0,0,0,90.4,1,0,0,0,0,3,0,0,0,11.5,-7.947,0,0,0,0,0,0,VALID,0,0,0,0,0,1,0,0,0,0,0,0,0,0,0,0,0,0,0,0,94.41,1025.08,2,0,0.08,0.08,1537,15.63,0.08,0.06,65.82,FLYING,X10-F,0:/Integrated Flight Computer/aircraft/x10_f_cfg.ks (inferred preloaded)
107.3,CRUISE,,150.93,80,-70.93,1498.9,-0.12,16.16,16.2,180.02,0.045,0.2816,0,-20,1,0.6,4.5,3.383,0.35,0.0168,0.4,0,30.51,0,0.963,0,180,0,0,0,-0.04,0,0,7.37,90.23,0.7482,-0.0068,-0.6635,7,90.4,0,0,0,0,0,0,3,0,0,0,69,0,0,0,90.4,1,0,0,0,0,3,0,0,0,11.5,-7.947,0,0,0,0,0,0,VALID,0,0,0,0,0,1,0,0,0,0,0,0,0,0,0,0,0,0,0,0,105.43,1022.63,2,0,0.06,0.06,1542,17.86,0.08,0.06,66.12,FLYING,X10-F,0:/Integrated Flight Computer/aircraft/x10_f_cfg.ks (inferred preloaded)
107.58,CRUISE,,150.42,80,-70.42,1498.89,-0.1,16.23,16.27,180.02,0.047,0.2862,0,-20,1,0.6,4.5,3.383,0.35,0.0168,0.4,0,30.584,0,0.455,0,180,0,0,0,-0.04,0,0,7.37,90.23,0.7482,-0.0068,-0.6635,7,90.4,0,0,0,0,0,0,3,0,0,0,69,0,0,0,90.4,1,0,0,0,0,3,0,0,0,11.5,-7.947,0,0,0,0,0,0,VALID,0,0,0,0,0,1,0,0,0,0,0,0,0,0,0,0,0,0,0,0,115.27,1020.46,2,0,0.06,0.06,1546,14.29,0.08,0.06,66.4,FLYING,X10-F,0:/Integrated Flight Computer/aircraft/x10_f_cfg.ks (inferred preloaded)
107.84,CRUISE,,149.97,80,-69.97,1498.88,-0.09,16.29,16.32,180.02,0.046,0.2871,0,-20,1,0.6,4.5,3.383,0.35,0.0168,0.4,0,30.649,0,0.005,0,180,0,0,0,-0.04,0,0,7.37,90.23,0.7482,-0.0068,-0.6635,7,90.4,0,0,0,0,0,0,3,0,0,0,69,0,0,0,90.4,1,0,0,0,0,3,0,0,0,11.5,-7.947,0,0,0,0,0,0,VALID,0,0,0,0,0,1,0,0,0,0,0,0,0,0,0,0,0,0,0,0,124.06,1018.54,2,0,0.06,0.06,1550,15.38,0.08,0.06,66.66,FLYING,X10-F,0:/Integrated Flight Computer/aircraft/x10_f_cfg.ks (inferred preloaded)
108.12,CRUISE,,149.51,80,-69.51,1498.87,-0.08,16.35,16.37,180.02,0.046,0.2908,0,-19.92,1,0.6,4.5,3.383,0.35,0.0168,0.4,0,30.716,0,-0.455,0,180,0,0,0,-0.03,0,0,7.37,90.23,0.7482,-0.0068,-0.6635,7,90.4,0,0,0,0,0,0,3,0,0,0,69,0,0,0,90.4,1,0,0,0,0,3,0,0,0,11.5,-7.947,0,0,0,0,0,0,VALID,0,0,0,0,0,1,0,0,0,0,0,0,0,0,0,0,0,0,0,0,133.08,1016.58,2,0,0.06,0.06,1554,14.29,0.08,0.06,66.94,FLYING,X10-F,0:/Integrated Flight Computer/aircraft/x10_f_cfg.ks (inferred preloaded)
108.44,CRUISE,,149.02,80,-69.02,1498.87,-0.07,16.41,16.43,180.02,0.046,0.2947,0,-19.678,1,0.6,4.5,3.383,0.35,0.0168,0.4,0,30.788,0,-0.953,0,180,0,0,0,-0.03,0,0,7.37,90.23,0.7482,-0.0068,-0.6635,7,90.4,0,0,0,0,0,0,3,0,0,0,69,0,0,0,90.4,1,0,0,0,0,3,0,0,0,11.5,-7.947,0,0,0,0,0,0,VALID,0,0,0,0,0,1,0,0,0,0,0,0,0,0,0,0,0,0,0,0,143,1014.47,2,0,0.06,0.06,1559,16.67,0.08,0.06,67.26,FLYING,X10-F,0:/Integrated Flight Computer/aircraft/x10_f_cfg.ks (inferred preloaded)
108.76,CRUISE,,148.55,80,-68.55,1498.86,-0.06,16.47,16.49,180.02,0.044,0.3017,0,-19.282,1,0.6,4.5,3.383,0.35,0.0168,0.4,0,30.856,0,-1.422,0,180,0,0,0,-0.02,0,0,7.37,90.23,0.7482,-0.0068,-0.6635,7,90.4,0,0,0,0,0,0,3,0,0,0,69,0,0,0,90.4,1,0,0,0,0,3,0,0,0,11.5,-7.947,0,0,0,0,0,0,VALID,0,0,0,0,0,1,0,0,0,0,0,0,0,0,0,0,0,0,0,0,152.55,1012.48,2,0,0.06,0.06,1564,16.67,0.08,0.06,67.58,FLYING,X10-F,0:/Integrated Flight Computer/aircraft/x10_f_cfg.ks (inferred preloaded)
109.1,CRUISE,,148.08,80,-68.08,1498.86,-0.03,16.52,16.53,180.02,0.043,0.3128,0,-18.701,1,0.6,4.5,3.383,0.35,0.0168,0.4,0,30.924,0,-1.891,0,180,0,0,0,-0.01,0,0,7.37,90.23,0.7482,-0.0068,-0.6635,7,90.4,0,0,0,0,0,0,3,0,0,0,69,0,0,0,90.4,1,0,0,0,0,3,0,0,0,11.5,-7.947,0,0,0,0,0,0,VALID,0,0,0,0,0,1,0,0,0,0,0,0,0,0,0,0,0,0,0,0,162.55,1010.5,2,0,0.08,0.08,1569,15.63,0.08,0.06,67.92,FLYING,X10-F,0:/Integrated Flight Computer/aircraft/x10_f_cfg.ks (inferred preloaded)
109.38,CRUISE,,147.72,80,-67.72,1498.86,-0.06,16.54,16.56,180.02,0.043,0.3213,0,-18.108,1,0.6,4.5,3.383,0.35,0.0168,0.4,0,30.977,0,-2.252,0,180,0,0,0,-0.02,0,0,7.37,90.23,0.7482,-0.0068,-0.6635,7,90.4,0,0,0,0,0,0,3,0,0,0,69,0,0,0,90.4,1,0,0,0,0,3,0,0,0,11.5,-7.947,0,0,0,0,0,0,VALID,0,0,0,0,0,1,0,0,0,0,0,0,0,0,0,0,0,0,0,0,170.85,1008.98,2,0,0.08,0.08,1573,15.38,0.08,0.06,68.2,FLYING,X10-F,0:/Integrated Flight Computer/aircraft/x10_f_cfg.ks (inferred preloaded)
109.66,CRUISE,,147.39,80,-67.39,1498.86,-0.02,16.59,16.6,180.02,0.044,0.3305,0,-17.417,1,0.6,4.5,3.383,0.35,0.0168,0.4,0,31.026,0,-2.591,0,180,0,0,0,-0.01,0,0,7.37,90.23,0.7482,-0.0068,-0.6635,7,90.4,0,0,0,0,0,0,3,0,0,0,69,0,0,0,90.4,1,0,0,0,0,3,0,0,0,11.5,-7.947,0,0,0,0,0,0,VALID,0,0,0,0,0,1,0,0,0,0,0,0,0,0,0,0,0,0,0,0,179.04,1007.55,2,0,0.08,0.08,1577,15.38,0.08,0.06,68.48,FLYING,X10-F,0:/Integrated Flight Computer/aircraft/x10_f_cfg.ks (inferred preloaded)
109.94,CRUISE,,147.07,80,-67.07,1498.86,-0.03,16.62,16.63,180.02,0.043,0.3396,0,-16.635,1,0.6,4.5,3.383,0.35,0.0168,0.4,0,31.072,0,-2.91,0,180,0,0,0,-0.01,0,0,7.37,90.23,0.7482,-0.0068,-0.6635,7,90.4,0,0,0,0,0,0,3,0,0,0,69,0,0,0,90.4,1,0,0,0,0,3,0,0,0,11.5,-7.947,0,0,0,0,0,0,VALID,0,0,0,0,0,1,0,0,0,0,0,0,0,0,0,0,0,0,0,0,187.31,1006.22,2,0,0.08,0.08,1581,15.38,0.08,0.06,68.76,FLYING,X10-F,0:/Integrated Flight Computer/aircraft/x10_f_cfg.ks (inferred preloaded)
110.22,CRUISE,,146.77,80,-66.77,1498.87,-0.02,16.64,16.65,180.02,0.043,0.3478,0,-15.768,1,0.6,4.5,3.383,0.35,0.0168,0.4,0,31.115,0,-3.206,0,180,0,0,0,-0.01,0,0,7.37,90.23,0.7482,-0.0068,-0.6635,7,90.4,0,0,0,0,0,0,3,0,0,0,69,0,0,0,90.4,1,0,0,0,0,3,0,0,0,11.5,-7.947,0,0,0,0,0,0,VALID,0,0,0,0,0,1,0,0,0,0,0,0,0,0,0,0,0,0,0,0,195.6,1004.98,2,0,0.08,0.08,1585,15.38,0.08,0.06,69.04,FLYING,X10-F,0:/Integrated Flight Computer/aircraft/x10_f_cfg.ks (inferred preloaded)
110.5,CRUISE,,146.5,80,-66.5,1498.87,0.02,16.67,16.67,180.02,0.042,0.3545,0,-14.822,1,0.6,4.5,3.383,0.35,0.0168,0.4,0,31.155,0,-3.479,0,180,0,0,0,0,0,0,7.37,90.23,0.7482,-0.0068,-0.6635,7,90.4,0,0,0,0,0,0,3,0,0,0,69,0,0,0,90.4,1,0,0,0,0,3,0,0,0,11.5,-7.947,0,0,0,0,0,0,VALID,0,0,0,0,0,1,0,0,0,0,0,0,0,0,0,0,0,0,0,0,203.8,1003.83,2,0,0.08,0.08,1589,15.38,0.08,0.06,69.32,FLYING,X10-F,0:/Integrated Flight Computer/aircraft/x10_f_cfg.ks (inferred preloaded)
110.78,CRUISE,,146.25,80,-66.25,1498.87,0.01,16.67,16.67,180.02,0.044,0.3606,0,-13.803,1,0.6,4.5,3.383,0.35,0.0168,0.4,0,31.191,0,-3.73,0,180,0,0,0,0,0,0,7.37,90.23,0.7482,-0.0068,-0.6635,7,90.4,0,0,0,0,0,0,3,0,0,0,69,0,0,0,90.4,1,0,0,0,0,3,0,0,0,11.5,-7.947,0,0,0,0,0,0,VALID,0,0,0,0,0,1,0,0,0,0,0,0,0,0,0,0,0,0,0,0,212.01,1002.79,2,0,0.08,0.08,1593,15.38,0.08,0.06,69.6,FLYING,X10-F,0:/Integrated Flight Computer/aircraft/x10_f_cfg.ks (inferred preloaded)
111.06,CRUISE,,146.03,80,-66.03,1498.88,0.03,16.68,16.67,180.02,0.043,0.3662,0,-12.718,1,0.6,4.5,3.383,0.35,0.0168,0.4,0,31.224,0,-3.958,0,180,0,0,0,0.01,0,0,7.37,90.23,0.7482,-0.0068,-0.6635,7,90.4,0,0,0,0,0,0,3,0,0,0,69,0,0,0,90.4,1,0,0,0,0,3,0,0,0,11.5,-7.947,0,0,0,0,0,0,VALID,0,0,0,0,0,1,0,0,0,0,0,0,0,0,0,0,0,0,0,0,220,1001.84,2,0,0.08,0.08,1597,15.38,0.08,0.06,69.88,FLYING,X10-F,0:/Integrated Flight Computer/aircraft/x10_f_cfg.ks (inferred preloaded)
111.34,CRUISE,,145.82,80,-65.82,1498.89,0.05,16.69,16.68,180.02,0.043,0.3711,0,-11.573,1,0.6,4.5,3.383,0.35,0.0168,0.4,0,31.254,0,-4.163,0,180,0,0,0,0.02,0,0,7.37,90.23,0.7482,-0.0068,-0.6635,7,90.4,0,0,0,0,0,0,3,0,0,0,69,0,0,0,90.4,1,0,0,0,0,3,0,0,0,11.5,-7.947,0,0,0,0,0,0,VALID,0,0,0,0,0,1,0,0,0,0,0,0,0,0,0,0,0,0,0,0,227.93,1000.98,2,0,0.08,0.08,1601,15.38,0.08,0.06,70.16,FLYING,X10-F,0:/Integrated Flight Computer/aircraft/x10_f_cfg.ks (inferred preloaded)
111.62,CRUISE,,145.64,80,-65.64,1498.9,0,16.69,16.69,180.02,0.042,0.3759,0,-10.374,1,0.6,4.5,3.383,0.35,0.0168,0.4,0,31.28,0,-4.347,0,180,0,0,0,0,0,0,7.37,90.22,0.7482,-0.0068,-0.6635,7,90.4,0,0,0,0,0,0,3,0,0,0,69,0,0,0,90.4,1,0,0,0,0,3,0,0,0,11.5,-7.947,0,0,0,0,0,0,VALID,0,0,0,0,0,1,0,0,0,0,0,0,0,0,0,0,0,0,0,0,235.78,1000.22,2,0,0.08,0.08,1605,15.38,0.08,0.06,70.44,FLYING,X10-F,0:/Integrated Flight Computer/aircraft/x10_f_cfg.ks (inferred preloaded)
111.9,CRUISE,,145.48,80,-65.48,1498.9,0.03,16.66,16.65,180.02,0.044,0.3849,0,-9.128,1,0.6,4.5,3.383,0.35,0.0168,0.4,0,31.304,0,-4.512,0,180,0,0,0,0.01,0,0,7.37,90.22,0.7482,-0.0068,-0.6635,7,90.4,0,0,0,0,0,0,3,0,0,0,69,0,0,0,90.4,1,0,0,0,0,3,0,0,0,11.5,-7.947,0,0,0,0,0,0,VALID,0,0,0,0,0,1,0,0,0,0,0,0,0,0,0,0,0,0,0,0,243.31,999.54,2,0,0.08,0.08,1609,15.38,0.08,0.06,70.72,FLYING,X10-F,0:/Integrated Flight Computer/aircraft/x10_f_cfg.ks (inferred preloaded)
112.18,CRUISE,,145.34,80,-65.34,1498.91,0.04,16.67,16.65,180.02,0.044,0.3835,0,-7.841,1,0.6,4.5,3.383,0.35,0.0168,0.4,0,31.324,0,-4.646,0,180,0,0,0,0.02,0,0,7.37,90.22,0.7482,-0.0068,-0.6635,7,90.4,0,0,0,0,0,0,3,0,0,0,69,0,0,0,90.4,1,0,0,0,0,3,0,0,0,11.5,-7.947,0,0,0,0,0,0,VALID,0,0,0,0,0,1,0,0,0,0,0,0,0,0,0,0,0,0,0,0,250.74,998.98,2,0,0.08,0.08,1613,15.38,0.08,0.06,71,FLYING,X10-F,0:/Integrated Flight Computer/aircraft/x10_f_cfg.ks (inferred preloaded)
112.46,CRUISE,,145.23,80,-65.23,1498.92,0.05,16.66,16.65,180.02,0.044,0.3862,0,-6.518,1,0.6,4.5,3.383,0.35,0.0168,0.4,0,31.341,0,-4.763,0,180,0,0,0,0.02,0,0,7.37,90.22,0.7482,-0.0068,-0.6635,7,90.4,0,0,0,0,0,0,3,0,0,0,69,0,0,0,90.4,1,0,0,0,0,3,0,0,0,11.5,-7.947,0,0,0,0,0,0,VALID,0,0,0,0,0,1,0,0,0,0,0,0,0,0,0,0,0,0,0,0,257.91,998.5,2,0,0.08,0.08,1617,15.38,0.08,0.06,71.28,FLYING,X10-F,0:/Integrated Flight Computer/aircraft/x10_f_cfg.ks (inferred preloaded)
112.78,CRUISE,,145.12,80,-65.12,1498.93,0.08,16.66,16.63,180.02,0.043,0.3869,0,-4.973,1,0.6,4.5,3.383,0.35,0.0168,0.4,0,31.356,0,-4.869,0,180,0,0,0,0.03,0,0,7.37,90.22,0.7482,-0.0068,-0.6635,7,90.4,0,0,0,0,0,0,3,0,0,0,69,0,0,0,90.4,1,0,0,0,0,3,0,0,0,11.5,-7.947,0,0,0,0,0,0,VALID,0,0,0,0,0,1,0,0,0,0,0,0,0,0,0,0,0,0,0,0,265.75,998.07,2,0,0.06,0.06,1622,16.67,0.08,0.06,71.6,FLYING,X10-F,0:/Integrated Flight Computer/aircraft/x10_f_cfg.ks (inferred preloaded)
113.06,CRUISE,,145.05,80,-65.05,1498.93,-0.01,16.62,16.63,180.02,0.044,0.3928,0,-3.594,1,0.6,4.5,3.383,0.35,0.0168,0.4,0,31.367,0,-4.947,0,180,0,0,0,0,0,0,7.37,90.22,0.7482,-0.0068,-0.6635,7,90.4,0,0,0,0,0,0,3,0,0,0,69,0,0,0,90.4,1,0,0,0,0,3,0,0,0,11.5,-7.947,0,0,0,0,0,0,VALID,0,0,0,0,0,1,0,0,0,0,0,0,0,0,0,0,0,0,0,0,272.59,997.75,2,0,0.06,0.06,1626,15.38,0.08,0.06,71.88,FLYING,X10-F,0:/Integrated Flight Computer/aircraft/x10_f_cfg.ks (inferred preloaded)
113.34,CRUISE,,144.99,80,-64.99,1498.94,0.05,16.61,16.59,180.02,0.043,0.4061,0,-2.199,1,0.6,4.5,3.383,0.35,0.0168,0.4,0,31.376,0,-5.01,0,180,0,0,0,0.02,0,0,7.37,90.22,0.7482,-0.0068,-0.6635,7,90.4,0,0,0,0,0,0,3,0,0,0,69,0,0,0,90.4,1,0,0,0,0,3,0,0,0,11.5,-7.947,0,0,0,0,0,0,VALID,0,0,0,0,0,1,0,0,0,0,0,0,0,0,0,0,0,0,0,0,279.07,997.49,2,0,0.06,0.06,1630,15.38,0.08,0.06,72.16,FLYING,X10-F,0:/Integrated Flight Computer/aircraft/x10_f_cfg.ks (inferred preloaded)
113.62,CRUISE,,144.96,80,-64.96,1498.95,0.05,16.57,16.55,180.02,0.043,0.3986,0,-0.79,1,0.6,4.5,3.383,0.35,0.0168,0.4,0,31.381,0,-5.041,0,180,0,0,0,0.02,0,0,7.37,90.22,0.7482,-0.0068,-0.6635,7,90.4,0,0,0,0,0,0,3,0,0,0,69,0,0,0,90.4,1,0,0,0,0,3,0,0,0,11.5,-7.947,0,0,0,0,0,0,VALID,0,0,0,0,0,1,0,0,0,0,0,0,0,0,0,0,0,0,0,0,285.76,997.37,2,0,0.06,0.06,1634,15.38,0.08,0.06,72.44,FLYING,X10-F,0:/Integrated Flight Computer/aircraft/x10_f_cfg.ks (inferred preloaded)
113.9,CRUISE,,144.94,80,-64.94,1498.96,0.1,16.57,16.54,180.02,0.044,0.398,0,0.623,1,0.6,4.5,3.383,0.35,0.0168,0.4,0,31.383,0,-5.053,0,180,0,0,0,0.04,0,0,7.37,90.22,0.7482,-0.0068,-0.6635,7,90.4,0,0,0,0,0,0,3,0,0,0,69,0,0,0,90.4,1,0,0,0,0,3,0,0,0,11.5,-7.947,0,0,0,0,0,0,VALID,0,0,0,0,0,1,0,0,0,0,0,0,0,0,0,0,0,0,0,0,291.73,997.32,2,0,0.06,0.06,1638,15.38,0.08,0.06,72.72,FLYING,X10-F,0:/Integrated Flight Computer/aircraft/x10_f_cfg.ks (inferred preloaded)
114.18,CRUISE,,144.95,80,-64.95,1498.97,-0.02,16.55,16.56,180.02,0.043,0.3961,0,2.04,1,0.6,4.5,3.383,0.35,0.0168,0.4,0,31.383,0,-5.052,0,180,0,0,0,-0.01,0,0,7.37,90.22,0.7482,-0.0068,-0.6635,7,90.4,0,0,0,0,0,0,3,0,0,0,69,0,0,0,90.4,1,0,0,0,0,3,0,0,0,11.5,-7.947,0,0,0,0,0,0,VALID,0,0,0,0,0,1,0,0,0,0,0,0,0,0,0,0,0,0,0,0,297.75,997.34,2,0,0.06,0.06,1642,15.38,0.08,0.06,73,FLYING,X10-F,0:/Integrated Flight Computer/aircraft/x10_f_cfg.ks (inferred preloaded)
114.46,CRUISE,,144.95,80,-64.95,1498.98,0.11,16.52,16.48,180.02,0.042,0.42,0,3.453,1,0.6,4.5,3.383,0.35,0.0168,0.4,0,31.383,0,-5.052,0,180,0,0,0,0.05,0,0,7.37,90.22,0.7482,-0.0068,-0.6635,7,90.4,0,0,0,0,0,0,3,0,0,0,69,0,0,0,90.4,1,0,0,0,0,3,0,0,0,11.5,-7.947,0,0,0,0,0,0,VALID,0,0,0,0,0,1,0,0,0,0,0,0,0,0,0,0,0,0,0,0,303.12,997.33,2,0,0.06,0.06,1646,15.38,0.08,0.06,73.28,FLYING,X10-F,0:/Integrated Flight Computer/aircraft/x10_f_cfg.ks (inferred preloaded)
114.74,CRUISE,,144.99,80,-64.99,1498.98,0.08,16.46,16.44,180.02,0.042,0.4008,0,4.862,1,0.6,4.5,3.383,0.35,0.0168,0.4,0,31.377,0,-5.011,0,180,0,0,0,0.03,0,0,7.37,90.22,0.7482,-0.0068,-0.6635,7,90.4,0,0,0,0,0,0,3,0,0,0,69,0,0,0,90.4,1,0,0,0,0,3,0,0,0,11.5,-7.947,0,0,0,0,0,0,VALID,0,0,0,0,0,1,0,0,0,0,0,0,0,0,0,0,0,0,0,0,309.32,997.52,2,0,0.06,0.06,1650,15.38,0.08,0.06,73.56,FLYING,X10-F,0:/Integrated Flight Computer/aircraft/x10_f_cfg.ks (inferred preloaded)
115.02,CRUISE,,145.05,80,-65.05,1498.99,0.08,16.42,16.39,180.02,0.043,0.3945,0,6.255,1,0.6,4.5,3.383,0.35,0.0168,0.4,0,31.368,0,-4.952,0,180,0,0,0,0.03,0,0,7.37,90.22,0.7482,-0.0068,-0.6635,7,90.4,0,0,0,0,0,0,3,0,0,0,69,0,0,0,90.4,1,0,0,0,0,3,0,0,0,11.5,-7.947,0,0,0,0,0,0,VALID,0,0,0,0,0,1,0,0,0,0,0,0,0,0,0,0,0,0,0,0,314.26,997.77,2,0,0.06,0.06,1654,15.38,0.08,0.06,73.84,FLYING,X10-F,0:/Integrated Flight Computer/aircraft/x10_f_cfg.ks (inferred preloaded)
115.31,CRUISE,,145.13,80,-65.13,1498.99,0.11,16.35,16.31,180.02,0.043,0.3909,0,7.667,1,0.6,4.5,3.383,0.35,0.0168,0.4,0,31.357,0,-4.879,0,180,0,0,0,0.05,0,0,7.37,90.22,0.7482,-0.0068,-0.6635,7,90.4,0,0,0,0,0,0,3,0,0,0,69,0,0,0,90.4,1,0,0,0,0,3,0,0,0,11.5,-7.947,0,0,0,0,0,0,VALID,0,0,0,0,0,1,0,0,0,0,0,0,0,0,0,0,0,0,0,0,318.67,998.08,2,0,0.042,0.042,1660,22.42,0.061,0.04,74.13,FLYING,X10-F,0:/Integrated Flight Computer/aircraft/x10_f_cfg.ks (inferred preloaded)
115.6,CRUISE,,145.21,80,-65.21,1499.01,0,16.34,16.35,180.02,0.044,0.3888,0,9.035,1,0.6,4.5,3.383,0.35,0.0168,0.4,0,31.346,0,-4.797,0,180,0,0,0,-0.01,0,0,7.37,90.22,0.7482,-0.0068,-0.6635,7,90.4,0,0,0,0,0,0,3,0,0,0,69,0,0,0,90.4,1,0,0,0,0,3,0,0,0,11.5,-7.947,0,0,0,0,0,0,VALID,0,0,0,0,0,1,0,0,0,0,0,0,0,0,0,0,0,0,0,0,323.09,998.45,2,0,0.053,0.053,1665,19.4,0.078,0.042,74.42,FLYING,X10-F,0:/Integrated Flight Computer/aircraft/x10_f_cfg.ks (inferred preloaded)
115.91,CRUISE,,145.31,80,-65.31,1499.01,0.04,16.31,16.29,180.02,0.044,0.4038,0,10.515,1,0.6,4.5,3.383,0.35,0.0168,0.4,0,31.331,0,-4.699,0,180,0,0,0,0.02,0,0,7.37,90.22,0.7482,-0.0068,-0.6635,7,90.4,0,0,0,0,0,0,3,0,0,0,69,0,0,0,90.4,1,0,0,0,0,3,0,0,0,11.5,-7.947,0,0,0,0,0,0,VALID,0,0,0,0,0,1,0,0,0,0,0,0,0,0,0,0,0,0,0,0,327.26,998.85,2,0,0.061,0.061,1670,17.46,0.08,0.053,74.73,FLYING,X10-F,0:/Integrated Flight Computer/aircraft/x10_f_cfg.ks (inferred preloaded)
116.2,CRUISE,,145.42,80,-65.42,1499.02,0.05,16.27,16.25,180.02,0.043,0.3996,0,11.827,1,0.6,4.5,3.383,0.35,0.0168,0.4,0,31.316,0,-4.593,0,180,0,0,0,0.02,0,0,7.37,90.22,0.7482,-0.0068,-0.6635,7,90.4,0,0,0,0,0,0,3,0,0,0,69,0,0,0,90.4,1,0,0,0,0,3,0,0,0,11.5,-7.947,0,0,0,0,0,0,VALID,0,0,0,0,0,1,0,0,0,0,0,0,0,0,0,0,0,0,0,0,331.64,999.32,2,0,0.064,0.064,1674,15.86,0.094,0.061,75.02,FLYING,X10-F,0:/Integrated Flight Computer/aircraft/x10_f_cfg.ks (inferred preloaded)
116.53,CRUISE,,145.57,80,-65.57,1499.03,0.08,16.23,16.21,180.02,0.044,0.3901,0,13.314,1,0.6,4.5,3.383,0.35,0.0168,0.4,0,31.295,0,-4.448,0,180,0,0,0,0.02,0,0,7.37,90.21,0.7482,-0.0068,-0.6635,7,90.4,0,0,0,0,0,0,3,0,0,0,69,0,0,0,90.4,1,0,0,0,0,3,0,0,0,11.5,-7.947,0,0,0,0,0,0,VALID,0,0,0,0,0,1,0,0,0,0,0,0,0,0,0,0,0,0,0,0,336.05,999.94,2,0,0.067,0.067,1679,16.8,0.067,0.064,75.35,FLYING,X10-F,0:/Integrated Flight Computer/aircraft/x10_f_cfg.ks (inferred preloaded)
116.88,CRUISE,,145.74,80,-65.74,1499.03,0.09,16.16,16.13,180.02,0.043,0.386,0,14.816,1,0.6,4.5,3.383,0.35,0.0168,0.4,0,31.27,0,-4.277,0,180,0,0,0,0.04,0,0,7.37,90.21,0.7482,-0.0068,-0.6635,7,90.4,0,0,0,0,0,0,3,0,0,0,69,0,0,0,90.4,1,0,0,0,0,3,0,0,0,11.5,-7.947,0,0,0,0,0,0,VALID,0,0,0,0,0,1,0,0,0,0,0,0,0,0,0,0,0,0,0,0,339.9,1000.66,2,0,0.105,0.105,1683,12.82,0.105,0.067,75.7,FLYING,X10-F,0:/Integrated Flight Computer/aircraft/x10_f_cfg.ks (inferred preloaded)
117.23,CRUISE,,145.94,80,-65.94,1499.04,0.06,16.09,16.07,180.02,0.046,0.3782,0,16.271,1,0.6,4.5,3.383,0.35,0.0168,0.4,0,31.242,0,-4.085,0,180,0,0,0,0.03,0,0,7.37,90.21,0.7482,-0.0068,-0.6635,7,90.4,0,0,0,0,0,0,3,0,0,0,69,0,0,0,90.4,1,0,0,0,0,3,0,0,0,11.5,-7.947,0,0,0,0,0,0,VALID,0,0,0,0,0,1,0,0,0,0,0,0,0,0,0,0,0,0,0,0,343.21,1001.48,2,0,0.07,0.07,1687,12.7,0.105,0.07,76.05,FLYING,X10-F,0:/Integrated Flight Computer/aircraft/x10_f_cfg.ks (inferred preloaded)
117.54,CRUISE,,146.13,80,-66.13,1499.05,0.06,16.05,16.03,180.02,0.047,0.3709,0,17.518,1,0.6,4.5,3.383,0.35,0.0168,0.4,0,31.215,0,-3.894,0,180,0,0,0,0.02,0,0,7.37,90.21,0.7482,-0.0068,-0.6635,7,90.4,0,0,0,0,0,0,3,0,0,0,69,0,0,0,90.4,1,0,0,0,0,3,0,0,0,11.5,-7.947,0,0,0,0,0,0,VALID,0,0,0,0,0,1,0,0,0,0,0,0,0,0,0,0,0,0,0,0,345.54,1002.29,2,0,0.105,0.105,1690,10.71,0.105,0.07,76.36,FLYING,X10-F,0:/Integrated Flight Computer/aircraft/x10_f_cfg.ks (inferred preloaded)
117.86,CRUISE,,146.33,80,-66.33,1499.06,0.09,16.01,15.98,180.02,0.048,0.3631,0,18.702,1,0.6,4.5,3.383,0.35,0.0168,0.4,0,31.186,0,-3.693,0,180,0,0,0,0.03,0,0,7.37,90.21,0.7482,-0.0068,-0.6635,7,90.4,0,0,0,0,0,0,3,0,0,0,69,0,0,0,90.4,1,0,0,0,0,3,0,0,0,11.5,-7.947,0,0,0,0,0,0,VALID,0,0,0,0,0,1,0,0,0,0,0,0,0,0,0,0,0,0,0,0,347.34,1003.13,2,0,0.105,0.105,1693,10.71,0.105,0.105,76.68,FLYING,X10-F,0:/Integrated Flight Computer/aircraft/x10_f_cfg.ks (inferred preloaded)
118.21,CRUISE,,146.56,80,-66.56,1499.07,0.07,15.94,15.91,180.02,0.052,0.3558,0,19.945,1,0.6,4.5,3.383,0.35,0.0168,0.4,0,31.152,0,-3.465,0,180,0,0,0,0.03,0,0,7.37,90.21,0.7482,-0.0068,-0.6635,7,90.4,0,0,0,0,0,0,3,0,0,0,69,0,0,0,90.4,1,0,0,0,0,3,0,0,0,11.5,-7.947,0,0,0,0,0,0,VALID,0,0,0,0,0,1,0,0,0,0,0,0,0,0,0,0,0,0,0,0,348.68,1004.1,2,0,0.105,0.105,1697,12.7,0.105,0.07,77.03,FLYING,X10-F,0:/Integrated Flight Computer/aircraft/x10_f_cfg.ks (inferred preloaded)
118.56,CRUISE,,146.8,80,-66.8,1499.09,0.04,15.89,15.87,180.03,0.053,0.3289,0,20,1,0.6,4.5,3.383,0.35,0.0168,0.4,0,31.118,0,-3.225,0,180,0,0,0,0.02,0,0,7.37,90.21,0.7482,-0.0068,-0.6635,7,90.4,0,0,0,0,0,0,3,0,0,0,69,0,0,0,90.4,1,0,0,0,0,3,0,0,0,11.5,-7.947,0,0,0,0,0,0,VALID,0,0,0,0,0,1,0,0,0,0,0,0,0,0,0,0,0,0,0,0,348.94,1005.12,2,0,0.07,0.07,1701,12.7,0.105,0.07,77.38,FLYING,X10-F,0:/Integrated Flight Computer/aircraft/x10_f_cfg.ks (inferred preloaded)
118.91,CRUISE,,147.04,80,-67.04,1499.1,0.08,15.86,15.84,180.02,0.048,0.3061,0,20,1,0.6,4.5,3.383,0.35,0.0168,0.4,0,31.082,0,-2.981,0,180,0,0,0,0.02,0,0,7.37,90.21,0.7482,-0.0068,-0.6635,7,90.4,0,0,0,0,0,0,3,0,0,0,69,0,0,0,90.4,1,0,0,0,0,3,0,0,0,11.5,-7.947,0,0,0,0,0,0,VALID,0,0,0,0,0,1,0,0,0,0,0,0,0,0,0,0,0,0,0,0,346.4,1006.15,2,0,0.105,0.105,1705,12.7,0.105,0.07,77.73,FLYING,X10-F,0:/Integrated Flight Computer/aircraft/x10_f_cfg.ks (inferred preloaded)
119.22,CRUISE,,147.26,80,-67.26,1499.11,0.09,15.84,15.81,180.02,0.049,0.2901,0,20,1,0.6,4.5,3.383,0.35,0.0168,0.4,0,31.051,0,-2.765,0,180,0,0,0,0.03,0,0,7.37,90.21,0.7482,-0.0068,-0.6635,7,90.4,0,0,0,0,0,0,3,0,0,0,69,0,0,0,90.4,1,0,0,0,0,3,0,0,0,11.5,-7.947,0,0,0,0,0,0,VALID,0,0,0,0,0,1,0,0,0,0,0,0,0,0,0,0,0,0,0,0,342.33,1007.05,2,0,0.105,0.105,1708,10.71,0.105,0.105,78.04,FLYING,X10-F,0:/Integrated Flight Computer/aircraft/x10_f_cfg.ks (inferred preloaded)
119.57,CRUISE,,147.48,80,-67.48,1499.13,0.08,15.8,15.77,180.02,0.051,0.2841,0,20,1,0.6,4.5,3.383,0.35,0.0168,0.4,0,31.019,0,-2.542,0,180,0,0,0,0.03,0,0,7.37,90.21,0.7482,-0.0068,-0.6635,7,90.4,0,0,0,0,0,0,3,0,0,0,69,0,0,0,90.4,1,0,0,0,0,3,0,0,0,11.5,-7.947,0,0,0,0,0,0,VALID,0,0,0,0,0,1,0,0,0,0,0,0,0,0,0,0,0,0,0,0,336.61,1008,2,0,0.105,0.105,1712,12.7,0.105,0.07,78.39,FLYING,X10-F,0:/Integrated Flight Computer/aircraft/x10_f_cfg.ks (inferred preloaded)
119.92,CRUISE,,147.69,80,-67.69,1499.15,0.06,15.79,15.77,180.02,0.052,0.2829,0,20,1,0.6,4.5,3.383,0.35,0.0168,0.4,0,30.988,0,-2.333,0,180,0,0,0,0.02,0,0,7.37,90.21,0.7482,-0.0068,-0.6635,7,90.4,0,0,0,0,0,0,3,0,0,0,69,0,0,0,90.4,1,0,0,0,0,3,0,0,0,11.5,-7.947,0,0,0,0,0,0,VALID,0,0,0,0,0,1,0,0,0,0,0,0,0,0,0,0,0,0,0,0,330.93,1008.88,2,0,0.07,0.07,1716,12.7,0.105,0.07,78.74,FLYING,X10-F,0:/Integrated Flight Computer/aircraft/x10_f_cfg.ks (inferred preloaded)
120.24,CRUISE,,147.86,80,-67.86,1499.16,0.06,15.77,15.75,180.02,0.054,0.282,0,20,1,0.6,4.5,3.383,0.35,0.0168,0.4,0,30.963,0,-2.158,0,180,0,0,0,0.03,0,0,7.37,90.21,0.7482,-0.0068,-0.6635,7,90.4,0,0,0,0,0,0,3,0,0,0,69,0,0,0,90.4,1,0,0,0,0,3,0,0,0,11.5,-7.947,0,0,0,0,0,0,VALID,0,0,0,0,0,1,0,0,0,0,0,0,0,0,0,0,0,0,0,0,326.33,1009.61,2,0,0.105,0.105,1719,10.71,0.105,0.07,79.06,FLYING,X10-F,0:/Integrated Flight Computer/aircraft/x10_f_cfg.ks (inferred preloaded)
120.55,CRUISE,,148.02,80,-68.02,1499.18,0.06,15.76,15.74,180.02,0.055,0.2839,0,20,1,0.6,4.5,3.383,0.35,0.0168,0.4,0,30.94,0,-1.997,0,180,0,0,0,0.02,0,0,7.37,90.21,0.7482,-0.0068,-0.6635,7,90.4,0,0,0,0,0,0,3,0,0,0,69,0,0,0,90.4,1,0,0,0,0,3,0,0,0,11.5,-7.947,0,0,0,0,0,0,VALID,0,0,0,0,0,1,0,0,0,0,0,0,0,0,0,0,0,0,0,0,322.22,1010.29,2,0,0.105,0.105,1722,10.71,0.105,0.105,79.37,FLYING,X10-F,0:/Integrated Flight Computer/aircraft/x10_f_cfg.ks (inferred preloaded)
120.9,CRUISE,,148.18,80,-68.18,1499.2,0.06,15.74,15.72,180.02,0.053,0.2892,0,20,1,0.6,4.5,3.383,0.35,0.0168,0.4,0,30.916,0,-1.833,0,180,0,0,0,0.02,0,0,7.37,90.21,0.7482,-0.0068,-0.6635,7,90.4,0,0,0,0,0,0,3,0,0,0,69,0,0,0,90.4,1,0,0,0,0,3,0,0,0,11.5,-7.947,0,0,0,0,0,0,VALID,0,0,0,0,0,1,0,0,0,0,0,0,0,0,0,0,0,0,0,0,318.53,1010.98,2,0,0.105,0.105,1726,12.7,0.105,0.07,79.72,FLYING,X10-F,0:/Integrated Flight Computer/aircraft/x10_f_cfg.ks (inferred preloaded)
121.22,CRUISE,,148.32,80,-68.32,1499.21,0.06,15.73,15.71,180.02,0.054,0.2911,0,20,1,0.6,4.5,3.383,0.35,0.0168,0.4,0,30.896,0,-1.696,0,180,0,0,0,0.02,0,0,7.37,90.21,0.7482,-0.0068,-0.6635,7,90.4,0,0,0,0,0,0,3,0,0,0,69,0,0,0,90.4,1,0,0,0,0,3,0,0,0,11.5,-7.947,0,0,0,0,0,0,VALID,0,0,0,0,0,1,0,0,0,0,0,0,0,0,0,0,0,0,0,0,316.01,1011.56,2,0,0.105,0.105,1729,10.71,0.105,0.105,80.04,FLYING,X10-F,0:/Integrated Flight Computer/aircraft/x10_f_cfg.ks (inferred preloaded)
121.57,CRUISE,,148.46,80,-68.46,1499.23,0.06,15.71,15.69,180.02,0.055,0.2933,0,20,1,0.6,4.5,3.383,0.35,0.0168,0.4,0,30.875,0,-1.553,0,180,0,0,0,0.02,0,0,7.37,90.2,0.7482,-0.0068,-0.6635,7,90.4,0,0,0,0,0,0,3,0,0,0,69,0,0,0,90.4,1,0,0,0,0,3,0,0,0,11.5,-7.947,0,0,0,0,0,0,VALID,0,0,0,0,0,1,0,0,0,0,0,0,0,0,0,0,0,0,0,0,313.8,1012.17,2,0,0.105,0.105,1733,12.7,0.105,0.07,80.39,FLYING,X10-F,0:/Integrated Flight Computer/aircraft/x10_f_cfg.ks (inferred preloaded)
121.92,CRUISE,,148.6,80,-68.6,1499.24,0.06,15.69,15.67,180.02,0.054,0.2932,0,20,1,0.6,4.5,3.383,0.35,0.0168,0.4,0,30.855,0,-1.416,0,180,0,0,0,0.02,0,0,7.37,90.2,0.7482,-0.0068,-0.6635,7,90.4,0,0,0,0,0,0,3,0,0,0,69,0,0,0,90.4,1,0,0,0,0,3,0,0,0,11.5,-7.947,0,0,0,0,0,0,VALID,0,0,0,0,0,1,0,0,0,0,0,0,0,0,0,0,0,0,0,0,311.99,1012.75,2,0,0.07,0.07,1737,12.7,0.105,0.07,80.74,FLYING,X10-F,0:/Integrated Flight Computer/aircraft/x10_f_cfg.ks (inferred preloaded)
122.27,CRUISE,,148.73,80,-68.73,1499.26,0.06,15.67,15.65,180.02,0.054,0.2907,0,20,1,0.6,4.5,3.383,0.35,0.0168,0.4,0,30.836,0,-1.286,0,180,0,0,0,0.02,0,0,7.37,90.2,0.7482,-0.0068,-0.6635,7,90.4,0,0,0,0,0,0,3,0,0,0,69,0,0,0,90.4,1,0,0,0,0,3,0,0,0,11.5,-7.947,0,0,0,0,0,0,VALID,0,0,0,0,0,1,0,0,0,0,0,0,0,0,0,0,0,0,0,0,310.33,1013.31,2,0,0.105,0.105,1741,12.7,0.105,0.07,81.09,FLYING,X10-F,0:/Integrated Flight Computer/aircraft/x10_f_cfg.ks (inferred preloaded)
122.62,CRUISE,,148.85,80,-68.85,1499.27,0.06,15.65,15.64,180.02,0.056,0.2878,0,20,1,0.6,4.5,3.383,0.35,0.0168,0.4,0,30.818,0,-1.16,0,180,0,0,0,0.02,0,0,7.37,90.2,0.7482,-0.0068,-0.6635,7,90.4,0,0,0,0,0,0,3,0,0,0,69,0,0,0,90.4,1,0,0,0,0,3,0,0,0,11.5,-7.947,0,0,0,0,0,0,VALID,0,0,0,0,0,1,0,0,0,0,0,0,0,0,0,0,0,0,0,0,308.56,1013.84,2,0,0.07,0.07,1745,12.7,0.105,0.07,81.44,FLYING,X10-F,0:/Integrated Flight Computer/aircraft/x10_f_cfg.ks (inferred preloaded)
122.97,CRUISE,,148.97,80,-68.97,1499.28,0.05,15.64,15.62,180.02,0.057,0.2847,0,20,1,0.6,4.5,3.383,0.35,0.0168,0.4,0,30.801,0,-1.039,0,180,0,0,0,0.02,0,0,7.37,90.2,0.7482,-0.0068,-0.6635,7,90.4,0,0,0,0,0,0,3,0,0,0,69,0,0,0,90.4,1,0,0,0,0,3,0,0,0,11.5,-7.947,0,0,0,0,0,0,VALID,0,0,0,0,0,1,0,0,0,0,0,0,0,0,0,0,0,0,0,0,306.66,1014.36,2,0,0.105,0.105,1749,12.7,0.105,0.07,81.79,FLYING,X10-F,0:/Integrated Flight Computer/aircraft/x10_f_cfg.ks (inferred preloaded)
123.28,CRUISE,,149.08,80,-69.08,1499.3,0.05,15.62,15.61,180.02,0.057,0.2818,0,20,1,0.6,4.5,3.383,0.35,0.0168,0.4,0,30.786,0,-0.935,0,180,0,0,0,0.02,0,0,7.37,90.2,0.7482,-0.0068,-0.6635,7,90.4,0,0,0,0,0,0,3,0,0,0,69,0,0,0,90.4,1,0,0,0,0,3,0,0,0,11.5,-7.947,0,0,0,0,0,0,VALID,0,0,0,0,0,1,0,0,0,0,0,0,0,0,0,0,0,0,0,0,304.84,1014.8,2,0,0.105,0.105,1752,10.71,0.105,0.105,82.1,FLYING,X10-F,0:/Integrated Flight Computer/aircraft/x10_f_cfg.ks (inferred preloaded)
123.6,CRUISE,,149.17,80,-69.17,1499.31,0.05,15.61,15.6,180.02,0.06,0.2798,0,20,1,0.6,4.5,3.383,0.35,0.0168,0.4,0,30.771,0,-0.836,0,180,0,0,0,0.02,0,0,7.37,90.2,0.7482,-0.0068,-0.6635,7,90.4,0,0,0,0,0,0,3,0,0,0,69,0,0,0,90.4,1,0,0,0,0,3,0,0,0,11.5,-7.947,0,0,0,0,0,0,VALID,0,0,0,0,0,1,0,0,0,0,0,0,0,0,0,0,0,0,0,0,302.93,1015.22,2,0,0.105,0.105,1755,10.71,0.105,0.105,82.42,FLYING,X10-F,0:/Integrated Flight Computer/aircraft/x10_f_cfg.ks (inferred preloaded)
123.95,CRUISE,,149.28,80,-69.28,1499.32,0.05,15.6,15.58,180.03,0.061,0.2798,0,20,1,0.6,4.5,3.383,0.35,0.0168,0.4,0,30.756,0,-0.733,0,180,0,0,0,0.02,0,0,7.37,90.2,0.7482,-0.0068,-0.6635,7,90.4,0,0,0,0,0,0,3,0,0,0,69,0,0,0,90.4,1,0,0,0,0,3,0,0,0,11.5,-7.947,0,0,0,0,0,0,VALID,0,0,0,0,0,1,0,0,0,0,0,0,0,0,0,0,0,0,0,0,300.85,1015.66,2,0,0.07,0.07,1759,12.7,0.105,0.07,82.77,FLYING,X10-F,0:/Integrated Flight Computer/aircraft/x10_f_cfg.ks (inferred preloaded)
124.26,CRUISE,,149.36,80,-69.36,1499.34,0.05,15.59,15.58,180.03,0.061,0.2789,0,20,1,0.6,4.5,3.383,0.35,0.0168,0.4,0,30.744,0,-0.646,0,180,0,0,0,0.02,0,0,7.37,90.2,0.7482,-0.0068,-0.6635,7,90.4,0,0,0,0,0,0,3,0,0,0,69,0,0,0,90.4,1,0,0,0,0,3,0,0,0,11.5,-7.947,0,0,0,0,0,0,VALID,0,0,0,0,0,1,0,0,0,0,0,0,0,0,0,0,0,0,0,0,299.17,1016.03,2,0,0.105,0.105,1762,10.71,0.105,0.07,83.08,FLYING,X10-F,0:/Integrated Flight Computer/aircraft/x10_f_cfg.ks (inferred preloaded)
124.58,CRUISE,,149.45,80,-69.45,1499.35,0.05,15.58,15.57,180.03,0.062,0.2786,0,20,1,0.6,4.5,3.383,0.35,0.0168,0.4,0,30.732,0,-0.563,0,180,0,0,0,0.02,0,0,7.37,90.2,0.7482,-0.0068,-0.6635,7,90.4,0,0,0,0,0,0,3,0,0,0,69,0,0,0,90.4,1,0,0,0,0,3,0,0,0,11.5,-7.947,0,0,0,0,0,0,VALID,0,0,0,0,0,1,0,0,0,0,0,0,0,0,0,0,0,0,0,0,297.6,1016.38,2,0,0.105,0.105,1765,10.71,0.105,0.105,83.4,FLYING,X10-F,0:/Integrated Flight Computer/aircraft/x10_f_cfg.ks (inferred preloaded)
124.89,CRUISE,,149.52,80,-69.52,1499.36,0.04,15.57,15.56,180.03,0.061,0.2784,0,20,1,0.6,4.5,3.383,0.35,0.0168,0.4,0,30.72,0,-0.486,0,180,0,0,0,0.02,0,0,7.37,90.2,0.7482,-0.0068,-0.6635,7,90.4,0,0,0,0,0,0,3,0,0,0,69,0,0,0,90.4,1,0,0,0,0,3,0,0,0,11.5,-7.947,0,0,0,0,0,0,VALID,0,0,0,0,0,1,0,0,0,0,0,0,0,0,0,0,0,0,0,0,296.18,1016.72,2,0,0.105,0.105,1768,10.71,0.105,0.105,83.71,FLYING,X10-F,0:/Integrated Flight Computer/aircraft/x10_f_cfg.ks (inferred preloaded)
125.21,CRUISE,,149.6,80,-69.6,1499.37,0.04,15.56,15.55,180.03,0.064,0.2782,0,20,1,0.6,4.5,3.383,0.35,0.0168,0.4,0,30.71,0,-0.412,0,180,0,0,0,0.02,0,0,7.37,90.2,0.7482,-0.0068,-0.6635,7,90.4,0,0,0,0,0,0,3,0,0,0,69,0,0,0,90.4,1,0,0,0,0,3,0,0,0,11.5,-7.947,0,0,0,0,0,0,VALID,0,0,0,0,0,1,0,0,0,0,0,0,0,0,0,0,0,0,0,0,294.88,1017.03,2,0,0.105,0.105,1771,10.71,0.105,0.105,84.03,FLYING,X10-F,0:/Integrated Flight Computer/aircraft/x10_f_cfg.ks (inferred preloaded)
125.52,CRUISE,,149.67,80,-69.67,1499.38,0.04,15.56,15.54,180.02,0.058,0.2778,0,20,1,0.6,4.5,3.383,0.35,0.0168,0.4,0,30.7,0,-0.342,0,180,0,0,0,0.02,0,0,7.37,90.2,0.7482,-0.0068,-0.6635,7,90.4,0,0,0,0,0,0,3,0,0,0,69,0,0,0,90.4,1,0,0,0,0,3,0,0,0,11.5,-7.947,0,0,0,0,0,0,VALID,0,0,0,0,0,1,0,0,0,0,0,0,0,0,0,0,0,0,0,0,293.7,1017.33,2,0,0.105,0.105,1774,10.71,0.105,0.105,84.34,FLYING,X10-F,0:/Integrated Flight Computer/aircraft/x10_f_cfg.ks (inferred preloaded)
125.84,CRUISE,,149.73,80,-69.73,1499.39,0.04,15.55,15.53,180.02,0.056,0.2773,0,20,1,0.6,4.5,3.383,0.35,0.0168,0.4,0,30.69,0,-0.276,0,180,0,0,0,0.02,0,0,7.37,90.2,0.7482,-0.0068,-0.6635,7,90.4,0,0,0,0,0,0,3,0,0,0,69,0,0,0,90.4,1,0,0,0,0,3,0,0,0,11.5,-7.947,0,0,0,0,0,0,VALID,0,0,0,0,0,1,0,0,0,0,0,0,0,0,0,0,0,0,0,0,292.61,1017.61,2,0,0.105,0.105,1777,10.71,0.105,0.105,84.66,FLYING,X10-F,0:/Integrated Flight Computer/aircraft/x10_f_cfg.ks (inferred preloaded)
126.15,CRUISE,,149.79,80,-69.79,1499.4,0.04,15.54,15.52,180.02,0.056,0.2766,0,20,1,0.6,4.5,3.383,0.35,0.0168,0.4,0,30.681,0,-0.212,0,180,0,0,0,0.02,0,0,7.37,90.2,0.7482,-0.0068,-0.6635,7,90.4,0,0,0,0,0,0,3,0,0,0,69,0,0,0,90.4,1,0,0,0,0,3,0,0,0,11.5,-7.947,0,0,0,0,0,0,VALID,0,0,0,0,0,1,0,0,0,0,0,0,0,0,0,0,0,0,0,0,291.57,1017.89,2,0,0.105,0.105,1780,10.71,0.105,0.105,84.97,FLYING,X10-F,0:/Integrated Flight Computer/aircraft/x10_f_cfg.ks (inferred preloaded)
126.47,CRUISE,,149.85,80,-69.85,1499.41,0.04,15.53,15.52,180.02,0.056,0.2759,0,20,1,0.6,4.5,3.383,0.35,0.0168,0.4,0,30.672,0,-0.152,0,180,0,0,0,0.01,0,0,7.37,90.19,0.7482,-0.0068,-0.6635,7,90.4,0,0,0,0,0,0,3,0,0,0,69,0,0,0,90.4,1,0,0,0,0,3,0,0,0,11.5,-7.947,0,0,0,0,0,0,VALID,0,0,0,0,0,1,0,0,0,0,0,0,0,0,0,0,0,0,0,0,290.58,1018.15,2,0,0.105,0.105,1783,10.71,0.105,0.105,85.29,FLYING,X10-F,0:/Integrated Flight Computer/aircraft/x10_f_cfg.ks (inferred preloaded)
126.78,CRUISE,,149.91,80,-69.91,1499.42,0.04,15.52,15.51,180.02,0.057,0.2752,0,20,1,0.6,4.5,3.383,0.35,0.0168,0.4,0,30.664,0,-0.094,0,180,0,0,0,0.01,0,0,7.37,90.19,0.7482,-0.0068,-0.6635,7,90.4,0,0,0,0,0,0,3,0,0,0,69,0,0,0,90.4,1,0,0,0,0,3,0,0,0,11.5,-7.947,0,0,0,0,0,0,VALID,0,0,0,0,0,1,0,0,0,0,0,0,0,0,0,0,0,0,0,0,289.62,1018.39,2,0,0.105,0.105,1786,10.71,0.105,0.105,85.6,FLYING,X10-F,0:/Integrated Flight Computer/aircraft/x10_f_cfg.ks (inferred preloaded)
127.1,CRUISE,,149.97,80,-69.97,1499.43,0.04,15.52,15.5,180.02,0.058,0.2746,0,20,1,0.6,4.5,3.383,0.35,0.0168,0.4,0,30.656,0,-0.039,0,180,0,0,0,0.01,0,0,7.37,90.19,0.7482,-0.0068,-0.6635,7,90.4,0,0,0,0,0,0,3,0,0,0,69,0,0,0,90.4,1,0,0,0,0,3,0,0,0,11.5,-7.947,0,0,0,0,0,0,VALID,0,0,0,0,0,1,0,0,0,0,0,0,0,0,0,0,0,0,0,0,288.69,1018.63,2,0,0.105,0.105,1789,10.71,0.105,0.105,85.92,FLYING,X10-F,0:/Integrated Flight Computer/aircraft/x10_f_cfg.ks (inferred preloaded)
127.41,CRUISE,,150.02,80,-70.02,1499.44,0.04,15.51,15.5,180.02,0.058,0.2739,0,19.999,1,0.6,4.5,3.383,0.35,0.0168,0.4,0,30.648,0,0.013,0,180,0,0,0,0.01,0,0,7.37,90.19,0.7482,-0.0068,-0.6635,7,90.4,0,0,0,0,0,0,3,0,0,0,69,0,0,0,90.4,1,0,0,0,0,3,0,0,0,11.5,-7.947,0,0,0,0,0,0,VALID,0,0,0,0,0,1,0,0,0,0,0,0,0,0,0,0,0,0,0,0,287.79,1018.85,2,0,0.105,0.105,1792,10.71,0.105,0.105,86.23,FLYING,X10-F,0:/Integrated Flight Computer/aircraft/x10_f_cfg.ks (inferred preloaded)
127.73,CRUISE,,150.07,80,-70.07,1499.45,0.04,15.5,15.49,180.02,0.058,0.2731,0,19.984,1,0.6,4.5,3.383,0.35,0.0168,0.4,0,30.641,0,0.063,0,180,0,0,0,0.01,0,0,7.37,90.19,0.7482,-0.0068,-0.6635,7,90.4,0,0,0,0,0,0,3,0,0,0,69,0,0,0,90.4,1,0,0,0,0,3,0,0,0,11.5,-7.947,0,0,0,0,0,0,VALID,0,0,0,0,0,1,0,0,0,0,0,0,0,0,0,0,0,0,0,0,286.91,1019.07,2,0,0.105,0.105,1795,10.71,0.105,0.105,86.55,FLYING,X10-F,0:/Integrated Flight Computer/aircraft/x10_f_cfg.ks (inferred preloaded)
128.04,CRUISE,,150.11,80,-70.11,1499.46,0.03,15.5,15.49,180.02,0.057,0.2723,0,19.954,1,0.6,4.5,3.383,0.35,0.0168,0.4,0,30.634,0,0.11,0,180,0,0,0,0.01,0,0,7.37,90.19,0.7482,-0.0068,-0.6635,7,90.4,0,0,0,0,0,0,3,0,0,0,69,0,0,0,90.4,1,0,0,0,0,3,0,0,0,11.5,-7.947,0,0,0,0,0,0,VALID,0,0,0,0,0,1,0,0,0,0,0,0,0,0,0,0,0,0,0,0,286.04,1019.27,2,0,0.105,0.105,1798,10.71,0.105,0.105,86.86,FLYING,X10-F,0:/Integrated Flight Computer/aircraft/x10_f_cfg.ks (inferred preloaded)
128.36,CRUISE,,150.16,80,-70.16,1499.47,0.03,15.49,15.48,180.02,0.058,0.271,0,19.91,1,0.6,4.5,3.383,0.35,0.0168,0.4,0,30.628,0,0.155,0,180,0,0,0,0.01,0,0,7.37,90.19,0.7482,-0.0068,-0.6635,7,90.4,0,0,0,0,0,0,3,0,0,0,69,0,0,0,90.4,1,0,0,0,0,3,0,0,0,11.5,-7.947,0,0,0,0,0,0,VALID,0,0,0,0,0,1,0,0,0,0,0,0,0,0,0,0,0,0,0,0,285.17,1019.47,2,0,0.105,0.105,1801,10.71,0.105,0.105,87.18,FLYING,X10-F,0:/Integrated Flight Computer/aircraft/x10_f_cfg.ks (inferred preloaded)
128.67,CRUISE,,150.2,80,-70.2,1499.48,0.03,15.49,15.48,180.02,0.056,0.27,0,19.853,1,0.6,4.5,3.383,0.35,0.0168,0.4,0,30.621,0,0.197,0,180,0,0,0,0.01,0,0,7.37,90.19,0.7482,-0.0068,-0.6635,7,90.4,0,0,0,0,0,0,3,0,0,0,69,0,0,0,90.4,1,0,0,0,0,3,0,0,0,11.5,-7.947,0,0,0,0,0,0,VALID,0,0,0,0,0,1,0,0,0,0,0,0,0,0,0,0,0,0,0,0,284.26,1019.65,2,0,0.105,0.105,1804,10.71,0.105,0.105,87.49,FLYING,X10-F,0:/Integrated Flight Computer/aircraft/x10_f_cfg.ks (inferred preloaded)
128.99,CRUISE,,150.24,80,-70.24,1499.48,0.03,15.48,15.47,180.02,0.058,0.2688,0,19.782,1,0.6,4.5,3.383,0.35,0.0168,0.4,0,30.616,0,0.237,0,180,0,0,0,0.01,0,0,7.37,90.19,0.7482,-0.0068,-0.6635,7,90.4,0,0,0,0,0,0,3,0,0,0,69,0,0,0,90.4,1,0,0,0,0,3,0,0,0,11.5,-7.947,0,0,0,0,0,0,VALID,0,0,0,0,0,1,0,0,0,0,0,0,0,0,0,0,0,0,0,0,283.34,1019.82,2,0,0.105,0.105,1807,10.71,0.105,0.105,87.81,FLYING,X10-F,0:/Integrated Flight Computer/aircraft/x10_f_cfg.ks (inferred preloaded)
129.3,CRUISE,,150.28,80,-70.28,1499.49,0.03,15.48,15.47,180.02,0.059,0.2678,0,19.7,1,0.6,4.5,3.383,0.35,0.0168,0.4,0,30.61,0,0.274,0,180,0,0,0,0.01,0,0,7.37,90.19,0.7482,-0.0068,-0.6635,7,90.4,0,0,0,0,0,0,3,0,0,0,69,0,0,0,90.4,1,0,0,0,0,3,0,0,0,11.5,-7.947,0,0,0,0,0,0,VALID,0,0,0,0,0,1,0,0,0,0,0,0,0,0,0,0,0,0,0,0,282.39,1019.98,2,0,0.105,0.105,1810,10.71,0.105,0.105,88.12,FLYING,X10-F,0:/Integrated Flight Computer/aircraft/x10_f_cfg.ks (inferred preloaded)
129.62,CRUISE,,150.31,80,-70.31,1499.5,0.03,15.48,15.47,180.02,0.058,0.267,0,19.606,1,0.6,4.5,3.383,0.35,0.0168,0.4,0,30.605,0,0.308,0,180,0,0,0,0.01,0,0,7.37,90.19,0.7482,-0.0068,-0.6635,7,90.4,0,0,0,0,0,0,3,0,0,0,69,0,0,0,90.4,1,0,0,0,0,3,0,0,0,11.5,-7.947,0,0,0,0,0,0,VALID,0,0,0,0,0,1,0,0,0,0,0,0,0,0,0,0,0,0,0,0,281.44,1020.12,2,0,0.105,0.105,1813,10.71,0.105,0.105,88.44,FLYING,X10-F,0:/Integrated Flight Computer/aircraft/x10_f_cfg.ks (inferred preloaded)
129.93,CRUISE,,150.34,80,-70.34,1499.51,0.03,15.48,15.47,180.02,0.058,0.2661,0,19.503,1,0.6,4.5,3.383,0.35,0.0168,0.4,0,30.601,0,0.339,0,180,0,0,0,0.01,0,0,7.37,90.19,0.7482,-0.0068,-0.6635,7,90.4,0,0,0,0,0,0,3,0,0,0,69,0,0,0,90.4,1,0,0,0,0,3,0,0,0,11.5,-7.947,0,0,0,0,0,0,VALID,0,0,0,0,0,1,0,0,0,0,0,0,0,0,0,0,0,0,0,0,280.5,1020.26,2,0,0.105,0.105,1816,10.71,0.105,0.105,88.75,FLYING,X10-F,0:/Integrated Flight Computer/aircraft/x10_f_cfg.ks (inferred preloaded)
130.25,CRUISE,,150.37,80,-70.37,1499.52,0.03,15.47,15.46,180.02,0.06,0.2653,0,19.39,1,0.6,4.5,3.383,0.35,0.0168,0.4,0,30.597,0,0.367,0,180,0,0,0,0.01,0,0,7.37,90.19,0.7482,-0.0068,-0.6635,7,90.4,0,0,0,0,0,0,3,0,0,0,69,0,0,0,90.4,1,0,0,0,0,3,0,0,0,11.5,-7.947,0,0,0,0,0,0,VALID,0,0,0,0,0,1,0,0,0,0,0,0,0,0,0,0,0,0,0,0,279.56,1020.38,2,0,0.105,0.105,1819,10.71,0.105,0.105,89.07,FLYING,X10-F,0:/Integrated Flight Computer/aircraft/x10_f_cfg.ks (inferred preloaded)
130.56,CRUISE,,150.4,80,-70.4,1499.52,0.03,15.47,15.46,180.02,0.059,0.2647,0,19.269,1,0.6,4.5,3.383,0.35,0.0168,0.4,0,30.593,0,0.393,0,180,0,0,0,0.01,0,0,7.37,90.19,0.7482,-0.0068,-0.6635,7,90.4,0,0,0,0,0,0,3,0,0,0,69,0,0,0,90.4,1,0,0,0,0,3,0,0,0,11.5,-7.947,0,0,0,0,0,0,VALID,0,0,0,0,0,1,0,0,0,0,0,0,0,0,0,0,0,0,0,0,278.65,1020.49,2,0,0.105,0.105,1822,10.71,0.105,0.105,89.38,FLYING,X10-F,0:/Integrated Flight Computer/aircraft/x10_f_cfg.ks (inferred preloaded)
130.88,CRUISE,,150.42,80,-70.42,1499.53,0.02,15.47,15.46,180.02,0.059,0.2641,0,19.14,1,0.6,4.5,3.383,0.35,0.0168,0.4,0,30.59,0,0.416,0,180,0,0,0,0.01,0,0,7.37,90.19,0.7482,-0.0068,-0.6635,7,90.4,0,0,0,0,0,0,3,0,0,0,69,0,0,0,90.4,1,0,0,0,0,3,0,0,0,11.5,-7.947,0,0,0,0,0,0,VALID,0,0,0,0,0,1,0,0,0,0,0,0,0,0,0,0,0,0,0,0,277.77,1020.59,2,0,0.105,0.105,1825,10.71,0.105,0.105,89.7,FLYING,X10-F,0:/Integrated Flight Computer/aircraft/x10_f_cfg.ks (inferred preloaded)
131.19,CRUISE,,150.44,80,-70.44,1499.54,0.02,15.47,15.46,180.02,0.058,0.2636,0,19.005,1,0.6,4.5,3.383,0.35,0.0168,0.4,0,30.587,0,0.435,0,180,0,0,0,0.01,0,0,7.37,90.19,0.7482,-0.0068,-0.6635,7,90.4,0,0,0,0,0,0,3,0,0,0,69,0,0,0,90.4,1,0,0,0,0,3,0,0,0,11.5,-7.947,0,0,0,0,0,0,VALID,0,0,0,0,0,1,0,0,0,0,0,0,0,0,0,0,0,0,0,0,276.91,1020.68,2,0,0.105,0.105,1828,10.71,0.105,0.105,90.01,FLYING,X10-F,0:/Integrated Flight Computer/aircraft/x10_f_cfg.ks (inferred preloaded)
131.51,CRUISE,,150.45,80,-70.45,1499.55,0.01,15.48,15.47,180.02,0.109,0.084,0,10.406,1,0.6,1.362,0.75,0.35,0.0168,0.4,0,30.585,0,-49.549,0,270.06,0,0,0,0.01,0,0,7.37,90.18,0.7482,-0.0068,-0.6635,7,90.4,0,0,0,0,0,0,3,0,0,0,69,0,0,0,90.4,1,0,0,0,0,3,0,0,0,11.5,-7.947,0,0,0,0,0,0,VALID,0,0,0,0,0,1,0,0,0,0,0,0,0,0,0,0,0,0,0,0,261.07,1020.74,2,0,0.105,0.105,1831,9.52,0.105,0.105,0.25,FLYING,X10-F,0:/Integrated Flight Computer/aircraft/x10_f_cfg.ks (inferred preloaded)
131.82,CRUISE,,150.4,80,-70.4,1499.59,0.1,15.58,15.55,180.2,2.206,0.21,0,15.453,1,0.6,3.022,0.75,0.35,0.0168,0.4,0,30.59,0,-49.584,0,270.15,0,0,0,0.03,0,0,7.37,90.18,0.7482,-0.0068,-0.6635,7,90.4,0,0,0,0,0,0,3,0,0,0,69,0,0,0,90.4,1,0,0,0,0,3,0,0,0,11.5,-7.947,0,0,0,0,0,0,VALID,0,0,0,0,0,1,0,0,0,0,0,0,0,0,0,0,0,0,0,0,245.75,1020.54,2,0,0.105,0.105,1834,9.52,0.105,0.105,0.56,FLYING,X10-F,0:/Integrated Flight Computer/aircraft/x10_f_cfg.ks (inferred preloaded)
132.14,CRUISE,,150.26,80,-70.26,1499.64,0.09,15.63,15.57,180.84,7.883,0.336,0,15.222,1,0.6,4.314,0.75,0.35,0.0168,0.4,0,30.61,0,-49.725,0,270.24,0,0,0,0.03,0,0,7.37,90.18,0.7482,-0.0068,-0.6635,7,90.4,0,0,0,0,0,0,3,0,0,0,69,0,0,0,90.4,1,0,0,0,0,3,0,0,0,11.5,-7.947,0,0,0,0,0,0,VALID,0,0,0,0,0,1,0,0,0,0,0,0,0,0,0,0,0,0,0,0,244.65,1019.92,2,0,0.105,0.105,1837,9.52,0.105,0.105,0.88,FLYING,X10-F,0:/Integrated Flight Computer/aircraft/x10_f_cfg.ks (inferred preloaded)
132.45,CRUISE,,150.12,80,-70.12,1499.78,0.06,16.04,15.96,182.01,14.895,0.462,0,14.995,1,0.6,4.5,0.75,0.35,0.0168,0.4,0,30.631,0,-49.867,0,270.33,0,0,0,0.02,0,0,7.37,90.18,0.7482,-0.0068,-0.6635,7,90.4,0,0,0,0,0,0,3,0,0,0,69,0,0,0,90.4,1,0,0,0,0,3,0,0,0,11.5,-7.947,0,0,0,0,0,0,VALID,0,0,0,0,0,1,0,0,0,0,0,0,0,0,0,0,0,0,0,0,252.31,1019.33,2,0,0.105,0.105,1840,9.52,0.105,0.105,1.19,FLYING,X10-F,0:/Integrated Flight Computer/aircraft/x10_f_cfg.ks (inferred preloaded)
132.77,CRUISE,,149.98,80,-69.98,1499.89,0.2,16.3,16.34,183.54,19.685,0.588,0,14.771,1,0.6,4.5,0.75,0.35,0.0168,0.4,0,30.651,0,-50.006,0,270.42,0,0,0,0.07,0,0,7.37,90.18,0.7482,-0.0068,-0.6635,7,90.4,0,0,0,0,0,0,3,0,0,0,69,0,0,0,90.4,1,0,0,0,0,3,0,0,0,11.5,-7.947,0,0,0,0,0,0,VALID,0,0,0,0,0,1,0,0,0,0,0,0,0,0,0,0,0,0,0,0,267.34,1018.73,2,0,0.105,0.105,1843,9.52,0.105,0.105,1.51,FLYING,X10-F,0:/Integrated Flight Computer/aircraft/x10_f_cfg.ks (inferred preloaded)
133.08,CRUISE,,149.84,80,-69.84,1499.93,0.25,16.19,16.5,185.05,22.413,0.714,0,14.551,1,0.6,4.5,0.75,0.35,0.0168,0.4,0,30.671,0,-50.146,0,270.51,0,0,0,0.1,0,0,7.37,90.18,0.7482,-0.0068,-0.6635,7,90.4,0,0,0,0,0,0,3,0,0,0,69,0,0,0,90.4,1,0,0,0,0,3,0,0,0,11.5,-7.947,0,0,0,0,0,0,VALID,0,0,0,0,0,1,0,0,0,0,0,0,0,0,0,0,0,0,0,0,289.28,1018.14,2,0,0.105,0.105,1846,9.52,0.105,0.105,1.82,FLYING,X10-F,0:/Integrated Flight Computer/aircraft/x10_f_cfg.ks (inferred preloaded)
133.4,CRUISE,,149.77,80,-69.77,1499.96,0.31,16.09,16.76,186.48,23.26,0.84,0,14.333,1,0.6,4.5,0.75,0.35,0.0168,0.4,0,30.683,0,-50.225,0,270.6,0,0,0,0.1,0,0,7.37,90.18,0.7482,-0.0068,-0.6635,7,90.4,0,0,0,0,0,0,3,0,0,0,69,0,0,0,90.4,1,0,0,0,0,3,0,0,0,11.5,-7.947,0,0,0,0,0,0,VALID,0,0,0,0,0,1,0,0,0,0,0,0,0,0,0,0,0,0,0,0,317.78,1017.83,2,0,0.105,0.105,1849,9.52,0.105,0.105,2.14,FLYING,X10-F,0:/Integrated Flight Computer/aircraft/x10_f_cfg.ks (inferred preloaded)
133.71,CRUISE,,149.7,80,-69.7,1499.87,0.44,15.37,16.23,187.41,23.169,0.966,0,14.119,1,0.6,4.5,0.75,0.35,0.0168,0.4,0,30.693,0,-50.295,0,270.69,0,0,0,0.17,0,0,7.37,90.18,0.7482,-0.0068,-0.6635,7,90.4,0,0,0,0,0,0,3,0,0,0,69,0,0,0,90.4,1,0,0,0,0,3,0,0,0,11.5,-7.947,0,0,0,0,0,0,VALID,0,0,0,0,0,1,0,0,0,0,0,0,0,0,0,0,0,0,0,0,352.37,1017.52,2,0,0.105,0.105,1852,9.52,0.105,0.105,2.45,FLYING,X10-F,0:/Integrated Flight Computer/aircraft/x10_f_cfg.ks (inferred preloaded)
134.03,CRUISE,,149.81,80,-69.81,1499.74,0.18,14.49,15.57,188.04,22.509,1,0,13.909,1,0.6,4.5,0.75,0.35,0.0168,0.4,0,30.681,0,-50.215,0,270.78,0,0,0,0.09,0,0,7.37,90.18,0.7482,-0.0068,-0.6635,7,90.4,0,0,0,0,0,0,3,0,0,0,69,0,0,0,90.4,1,0,0,0,0,3,0,0,0,11.5,-7.947,0,0,0,0,0,0,VALID,0,0,0,0,0,1,0,0,0,0,0,0,0,0,0,0,0,0,0,0,392.04,1017.97,2,0,0.105,0.105,1855,9.52,0.105,0.105,2.77,FLYING,X10-F,0:/Integrated Flight Computer/aircraft/x10_f_cfg.ks (inferred preloaded)
134.34,CRUISE,,150.14,80,-70.14,1499.74,-0.25,14.45,15.73,188.59,22.513,1,0,13.701,1,0.6,4.5,0.75,0.35,0.0168,0.4,0,30.636,0,-49.903,0,270.87,0,0,0,-0.08,0,0,7.37,90.18,0.7482,-0.0068,-0.6635,7,90.4,0,0,0,0,0,0,3,0,0,0,69,0,0,0,90.4,1,0,0,0,0,3,0,0,0,11.5,-7.947,0,0,0,0,0,0,VALID,0,0,0,0,0,1,0,0,0,0,0,0,0,0,0,0,0,0,0,0,430.95,1019.4,2,0,0.105,0.105,1858,9.52,0.105,0.105,3.08,FLYING,X10-F,0:/Integrated Flight Computer/aircraft/x10_f_cfg.ks (inferred preloaded)
134.66,CRUISE,,150.58,80,-70.58,1499.79,-0.09,14.87,16.21,189.36,23.252,1,0,13.497,1,0.6,4.5,0.75,0.35,0.0168,0.4,0,30.573,0,-49.472,0,270.97,0,0,0,-0.04,0,0,7.37,90.18,0.7482,-0.0068,-0.6635,7,90.4,0,0,0,0,0,0,3,0,0,0,69,0,0,0,90.4,1,0,0,0,0,3,0,0,0,11.5,-7.947,0,0,0,0,0,0,VALID,0,0,0,0,0,1,0,0,0,0,0,0,0,0,0,0,0,0,0,0,467.84,1021.28,2,0,0.105,0.105,1861,9.52,0.105,0.105,3.4,FLYING,X10-F,0:/Integrated Flight Computer/aircraft/x10_f_cfg.ks (inferred preloaded)
134.97,CRUISE,,151.04,80,-71.04,1499.76,0.07,14.76,16.13,190.01,24.124,1,0,13.295,1,0.6,4.5,0.75,0.35,0.0168,0.4,0,30.508,0,-49.021,0,271.06,0,0,0,0.02,0,0,7.37,90.18,0.7482,-0.0068,-0.6635,7,90.4,0,0,0,0,0,0,3,0,0,0,69,0,0,0,90.4,1,0,0,0,0,3,0,0,0,11.5,-7.947,0,0,0,0,0,0,VALID,0,0,0,0,0,1,0,0,0,0,0,0,0,0,0,0,0,0,0,0,502.69,1023.25,2,0,0.105,0.105,1864,9.52,0.105,0.105,3.71,FLYING,X10-F,0:/Integrated Flight Computer/aircraft/x10_f_cfg.ks (inferred preloaded)
135.29,CRUISE,,151.63,80,-71.63,1499.71,0.09,14.51,15.94,190.61,24.891,1,0,13.097,1,0.6,4.5,0.75,0.35,0.0168,0.4,0,30.425,0,-48.446,0,271.15,0,0,0,0.04,0,0,7.37,90.18,0.7482,-0.0068,-0.6635,7,90.4,0,0,0,0,0,0,3,0,0,0,69,0,0,0,90.4,1,0,0,0,0,3,0,0,0,11.5,-7.947,0,0,0,0,0,0,VALID,0,0,0,0,0,1,0,0,0,0,0,0,0,0,0,0,0,0,0,0,535.86,1025.8,2,0,0.105,0.105,1867,9.52,0.105,0.105,4.03,FLYING,X10-F,0:/Integrated Flight Computer/aircraft/x10_f_cfg.ks (inferred preloaded)
135.6,CRUISE,,152.35,80,-72.35,1499.71,0.14,14.36,15.87,191.28,25.813,1,0,12.901,1,0.6,4.5,0.75,0.35,0.0168,0.4,0,30.322,0,-47.737,0,271.24,0,0,0,0.05,0,0,7.37,90.18,0.7482,-0.0068,-0.6635,7,90.4,0,0,0,0,0,0,3,0,0,0,69,0,0,0,90.4,1,0,0,0,0,3,0,0,0,11.5,-7.947,0,0,0,0,0,0,VALID,0,0,0,0,0,1,0,0,0,0,0,0,0,0,0,0,0,0,0,0,567.55,1028.91,2,0,0.105,0.105,1870,9.52,0.105,0.105,4.34,FLYING,X10-F,0:/Integrated Flight Computer/aircraft/x10_f_cfg.ks (inferred preloaded)
135.92,CRUISE,,153.16,80,-73.16,1499.71,0.22,14.17,15.78,192,26.978,1,0,12.709,1,0.6,4.5,0.75,0.35,0.0168,0.4,0,30.206,0,-46.939,0,271.33,0,0,0,0.08,0,0,7.37,90.18,0.7482,-0.0068,-0.6635,7,90.4,0,0,0,0,0,0,3,0,0,0,69,0,0,0,90.4,1,0,0,0,0,3,0,0,0,11.5,-7.947,0,0,0,0,0,0,VALID,0,0,0,0,0,1,0,0,0,0,0,0,0,0,0,0,0,0,0,0,597.79,1032.42,2,0,0.105,0.105,1873,9.52,0.105,0.105,4.66,FLYING,X10-F,0:/Integrated Flight Computer/aircraft/x10_f_cfg.ks (inferred preloaded)
136.23,CRUISE,,154.06,80,-74.06,1499.73,0.29,13.94,15.65,192.77,28.213,1,0,20,1,0.6,4.5,0.75,0.35,0.0168,0.4,0,30.077,0,-46.049,0,271.42,0,0,0,0.11,0,0,7.37,90.17,0.7482,-0.0068,-0.6635,7,90.4,0,0,0,0,0,0,3,0,0,0,69,0,0,0,90.4,1,0,0,0,0,3,0,0,0,11.5,-7.947,0,0,0,0,0,0,VALID,0,0,0,0,0,1,0,0,0,0,0,0,0,0,0,0,0,0,0,0,626.74,1036.33,2,0,0.105,0.105,1876,9.52,0.105,0.105,4.97,FLYING,X10-F,0:/Integrated Flight Computer/aircraft/x10_f_cfg.ks (inferred preloaded)
136.55,CRUISE,,155.05,80,-75.05,1499.76,0.35,13.69,15.53,193.56,29.41,0.9258,0,20,1,0.6,4.5,0.75,0.35,0.0168,0.4,0,29.935,0,-45.068,0,271.52,0,0,0,0.13,0,0,7.37,90.17,0.7482,-0.0068,-0.6635,7,90.4,0,0,0,0,0,0,3,0,0,0,69,0,0,0,90.4,1,0,0,0,0,3,0,0,0,11.5,-7.947,0,0,0,0,0,0,VALID,0,0,0,0,0,1,0,0,0,0,0,0,0,0,0,0,0,0,0,0,653.84,1040.67,2,0,0.105,0.105,1879,9.52,0.105,0.105,5.29,FLYING,X10-F,0:/Integrated Flight Computer/aircraft/x10_f_cfg.ks (inferred preloaded)
136.86,CRUISE,,156.12,80,-76.12,1499.81,0.4,13.43,15.4,194.36,30.545,0.8253,0,20,1,0.6,4.5,0.75,0.35,0.0168,0.4,0,29.78,0,-44,0,271.61,0,0,0,0.14,0,0,7.37,90.17,0.7482,-0.0068,-0.6635,7,90.4,0,0,0,0,0,0,3,0,0,0,69,0,0,0,90.4,1,0,0,0,0,3,0,0,0,11.5,-7.947,0,0,0,0,0,0,VALID,0,0,0,0,0,1,0,0,0,0,0,0,0,0,0,0,0,0,0,0,674.33,1045.39,2,0,0.105,0.105,1882,9.52,0.105,0.105,5.6,FLYING,X10-F,0:/Integrated Flight Computer/aircraft/x10_f_cfg.ks (inferred preloaded)
137.18,CRUISE,,157.27,80,-77.27,1499.87,0.43,13.19,15.28,195.15,31.594,0.7369,0,20,1,0.6,4.5,0.75,0.35,0.0168,0.4,0,29.615,0,-42.862,0,271.71,0,0,0,0.15,0,0,7.37,90.17,0.7482,-0.0068,-0.6635,7,90.4,0,0,0,0,0,0,3,0,0,0,69,0,0,0,90.4,1,0,0,0,0,3,0,0,0,11.5,-7.947,0,0,0,0,0,0,VALID,0,0,0,0,0,1,0,0,0,0,0,0,0,0,0,0,0,0,0,0,687.8,1050.44,2,0,0.105,0.105,1885,9.52,0.105,0.105,5.92,FLYING,X10-F,0:/Integrated Flight Computer/aircraft/x10_f_cfg.ks (inferred preloaded)
137.49,CRUISE,,158.46,80,-78.46,1499.94,0.44,12.96,15.18,195.95,32.532,0.666,0,20,1,0.6,4.5,0.75,0.35,0.0168,0.4,0,29.443,0,-41.677,0,271.8,0,0,0,0.16,0,0,7.37,90.17,0.7482,-0.0068,-0.6635,7,90.4,0,0,0,0,0,0,3,0,0,0,69,0,0,0,90.4,1,0,0,0,0,3,0,0,0,11.5,-7.947,0,0,0,0,0,0,VALID,0,0,0,0,0,1,0,0,0,0,0,0,0,0,0,0,0,0,0,0,695.43,1055.71,2,0,0.105,0.105,1888,9.52,0.105,0.105,6.23,FLYING,X10-F,0:/Integrated Flight Computer/aircraft/x10_f_cfg.ks (inferred preloaded)
137.81,CRUISE,,159.67,80,-79.67,1500.03,0.41,12.76,15.1,196.75,33.396,0.6151,0,20,1,0.6,4.5,0.75,0.35,0.0168,0.4,0,29.267,0,-40.463,0,271.9,0,0,0,0.16,0,0,7.36,90.17,0.7482,-0.0068,-0.6635,7,90.4,0,0,0,0,0,0,3,0,0,0,69,0,0,0,90.4,1,0,0,0,0,3,0,0,0,11.5,-7.947,0,0,0,0,0,0,VALID,0,0,0,0,0,1,0,0,0,0,0,0,0,0,0,0,0,0,0,0,698.11,1061.12,2,0,0.105,0.105,1891,9.52,0.105,0.105,6.55,FLYING,X10-F,0:/Integrated Flight Computer/aircraft/x10_f_cfg.ks (inferred preloaded)
138.12,CRUISE,,160.89,80,-80.89,1500.14,0.47,12.7,15.16,197.61,34.061,0.5855,0,20,1,0.6,4.5,0.75,0.35,0.0168,0.4,0,29.09,0,-39.241,0,271.99,0,0,0,0.16,0,0,7.36,90.17,0.7482,-0.0068,-0.6635,7,90.4,0,0,0,0,0,0,3,0,0,0,69,0,0,0,90.4,1,0,0,0,0,3,0,0,0,11.5,-7.947,0,0,0,0,0,0,VALID,0,0,0,0,0,1,0,0,0,0,0,0,0,0,0,0,0,0,0,0,695.89,1066.59,2,0,0.105,0.105,1894,9.52,0.105,0.105,6.86,FLYING,X10-F,0:/Integrated Flight Computer/aircraft/x10_f_cfg.ks (inferred preloaded)
138.44,CRUISE,,162.08,80,-82.08,1500.25,0.49,12.54,15.07,198.37,34.654,0.5887,0,20,1,0.6,4.5,0.75,0.35,0.0168,0.4,0,28.918,0,-38.053,0,272.09,0,0,0,0.17,0,0,7.36,90.17,0.7482,-0.0068,-0.6635,7,90.4,0,0,0,0,0,0,3,0,0,0,69,0,0,0,90.4,1,0,0,0,0,3,0,0,0,11.5,-7.947,0,0,0,0,0,0,VALID,0,0,0,0,0,1,0,0,0,0,0,0,0,0,0,0,0,0,0,0,691.91,1071.92,2,0,0.105,0.105,1897,9.52,0.105,0.105,7.18,FLYING,X10-F,0:/Integrated Flight Computer/aircraft/x10_f_cfg.ks (inferred preloaded)
138.75,CRUISE,,163.26,80,-83.26,1500.36,0.5,12.39,14.99,199.12,35.193,0.5911,0,20,1,0.6,4.5,0.75,0.35,0.0168,0.4,0,28.746,0,-36.867,0,272.19,0,0,0,0.17,0,0,7.36,90.17,0.7482,-0.0068,-0.6635,7,90.4,0,0,0,0,0,0,3,0,0,0,69,0,0,0,90.4,1,0,0,0,0,3,0,0,0,11.5,-7.947,0,0,0,0,0,0,VALID,0,0,0,0,0,1,0,0,0,0,0,0,0,0,0,0,0,0,0,0,688.95,1077.28,2,0,0.105,0.105,1900,9.52,0.105,0.105,7.49,FLYING,X10-F,0:/Integrated Flight Computer/aircraft/x10_f_cfg.ks (inferred preloaded)
139.07,CRUISE,,164.44,80,-84.44,1500.49,0.53,12.26,14.92,199.88,35.739,0.5978,0,20,1,0.6,4.5,0.75,0.35,0.0168,0.4,0,28.575,0,-35.691,0,272.28,0,0,0,0.18,0,0,7.36,90.17,0.7482,-0.0068,-0.6635,7,90.4,0,0,0,0,0,0,3,0,0,0,69,0,0,0,90.4,1,0,0,0,0,3,0,0,0,11.5,-7.947,0,0,0,0,0,0,VALID,0,0,0,0,0,1,0,0,0,0,0,0,0,0,0,0,0,0,0,0,686.98,1082.62,2,0,0.105,0.105,1903,9.52,0.105,0.105,7.81,FLYING,X10-F,0:/Integrated Flight Computer/aircraft/x10_f_cfg.ks (inferred preloaded)
139.38,CRUISE,,165.61,80,-85.61,1500.64,0.52,12.2,14.97,200.71,36.38,0.6048,0,20,1,0.6,4.5,0.75,0.35,0.0168,0.4,0,28.406,0,-34.522,0,272.38,0,0,0,0.17,0,0,7.36,90.17,0.7482,-0.0068,-0.6635,7,90.4,0,0,0,0,0,0,3,0,0,0,69,0,0,0,90.4,1,0,0,0,0,3,0,0,0,11.5,-7.947,0,0,0,0,0,0,VALID,0,0,0,0,0,1,0,0,0,0,0,0,0,0,0,0,0,0,0,0,686.35,1087.95,2,0,0.105,0.105,1906,9.52,0.105,0.105,8.12,FLYING,X10-F,0:/Integrated Flight Computer/aircraft/x10_f_cfg.ks (inferred preloaded)
139.7,CRUISE,,166.75,80,-86.75,1500.79,0.63,12.05,14.88,201.54,37.154,0.6212,0,20,1,0.6,4.5,0.75,0.35,0.0168,0.4,0,28.239,0,-33.375,0,272.48,0,0,0,0.22,0,0,7.36,90.17,0.7482,-0.0068,-0.6635,7,90.4,0,0,0,0,0,0,3,0,0,0,69,0,0,0,90.4,1,0,0,0,0,3,0,0,0,11.5,-7.947,0,0,0,0,0,0,VALID,0,0,0,0,0,1,0,0,0,0,0,0,0,0,0,0,0,0,0,0,686.94,1093.19,2,0,0.105,0.105,1909,9.52,0.105,0.105,8.44,FLYING,X10-F,0:/Integrated Flight Computer/aircraft/x10_f_cfg.ks (inferred preloaded)
140.01,CRUISE,,167.9,80,-87.9,1500.95,0.64,11.9,14.82,202.37,37.813,0.63,0,20,1,0.6,4.5,0.75,0.35,0.0168,0.4,0,28.074,0,-32.232,0,272.58,0,0,0,0.22,0,0,7.36,90.17,0.7482,-0.0068,-0.6635,7,90.4,0,0,0,0,0,0,3,0,0,0,69,0,0,0,90.4,1,0,0,0,0,3,0,0,0,11.5,-7.947,0,0,0,0,0,0,VALID,0,0,0,0,0,1,0,0,0,0,0,0,0,0,0,0,0,0,0,0,689.79,1098.46,2,0,0.105,0.105,1912,9.52,0.105,0.105,8.75,FLYING,X10-F,0:/Integrated Flight Computer/aircraft/x10_f_cfg.ks (inferred preloaded)
140.33,CRUISE,,169.05,80,-89.05,1501.11,0.69,11.75,14.76,203.2,38.455,0.6288,0,20,1,0.6,4.5,0.75,0.35,0.0168,0.4,0,27.906,0,-31.077,0,272.68,0,0,0,0.23,0,0,7.36,90.17,0.7482,-0.0068,-0.6635,7,90.4,0,0,0,0,0,0,3,0,0,0,69,0,0,0,90.4,1,0,0,0,0,3,0,0,0,11.5,-7.947,0,0,0,0,0,0,VALID,0,0,0,0,0,1,0,0,0,0,0,0,0,0,0,0,0,0,0,0,693.23,1103.79,2,0,0.105,0.105,1915,9.52,0.105,0.105,9.07,FLYING,X10-F,0:/Integrated Flight Computer/aircraft/x10_f_cfg.ks (inferred preloaded)
140.64,CRUISE,,170.21,80,-90.21,1501.29,0.71,11.6,14.68,204.02,39.058,0.6254,0,20,1,0.6,4.5,0.75,0.35,0.0168,0.4,0,27.738,0,-29.917,0,272.78,0,0,0,0.23,0,0,7.36,90.17,0.7482,-0.0068,-0.6635,7,90.4,0,0,0,0,0,0,3,0,0,0,69,0,0,0,90.4,1,0,0,0,0,3,0,0,0,11.5,-7.947,0,0,0,0,0,0,VALID,0,0,0,0,0,1,0,0,0,0,0,0,0,0,0,0,0,0,0,0,696.61,1109.18,2,0,0.105,0.105,1918,9.52,0.105,0.105,9.38,FLYING,X10-F,0:/Integrated Flight Computer/aircraft/x10_f_cfg.ks (inferred preloaded)
140.96,CRUISE,,171.38,80,-91.38,1501.47,0.73,11.45,14.6,204.85,39.637,0.6186,0,20,1,0.6,4.5,0.75,0.35,0.0168,0.4,0,27.569,0,-28.748,0,272.88,0,0,0,0.24,0,0,7.35,90.16,0.7482,-0.0068,-0.6635,7,90.4,0,0,0,0,0,0,3,0,0,0,69,0,0,0,90.4,1,0,0,0,0,3,0,0,0,11.5,-7.947,0,0,0,0,0,0,VALID,0,0,0,0,0,1,0,0,0,0,0,0,0,0,0,0,0,0,0,0,699.53,1114.63,2,0,0.105,0.105,1921,9.52,0.105,0.105,9.7,FLYING,X10-F,0:/Integrated Flight Computer/aircraft/x10_f_cfg.ks (inferred preloaded)
141.27,CRUISE,,172.56,80,-92.56,1501.66,0.74,11.3,14.53,205.68,40.192,0.6109,0,20,1,0.6,4.5,0.75,0.35,0.0168,0.4,0,27.398,0,-27.572,0,272.98,0,0,0,0.25,0,0,7.35,90.16,0.7482,-0.0068,-0.6635,7,90.4,0,0,0,0,0,0,3,0,0,0,69,0,0,0,90.4,1,0,0,0,0,3,0,0,0,11.5,-7.947,0,0,0,0,0,0,VALID,0,0,0,0,0,1,0,0,0,0,0,0,0,0,0,0,0,0,0,0,701.71,1120.13,2,0,0.105,0.105,1924,9.52,0.105,0.105,10.01,FLYING,X10-F,0:/Integrated Flight Computer/aircraft/x10_f_cfg.ks (inferred preloaded)
141.59,CRUISE,,173.74,80,-93.74,1501.85,0.74,11.16,14.45,206.51,40.722,0.6039,0,20,1,0.6,4.5,0.75,0.35,0.0168,0.4,0,27.226,0,-26.389,0,273.08,0,0,0,0.25,0,0,7.35,90.16,0.7482,-0.0068,-0.6635,7,90.4,0,0,0,0,0,0,3,0,0,0,69,0,0,0,90.4,1,0,0,0,0,3,0,0,0,11.5,-7.947,0,0,0,0,0,0,VALID,0,0,0,0,0,1,0,0,0,0,0,0,0,0,0,0,0,0,0,0,703.14,1125.69,2,0,0.105,0.105,1927,9.52,0.105,0.105,10.33,FLYING,X10-F,0:/Integrated Flight Computer/aircraft/x10_f_cfg.ks (inferred preloaded)
141.9,CRUISE,,174.93,80,-94.93,1502.05,0.76,11.03,14.39,207.35,41.233,0.5981,0,20,1,0.6,4.5,0.75,0.35,0.0168,0.4,0,27.054,0,-25.202,0,273.19,0,0,0,0.24,0,0,7.35,90.16,0.7482,-0.0068,-0.6635,7,90.4,0,0,0,0,0,0,3,0,0,0,69,0,0,0,90.4,1,0,0,0,0,3,0,0,0,11.5,-7.947,0,0,0,0,0,0,VALID,0,0,0,0,0,1,0,0,0,0,0,0,0,0,0,0,0,0,0,0,703.95,1131.3,2,0,0.105,0.105,1930,9.52,0.105,0.105,10.64,FLYING,X10-F,0:/Integrated Flight Computer/aircraft/x10_f_cfg.ks (inferred preloaded)
142.22,CRUISE,,176.12,80,-96.12,1502.25,0.76,10.89,14.32,208.19,41.74,0.5938,0,20,1,0.6,4.5,0.75,0.35,0.0168,0.4,0,26.882,0,-24.013,0,273.29,0,0,0,0.25,0,0,7.35,90.16,0.7482,-0.0068,-0.6635,7,90.4,0,0,0,0,0,0,3,0,0,0,69,0,0,0,90.4,1,0,0,0,0,3,0,0,0,11.5,-7.947,0,0,0,0,0,0,VALID,0,0,0,0,0,1,0,0,0,0,0,0,0,0,0,0,0,0,0,0,704.4,1136.93,2,0,0.105,0.105,1933,9.52,0.105,0.105,10.96,FLYING,X10-F,0:/Integrated Flight Computer/aircraft/x10_f_cfg.ks (inferred preloaded)
142.53,CRUISE,,177.31,80,-97.31,1502.45,0.74,10.76,14.26,209.04,42.239,0.5923,0,20,1,0.6,4.5,0.75,0.35,0.0168,0.4,0,26.71,0,-22.824,0,273.39,0,0,0,0.24,0,0,7.35,90.16,0.7482,-0.0068,-0.6635,7,90.4,0,0,0,0,0,0,3,0,0,0,69,0,0,0,90.4,1,0,0,0,0,3,0,0,0,11.5,-7.947,0,0,0,0,0,0,VALID,0,0,0,0,0,1,0,0,0,0,0,0,0,0,0,0,0,0,0,0,704.73,1142.57,2,0,0.105,0.105,1936,9.52,0.105,0.105,11.27,FLYING,X10-F,0:/Integrated Flight Computer/aircraft/x10_f_cfg.ks (inferred preloaded)
142.85,CRUISE,,178.5,80,-98.5,1502.65,0.75,10.64,14.21,209.91,42.731,0.532,0,20,1,0.6,4.5,0.75,0.35,0.0168,0.4,0,26.537,0,-21.637,0,273.49,0,0,0,0.24,0,0,7.34,90.16,0.7482,-0.0068,-0.6635,7,90.4,0,0,0,0,0,0,3,0,0,0,69,0,0,0,90.4,1,0,0,0,0,3,0,0,0,11.5,-7.947,0,0,0,0,0,0,VALID,0,0,0,0,0,1,0,0,0,0,0,0,0,0,0,0,0,0,0,0,704.1,1148.24,2,0,0.105,0.105,1939,9.52,0.105,0.105,11.59,FLYING,X10-F,0:/Integrated Flight Computer/aircraft/x10_f_cfg.ks (inferred preloaded)
143.16,CRUISE,,179.68,80,-99.68,1502.85,0.74,10.52,14.17,210.78,43.211,0.4505,0,20,1,0.6,4.5,0.75,0.35,0.0168,0.4,0,26.366,0,-20.453,0,273.6,0,0,0,0.24,0,0,7.34,90.16,0.7482,-0.0068,-0.6635,7,90.4,0,0,0,0,0,0,3,0,0,0,69,0,0,0,90.4,1,0,0,0,0,3,0,0,0,11.5,-7.947,0,0,0,0,0,0,VALID,0,0,0,0,0,1,0,0,0,0,0,0,0,0,0,0,0,0,0,0,695.36,1153.91,2,0,0.105,0.105,1942,9.52,0.105,0.105,11.9,FLYING,X10-F,0:/Integrated Flight Computer/aircraft/x10_f_cfg.ks (inferred preloaded)
143.48,CRUISE,,180.83,80,-100.83,1503.05,0.73,10.41,14.14,211.67,43.671,0.3846,0,20,1,0.6,4.5,0.75,0.35,0.0168,0.4,0,26.198,0,-19.293,0,273.7,0,0,0,0.23,0,0,7.34,90.16,0.7482,-0.0068,-0.6635,7,90.4,0,0,0,0,0,0,3,0,0,0,69,0,0,0,90.4,1,0,0,0,0,3,0,0,0,11.5,-7.947,0,0,0,0,0,0,VALID,0,0,0,0,0,1,0,0,0,0,0,0,0,0,0,0,0,0,0,0,678.2,1159.47,2,0,0.105,0.105,1945,9.52,0.105,0.105,12.22,FLYING,X10-F,0:/Integrated Flight Computer/aircraft/x10_f_cfg.ks (inferred preloaded)
143.79,CRUISE,,181.93,80,-101.93,1503.25,0.7,10.32,14.12,212.57,44.094,0.3451,0,20,1,0.6,4.5,0.75,0.35,0.0168,0.4,0,26.037,0,-18.188,0,273.81,0,0,0,0.22,0,0,7.34,90.16,0.7482,-0.0068,-0.6635,7,90.4,0,0,0,0,0,0,3,0,0,0,69,0,0,0,90.4,1,0,0,0,0,3,0,0,0,11.5,-7.947,0,0,0,0,0,0,VALID,0,0,0,0,0,1,0,0,0,0,0,0,0,0,0,0,0,0,0,0,655.53,1164.76,2,0,0.105,0.105,1948,9.52,0.105,0.105,12.53,FLYING,X10-F,0:/Integrated Flight Computer/aircraft/x10_f_cfg.ks (inferred preloaded)
144.11,CRUISE,,182.95,80,-102.95,1503.44,0.67,10.23,14.1,213.46,44.462,0.3334,0,20,1,0.6,4.5,0.75,0.35,0.0168,0.4,0,25.888,0,-17.158,0,273.91,0,0,0,0.21,0,0,7.33,90.16,0.7482,-0.0068,-0.6635,7,90.4,0,0,0,0,0,0,3,0,0,0,69,0,0,0,90.4,1,0,0,0,0,3,0,0,0,11.5,-7.947,0,0,0,0,0,0,VALID,0,0,0,0,0,1,0,0,0,0,0,0,0,0,0,0,0,0,0,0,631.14,1169.71,2,0,0.105,0.105,1951,9.52,0.105,0.105,12.85,FLYING,X10-F,0:/Integrated Flight Computer/aircraft/x10_f_cfg.ks (inferred preloaded)
144.42,CRUISE,,183.89,80,-103.89,1503.62,0.63,10.15,14.09,214.35,44.773,0.3417,0,20,1,0.6,4.5,0.75,0.35,0.0168,0.4,0,25.75,0,-16.209,0,274.01,0,0,0,0.2,0,0,7.33,90.16,0.7482,-0.0068,-0.6635,7,90.4,0,0,0,0,0,0,3,0,0,0,69,0,0,0,90.4,1,0,0,0,0,3,0,0,0,11.5,-7.947,0,0,0,0,0,0,VALID,0,0,0,0,0,1,0,0,0,0,0,0,0,0,0,0,0,0,0,0,608.36,1174.28,2,0,0.105,0.105,1954,9.52,0.105,0.105,13.16,FLYING,X10-F,0:/Integrated Flight Computer/aircraft/x10_f_cfg.ks (inferred preloaded)
144.74,CRUISE,,184.76,80,-104.76,1503.79,0.59,10.08,14.07,215.23,45.033,0.361,0,20,1,0.6,4.5,0.75,0.35,0.0168,0.4,0,25.624,0,-15.337,0,274.12,0,0,0,0.18,0,0,7.33,90.16,0.7482,-0.0068,-0.6635,7,90.4,0,0,0,0,0,0,3,0,0,0,69,0,0,0,90.4,1,0,0,0,0,3,0,0,0,11.5,-7.947,0,0,0,0,0,0,VALID,0,0,0,0,0,1,0,0,0,0,0,0,0,0,0,0,0,0,0,0,589.25,1178.48,2,0,0.105,0.105,1957,9.52,0.105,0.105,13.48,FLYING,X10-F,0:/Integrated Flight Computer/aircraft/x10_f_cfg.ks (inferred preloaded)
145.05,CRUISE,,185.55,80,-105.55,1503.95,0.55,10.01,14.05,216.11,45.261,0.3816,0,20,1,0.6,4.5,0.75,0.35,0.0168,0.4,0,25.507,0,-14.532,0,274.22,0,0,0,0.17,0,0,7.33,90.16,0.7482,-0.0068,-0.6635,7,90.4,0,0,0,0,0,0,3,0,0,0,69,0,0,0,90.4,1,0,0,0,0,3,0,0,0,11.5,-7.947,0,0,0,0,0,0,VALID,0,0,0,0,0,1,0,0,0,0,0,0,0,0,0,0,0,0,0,0,574.54,1182.38,2,0,0.105,0.105,1960,9.52,0.105,0.105,13.79,FLYING,X10-F,0:/Integrated Flight Computer/aircraft/x10_f_cfg.ks (inferred preloaded)
145.37,CRUISE,,186.3,80,-106.3,1504.1,0.49,9.95,14.03,216.98,45.474,0.3978,0,20,1,0.6,4.5,0.75,0.35,0.0168,0.4,0,25.398,0,-13.782,0,274.33,0,0,0,0.16,0,0,7.32,90.16,0.7482,-0.0068,-0.6635,7,90.4,0,0,0,0,0,0,3,0,0,0,69,0,0,0,90.4,1,0,0,0,0,3,0,0,0,11.5,-7.947,0,0,0,0,0,0,VALID,0,0,0,0,0,1,0,0,0,0,0,0,0,0,0,0,0,0,0,0,563.83,1186.03,2,0,0.105,0.105,1963,9.52,0.105,0.105,14.11,FLYING,X10-F,0:/Integrated Flight Computer/aircraft/x10_f_cfg.ks (inferred preloaded)
145.68,CRUISE,,187.01,80,-107.01,1504.23,0.45,9.88,14.01,217.86,45.688,0.4038,0,20,1,0.6,4.5,0.75,0.35,0.0168,0.4,0,25.295,0,-13.071,0,274.43,0,0,0,0.14,0,0,7.32,90.16,0.7482,-0.0068,-0.6635,7,90.4,0,0,0,0,0,0,3,0,0,0,69,0,0,0,90.4,1,0,0,0,0,3,0,0,0,11.5,-7.947,0,0,0,0,0,0,VALID,0,0,0,0,0,1,0,0,0,0,0,0,0,0,0,0,0,0,0,0,556,1189.5,2,0,0.105,0.105,1966,9.52,0.105,0.105,14.42,FLYING,X10-F,0:/Integrated Flight Computer/aircraft/x10_f_cfg.ks (inferred preloaded)
146,CRUISE,,187.69,80,-107.69,1504.34,0.4,9.82,13.99,218.74,45.895,0.4001,0,20,1,0.6,4.5,0.75,0.35,0.0168,0.4,0,25.196,0,-12.388,0,274.53,0,0,0,0.13,0,0,7.32,90.15,0.7482,-0.0068,-0.6635,7,90.4,0,0,0,0,0,0,3,0,0,0,69,0,0,0,90.4,1,0,0,0,0,3,0,0,0,11.5,-7.947,0,0,0,0,0,0,VALID,0,0,0,0,0,1,0,0,0,0,0,0,0,0,0,0,0,0,0,0,549.52,1192.84,2,0,0.105,0.105,1969,9.52,0.105,0.105,14.74,FLYING,X10-F,0:/Integrated Flight Computer/aircraft/x10_f_cfg.ks (inferred preloaded)
146.31,CRUISE,,188.34,80,-108.34,1504.44,0.35,9.75,13.96,219.61,46.091,0.3895,0,20,1,0.6,4.5,0.75,0.35,0.0168,0.4,0,25.101,0,-11.73,0,274.64,0,0,0,0.11,0,0,7.32,90.15,0.7482,-0.0068,-0.6635,7,90.4,0,0,0,0,0,0,3,0,0,0,69,0,0,0,90.4,1,0,0,0,0,3,0,0,0,11.5,-7.947,0,0,0,0,0,0,VALID,0,0,0,0,0,1,0,0,0,0,0,0,0,0,0,0,0,0,0,0,543.1,1196.07,2,0,0.105,0.105,1972,9.52,0.105,0.105,15.05,FLYING,X10-F,0:/Integrated Flight Computer/aircraft/x10_f_cfg.ks (inferred preloaded)
146.63,CRUISE,,188.98,80,-108.98,1504.52,0.29,9.69,13.95,220.5,46.274,0.3746,0,20,1,0.6,4.5,0.75,0.35,0.0168,0.4,0,25.008,0,-11.093,0,274.74,0,0,0,0.09,0,0,7.31,90.15,0.7482,-0.0068,-0.6635,7,90.4,0,0,0,0,0,0,3,0,0,0,69,0,0,0,90.4,1,0,0,0,0,3,0,0,0,11.5,-7.947,0,0,0,0,0,0,VALID,0,0,0,0,0,1,0,0,0,0,0,0,0,0,0,0,0,0,0,0,535.95,1199.21,2,0,0.105,0.105,1975,9.52,0.105,0.105,15.37,FLYING,X10-F,0:/Integrated Flight Computer/aircraft/x10_f_cfg.ks (inferred preloaded)
146.94,CRUISE,,189.59,80,-109.59,1504.59,0.24,9.64,13.94,221.39,46.459,0.3608,0,20,1,0.6,4.5,0.75,0.35,0.0168,0.4,0,24.92,0,-10.481,0,274.84,0,0,0,0.07,0,0,7.31,90.15,0.7482,-0.0068,-0.6635,7,90.4,0,0,0,0,0,0,3,0,0,0,69,0,0,0,90.4,1,0,0,0,0,3,0,0,0,11.5,-7.947,0,0,0,0,0,0,VALID,0,0,0,0,0,1,0,0,0,0,0,0,0,0,0,0,0,0,0,0,527.74,1202.22,2,0,0.105,0.105,1978,9.52,0.105,0.105,15.68,FLYING,X10-F,0:/Integrated Flight Computer/aircraft/x10_f_cfg.ks (inferred preloaded)
147.26,CRUISE,,190.17,80,-110.17,1504.64,0.19,9.58,13.92,222.27,46.622,0.3498,0,20,1,0.6,4.5,0.75,0.35,0.0168,0.4,0,24.835,0,-9.897,0,274.94,0,0,0,0.06,0,0,7.31,90.15,0.7482,-0.0068,-0.6635,7,90.4,0,0,0,0,0,0,3,0,0,0,69,0,0,0,90.4,1,0,0,0,0,3,0,0,0,11.5,-7.947,0,0,0,0,0,0,VALID,0,0,0,0,0,1,0,0,0,0,0,0,0,0,0,0,0,0,0,0,518.78,1205.1,2,0,0.105,0.105,1981,9.52,0.105,0.105,16,FLYING,X10-F,0:/Integrated Flight Computer/aircraft/x10_f_cfg.ks (inferred preloaded)
147.57,CRUISE,,190.72,80,-110.72,1504.68,0.13,9.54,13.92,223.17,46.775,0.3418,0,20,1,0.6,4.5,0.75,0.35,0.0168,0.4,0,24.754,0,-9.341,0,275.05,0,0,0,0.04,0,0,7.3,90.15,0.7482,-0.0068,-0.6635,7,90.4,0,0,0,0,0,0,3,0,0,0,69,0,0,0,90.4,1,0,0,0,0,3,0,0,0,11.5,-7.947,0,0,0,0,0,0,VALID,0,0,0,0,0,1,0,0,0,0,0,0,0,0,0,0,0,0,0,0,509.47,1207.84,2,0,0.105,0.105,1984,9.52,0.105,0.105,16.31,FLYING,X10-F,0:/Integrated Flight Computer/aircraft/x10_f_cfg.ks (inferred preloaded)
147.89,CRUISE,,191.24,80,-111.24,1504.69,0.08,9.49,13.91,224.06,46.917,0.3388,0,20,1,0.6,4.5,0.75,0.35,0.0168,0.4,0,24.679,0,-8.818,0,275.15,0,0,0,0.02,0,0,7.3,90.15,0.7482,-0.0068,-0.6635,7,90.4,0,0,0,0,0,0,3,0,0,0,69,0,0,0,90.4,1,0,0,0,0,3,0,0,0,11.5,-7.947,0,0,0,0,0,0,VALID,0,0,0,0,0,1,0,0,0,0,0,0,0,0,0,0,0,0,0,0,500.27,1210.43,2,0,0.105,0.105,1987,9.52,0.105,0.105,16.63,FLYING,X10-F,0:/Integrated Flight Computer/aircraft/x10_f_cfg.ks (inferred preloaded)
148.2,CRUISE,,191.73,80,-111.73,1504.7,0.02,9.45,13.9,224.95,47.045,0.3391,0,20,1,0.6,4.5,0.75,0.35,0.0168,0.4,0,24.607,0,-8.328,0,275.25,0,0,0,0.01,0,0,7.3,90.15,0.7482,-0.0068,-0.6635,7,90.4,0,0,0,0,0,0,3,0,0,0,69,0,0,0,90.4,1,0,0,0,0,3,0,0,0,11.5,-7.947,0,0,0,0,0,0,VALID,0,0,0,0,0,1,0,0,0,0,0,0,0,0,0,0,0,0,0,0,491.79,1212.86,2,0,0.105,0.105,1990,9.52,0.105,0.105,16.94,FLYING,X10-F,0:/Integrated Flight Computer/aircraft/x10_f_cfg.ks (inferred preloaded)
148.52,CRUISE,,192.18,80,-112.18,1504.68,-0.04,9.41,13.9,225.85,47.156,0.3406,0,20,1,0.6,4.5,0.75,0.35,0.0168,0.4,0,24.541,0,-7.867,0,275.35,0,0,0,-0.01,0,0,7.29,90.15,0.7482,-0.0068,-0.6635,7,90.4,0,0,0,0,0,0,3,0,0,0,69,0,0,0,90.4,1,0,0,0,0,3,0,0,0,11.5,-7.947,0,0,0,0,0,0,VALID,0,0,0,0,0,1,0,0,0,0,0,0,0,0,0,0,0,0,0,0,484.29,1215.15,2,0,0.105,0.105,1993,9.52,0.105,0.105,17.26,FLYING,X10-F,0:/Integrated Flight Computer/aircraft/x10_f_cfg.ks (inferred preloaded)
148.83,CRUISE,,192.61,80,-112.61,1504.65,-0.1,9.38,13.9,226.75,47.236,0.3418,0,20,1,0.6,4.5,0.75,0.35,0.0168,0.4,0,24.478,0,-7.432,0,275.45,0,0,0,-0.03,0,0,7.29,90.15,0.7482,-0.0068,-0.6635,7,90.4,0,0,0,0,0,0,3,0,0,0,69,0,0,0,90.4,1,0,0,0,0,3,0,0,0,11.5,-7.947,0,0,0,0,0,0,VALID,0,0,0,0,0,1,0,0,0,0,0,0,0,0,0,0,0,0,0,0,477.78,1217.31,2,0,0.105,0.105,1996,9.52,0.105,0.105,17.57,FLYING,X10-F,0:/Integrated Flight Computer/aircraft/x10_f_cfg.ks (inferred preloaded)
149.15,CRUISE,,193.02,80,-113.02,1504.6,-0.15,9.35,13.9,227.64,47.298,0.3428,0,20,1,0.6,4.5,0.75,0.35,0.0168,0.4,0,24.418,0,-7.023,0,275.55,0,0,0,-0.04,0,0,7.28,90.15,0.7482,-0.0068,-0.6635,7,90.4,0,0,0,0,0,0,3,0,0,0,69,0,0,0,90.4,1,0,0,0,0,3,0,0,0,11.5,-7.947,0,0,0,0,0,0,VALID,0,0,0,0,0,1,0,0,0,0,0,0,0,0,0,0,0,0,0,0,472.12,1219.35,2,0,0.105,0.105,1999,9.52,0.105,0.105,17.89,FLYING,X10-F,0:/Integrated Flight Computer/aircraft/x10_f_cfg.ks (inferred preloaded)
149.46,CRUISE,,193.41,80,-113.41,1504.54,-0.19,9.33,13.91,228.54,47.349,0.3429,0,20,1,0.6,4.5,0.75,0.35,0.0168,0.4,0,24.362,0,-6.636,0,275.65,0,0,0,-0.06,0,0,7.28,90.15,0.7482,-0.0068,-0.6635,7,90.4,0,0,0,0,0,0,3,0,0,0,69,0,0,0,90.4,1,0,0,0,0,3,0,0,0,11.5,-7.947,0,0,0,0,0,0,VALID,0,0,0,0,0,1,0,0,0,0,0,0,0,0,0,0,0,0,0,0,467.19,1221.28,2,0,0.105,0.105,2002,9.52,0.105,0.105,18.2,FLYING,X10-F,0:/Integrated Flight Computer/aircraft/x10_f_cfg.ks (inferred preloaded)
149.78,CRUISE,,193.77,80,-113.77,1504.47,-0.23,9.31,13.9,229.43,47.387,0.3418,0,20,1,0.6,4.5,0.75,0.35,0.0168,0.4,0,24.309,0,-6.268,0,275.75,0,0,0,-0.07,0,0,7.28,90.15,0.7482,-0.0068,-0.6635,7,90.4,0,0,0,0,0,0,3,0,0,0,69,0,0,0,90.4,1,0,0,0,0,3,0,0,0,11.5,-7.947,0,0,0,0,0,0,VALID,0,0,0,0,0,1,0,0,0,0,0,0,0,0,0,0,0,0,0,0,462.77,1223.12,2,0,0.105,0.105,2005,9.52,0.105,0.105,18.52,FLYING,X10-F,0:/Integrated Flight Computer/aircraft/x10_f_cfg.ks (inferred preloaded)
150.09,CRUISE,,194.12,80,-114.12,1504.38,-0.27,9.29,13.9,230.32,47.415,0.3391,0,20,1,0.6,4.5,0.75,0.35,0.0168,0.4,0,24.258,0,-5.918,0,275.85,0,0,0,-0.08,0,0,7.27,90.15,0.7482,-0.0068,-0.6635,7,90.4,0,0,0,0,0,0,3,0,0,0,69,0,0,0,90.4,1,0,0,0,0,3,0,0,0,11.5,-7.947,0,0,0,0,0,0,VALID,0,0,0,0,0,1,0,0,0,0,0,0,0,0,0,0,0,0,0,0,458.65,1224.87,2,0,0.105,0.105,2008,9.52,0.105,0.105,18.83,FLYING,X10-F,0:/Integrated Flight Computer/aircraft/x10_f_cfg.ks (inferred preloaded)
150.41,CRUISE,,194.45,80,-114.45,1504.29,-0.3,9.28,13.9,231.21,47.439,0.3351,0,20,1,0.6,4.5,0.75,0.35,0.0168,0.4,0,24.21,0,-5.583,0,275.95,0,0,0,-0.09,0,0,7.27,90.15,0.7482,-0.0068,-0.6635,7,90.4,0,0,0,0,0,0,3,0,0,0,69,0,0,0,90.4,1,0,0,0,0,3,0,0,0,11.5,-7.947,0,0,0,0,0,0,VALID,0,0,0,0,0,1,0,0,0,0,0,0,0,0,0,0,0,0,0,0,454.61,1226.56,2,0,0.105,0.105,2011,9.52,0.105,0.105,19.15,FLYING,X10-F,0:/Integrated Flight Computer/aircraft/x10_f_cfg.ks (inferred preloaded)
150.72,CRUISE,,194.77,80,-114.77,1504.19,-0.32,9.27,13.9,232.11,47.473,0.3309,0,20,1,0.6,4.5,0.75,0.35,0.0168,0.4,0,24.163,0,-5.263,0,276.04,0,0,0,-0.1,0,0,7.26,90.15,0.7482,-0.0068,-0.6635,7,90.4,0,0,0,0,0,0,3,0,0,0,69,0,0,0,90.4,1,0,0,0,0,3,0,0,0,11.5,-7.947,0,0,0,0,0,0,VALID,0,0,0,0,0,1,0,0,0,0,0,0,0,0,0,0,0,0,0,0,450.47,1228.16,2,0,0.105,0.105,2014,9.52,0.105,0.105,19.46,FLYING,X10-F,0:/Integrated Flight Computer/aircraft/x10_f_cfg.ks (inferred preloaded)
151.04,CRUISE,,195.07,80,-115.07,1504.08,-0.35,9.26,13.9,233.01,47.51,0.3286,0,20,1,0.6,4.5,0.75,0.35,0.0168,0.4,0,24.119,0,-4.961,0,276.14,0,0,0,-0.1,0,0,7.26,90.15,0.7482,-0.0068,-0.6635,7,90.4,0,0,0,0,0,0,3,0,0,0,69,0,0,0,90.4,1,0,0,0,0,3,0,0,0,11.5,-7.947,0,0,0,0,0,0,VALID,0,0,0,0,0,1,0,0,0,0,0,0,0,0,0,0,0,0,0,0,446.32,1229.68,2,0,0.105,0.105,2017,9.52,0.105,0.105,19.78,FLYING,X10-F,0:/Integrated Flight Computer/aircraft/x10_f_cfg.ks (inferred preloaded)
151.35,CRUISE,,195.36,80,-115.36,1503.96,-0.36,9.25,13.9,233.91,47.549,0.3266,0,20,1,0.6,4.5,0.75,0.35,0.0168,0.4,0,24.078,0,-4.674,0,276.24,0,0,0,-0.11,0,0,7.26,90.15,0.7482,-0.0068,-0.6635,7,90.4,0,0,0,0,0,0,3,0,0,0,69,0,0,0,90.4,1,0,0,0,0,3,0,0,0,11.5,-7.947,0,0,0,0,0,0,VALID,0,0,0,0,0,1,0,0,0,0,0,0,0,0,0,0,0,0,0,0,442.34,1231.12,2,0,0.105,0.105,2020,9.52,0.105,0.105,20.09,FLYING,X10-F,0:/Integrated Flight Computer/aircraft/x10_f_cfg.ks (inferred preloaded)
151.67,CRUISE,,195.63,80,-115.63,1503.84,-0.38,9.24,13.9,234.81,47.586,0.3253,0,20,1,0.6,4.5,0.75,0.35,0.0168,0.4,0,24.038,0,-4.403,0,276.33,0,0,0,-0.11,0,0,7.25,90.15,0.7482,-0.0068,-0.6635,7,90.4,0,0,0,0,0,0,3,0,0,0,69,0,0,0,90.4,1,0,0,0,0,3,0,0,0,11.5,-7.947,0,0,0,0,0,0,VALID,0,0,0,0,0,1,0,0,0,0,0,0,0,0,0,0,0,0,0,0,438.55,1232.49,2,0,0.105,0.105,2023,9.52,0.105,0.105,20.41,FLYING,X10-F,0:/Integrated Flight Computer/aircraft/x10_f_cfg.ks (inferred preloaded)
151.98,CRUISE,,195.88,80,-115.88,1503.71,-0.39,9.22,13.89,235.7,47.613,0.3245,0,20,1,0.6,4.5,0.75,0.35,0.0168,0.4,0,24.001,0,-4.147,0,276.42,0,0,0,-0.11,0,0,7.25,90.15,0.7482,-0.0068,-0.6635,7,90.4,0,0,0,0,0,0,3,0,0,0,69,0,0,0,90.4,1,0,0,0,0,3,0,0,0,11.5,-7.947,0,0,0,0,0,0,VALID,0,0,0,0,0,1,0,0,0,0,0,0,0,0,0,0,0,0,0,0,435.03,1233.79,2,0,0.105,0.105,2026,9.52,0.105,0.105,20.72,FLYING,X10-F,0:/Integrated Flight Computer/aircraft/x10_f_cfg.ks (inferred preloaded)
152.3,CRUISE,,196.12,80,-116.12,1503.58,-0.41,9.21,13.88,236.59,47.623,0.3229,0,20,1,0.6,4.5,0.75,0.35,0.0168,0.4,0,23.966,0,-3.903,0,276.52,0,0,0,-0.12,0,0,7.24,90.14,0.7482,-0.0068,-0.6635,7,90.4,0,0,0,0,0,0,3,0,0,0,69,0,0,0,90.4,1,0,0,0,0,3,0,0,0,11.5,-7.947,0,0,0,0,0,0,VALID,0,0,0,0,0,1,0,0,0,0,0,0,0,0,0,0,0,0,0,0,431.78,1235.02,2,0,0.105,0.105,2029,9.52,0.105,0.105,21.04,FLYING,X10-F,0:/Integrated Flight Computer/aircraft/x10_f_cfg.ks (inferred preloaded)
152.61,CRUISE,,196.36,80,-116.36,1503.45,-0.41,9.2,13.89,237.49,47.64,0.32,0,20,1,0.6,4.5,0.75,0.35,0.0168,0.4,0,23.932,0,-3.67,0,276.61,0,0,0,-0.12,0,0,7.24,90.14,0.7482,-0.0068,-0.6635,7,90.4,0,0,0,0,0,0,3,0,0,0,69,0,0,0,90.4,1,0,0,0,0,3,0,0,0,11.5,-7.947,0,0,0,0,0,0,VALID,0,0,0,0,0,1,0,0,0,0,0,0,0,0,0,0,0,0,0,0,428.63,1236.2,2,0,0.105,0.105,2032,9.52,0.105,0.105,21.35,FLYING,X10-F,0:/Integrated Flight Computer/aircraft/x10_f_cfg.ks (inferred preloaded)
152.93,CRUISE,,196.57,80,-116.57,1503.32,-0.42,9.2,13.88,238.38,47.665,0.319,0,20,1,0.6,4.5,0.75,0.35,0.0168,0.4,0,23.9,0,-3.45,0,276.7,0,0,0,-0.12,0,0,7.23,90.14,0.7482,-0.0068,-0.6635,7,90.4,0,0,0,0,0,0,3,0,0,0,69,0,0,0,90.4,1,0,0,0,0,3,0,0,0,11.5,-7.947,0,0,0,0,0,0,VALID,0,0,0,0,0,1,0,0,0,0,0,0,0,0,0,0,0,0,0,0,425.51,1237.31,2,0,0.105,0.105,2035,9.52,0.105,0.105,21.67,FLYING,X10-F,0:/Integrated Flight Computer/aircraft/x10_f_cfg.ks (inferred preloaded)
153.24,CRUISE,,196.78,80,-116.78,1503.18,-0.42,9.19,13.88,239.28,47.693,0.318,0,20,1,0.6,4.5,0.75,0.35,0.0168,0.4,0,23.87,0,-3.242,0,276.79,0,0,0,-0.12,0,0,7.23,90.14,0.7482,-0.0068,-0.6635,7,90.4,0,0,0,0,0,0,3,0,0,0,69,0,0,0,90.4,1,0,0,0,0,3,0,0,0,11.5,-7.947,0,0,0,0,0,0,VALID,0,0,0,0,0,1,0,0,0,0,0,0,0,0,0,0,0,0,0,0,422.61,1238.37,2,0,0.105,0.105,2038,9.52,0.105,0.105,21.98,FLYING,X10-F,0:/Integrated Flight Computer/aircraft/x10_f_cfg.ks (inferred preloaded)
153.56,CRUISE,,196.98,80,-116.98,1503.05,-0.42,9.19,13.88,240.19,47.728,0.3173,0,20,1,0.6,4.5,0.75,0.35,0.0168,0.4,0,23.842,0,-3.045,0,276.88,0,0,0,-0.12,0,0,7.22,90.14,0.7482,-0.0068,-0.6635,7,90.4,0,0,0,0,0,0,3,0,0,0,69,0,0,0,90.4,1,0,0,0,0,3,0,0,0,11.5,-7.947,0,0,0,0,0,0,VALID,0,0,0,0,0,1,0,0,0,0,0,0,0,0,0,0,0,0,0,0,419.89,1239.37,2,0,0.105,0.105,2041,9.52,0.105,0.105,22.3,FLYING,X10-F,0:/Integrated Flight Computer/aircraft/x10_f_cfg.ks (inferred preloaded)
153.87,CRUISE,,197.16,80,-117.16,1502.91,-0.42,9.18,13.88,241.09,47.759,0.3172,0,20,1,0.6,4.5,0.75,0.35,0.0168,0.4,0,23.815,0,-2.86,0,276.97,0,0,0,-0.12,0,0,7.22,90.14,0.7482,-0.0068,-0.6635,7,90.4,0,0,0,0,0,0,3,0,0,0,69,0,0,0,90.4,1,0,0,0,0,3,0,0,0,11.5,-7.947,0,0,0,0,0,0,VALID,0,0,0,0,0,1,0,0,0,0,0,0,0,0,0,0,0,0,0,0,417.41,1240.31,2,0,0.105,0.105,2044,9.52,0.105,0.105,22.61,FLYING,X10-F,0:/Integrated Flight Computer/aircraft/x10_f_cfg.ks (inferred preloaded)
154.19,CRUISE,,197.34,80,-117.34,1502.78,-0.42,9.16,13.87,241.98,47.777,0.3164,0,20,1,0.6,4.5,0.75,0.35,0.0168,0.4,0,23.789,0,-2.684,0,277.06,0,0,0,-0.12,0,0,7.21,90.14,0.7482,-0.0068,-0.6635,7,90.4,0,0,0,0,0,0,3,0,0,0,69,0,0,0,90.4,1,0,0,0,0,3,0,0,0,11.5,-7.947,0,0,0,0,0,0,VALID,0,0,0,0,0,1,0,0,0,0,0,0,0,0,0,0,0,0,0,0,415.18,1241.21,2,0,0.105,0.105,2047,9.52,0.105,0.105,22.93,FLYING,X10-F,0:/Integrated Flight Computer/aircraft/x10_f_cfg.ks (inferred preloaded)
154.5,CRUISE,,197.5,80,-117.5,1502.64,-0.42,9.16,13.87,242.88,47.795,0.3142,0,20,1,0.6,4.5,0.75,0.35,0.0168,0.4,0,23.765,0,-2.514,0,277.14,0,0,0,-0.12,0,0,7.21,90.14,0.7482,-0.0068,-0.6635,7,90.4,0,0,0,0,0,0,3,0,0,0,69,0,0,0,90.4,1,0,0,0,0,3,0,0,0,11.5,-7.947,0,0,0,0,0,0,VALID,0,0,0,0,0,1,0,0,0,0,0,0,0,0,0,0,0,0,0,0,413.04,1242.08,2,0,0.105,0.105,2050,9.52,0.105,0.105,23.24,FLYING,X10-F,0:/Integrated Flight Computer/aircraft/x10_f_cfg.ks (inferred preloaded)
154.82,CRUISE,,197.66,80,-117.66,1502.51,-0.42,9.16,13.86,243.78,47.818,0.313,0,20,1,0.6,4.5,0.75,0.35,0.0168,0.4,0,23.741,0,-2.354,0,277.23,0,0,0,-0.12,0,0,7.2,90.14,0.7482,-0.0068,-0.6635,7,90.4,0,0,0,0,0,0,3,0,0,0,69,0,0,0,90.4,1,0,0,0,0,3,0,0,0,11.5,-7.947,0,0,0,0,0,0,VALID,0,0,0,0,0,1,0,0,0,0,0,0,0,0,0,0,0,0,0,0,410.88,1242.89,2,0,0.105,0.105,2053,9.52,0.105,0.105,23.56,FLYING,X10-F,0:/Integrated Flight Computer/aircraft/x10_f_cfg.ks (inferred preloaded)
155.13,CRUISE,,197.81,80,-117.81,1502.37,-0.42,9.15,13.86,244.68,47.839,0.3117,0,20,1,0.6,4.5,0.75,0.35,0.0168,0.4,0,23.719,0,-2.202,0,277.31,0,0,0,-0.12,0,0,7.2,90.14,0.7482,-0.0068,-0.6635,7,90.4,0,0,0,0,0,0,3,0,0,0,69,0,0,0,90.4,1,0,0,0,0,3,0,0,0,11.5,-7.947,0,0,0,0,0,0,VALID,0,0,0,0,0,1,0,0,0,0,0,0,0,0,0,0,0,0,0,0,408.79,1243.67,2,0,0.105,0.105,2056,9.52,0.105,0.105,23.87,FLYING,X10-F,0:/Integrated Flight Computer/aircraft/x10_f_cfg.ks (inferred preloaded)
155.45,CRUISE,,197.96,80,-117.96,1502.24,-0.41,9.15,13.86,245.59,47.86,0.3104,0,20,1,0.6,4.5,0.75,0.35,0.0168,0.4,0,23.698,0,-2.057,0,277.4,0,0,0,-0.12,0,0,7.19,90.14,0.7482,-0.0068,-0.6635,7,90.4,0,0,0,0,0,0,3,0,0,0,69,0,0,0,90.4,1,0,0,0,0,3,0,0,0,11.5,-7.947,0,0,0,0,0,0,VALID,0,0,0,0,0,1,0,0,0,0,0,0,0,0,0,0,0,0,0,0,406.77,1244.41,2,0,0.105,0.105,2059,9.52,0.105,0.105,24.19,FLYING,X10-F,0:/Integrated Flight Computer/aircraft/x10_f_cfg.ks (inferred preloaded)
155.76,CRUISE,,198.09,80,-118.09,1502.11,-0.4,9.14,13.85,246.49,47.885,0.3099,0,20,1,0.6,4.5,0.75,0.35,0.0168,0.4,0,23.679,0,-1.921,0,277.48,0,0,0,-0.12,0,0,7.19,90.14,0.7482,-0.0068,-0.6635,7,90.4,0,0,0,0,0,0,3,0,0,0,69,0,0,0,90.4,1,0,0,0,0,3,0,0,0,11.5,-7.947,0,0,0,0,0,0,VALID,0,0,0,0,0,1,0,0,0,0,0,0,0,0,0,0,0,0,0,0,404.82,1245.11,2,0,0.105,0.105,2062,9.52,0.105,0.105,24.5,FLYING,X10-F,0:/Integrated Flight Computer/aircraft/x10_f_cfg.ks (inferred preloaded)
156.08,CRUISE,,198.22,80,-118.22,1501.98,-0.4,9.13,13.84,247.38,47.891,0.3095,0,20,1,0.6,4.5,0.75,0.35,0.0168,0.4,0,23.66,0,-1.792,0,277.56,0,0,0,-0.12,0,0,7.18,90.14,0.7482,-0.0068,-0.6635,7,90.4,0,0,0,0,0,0,3,0,0,0,69,0,0,0,90.4,1,0,0,0,0,3,0,0,0,11.5,-7.947,0,0,0,0,0,0,VALID,0,0,0,0,0,1,0,0,0,0,0,0,0,0,0,0,0,0,0,0,403.04,1245.77,2,0,0.105,0.105,2065,9.52,0.105,0.105,24.82,FLYING,X10-F,0:/Integrated Flight Computer/aircraft/x10_f_cfg.ks (inferred preloaded)
156.39,CRUISE,,198.35,80,-118.35,1501.86,-0.4,9.14,13.85,248.29,47.912,0.3079,0,20,1,0.6,4.5,0.75,0.35,0.0168,0.4,0,23.642,0,-1.668,0,277.64,0,0,0,-0.12,0,0,7.18,90.14,0.7482,-0.0068,-0.6635,7,90.4,0,0,0,0,0,0,3,0,0,0,69,0,0,0,90.4,1,0,0,0,0,3,0,0,0,11.5,-7.947,0,0,0,0,0,0,VALID,0,0,0,0,0,1,0,0,0,0,0,0,0,0,0,0,0,0,0,0,401.36,1246.4,2,0,0.105,0.105,2068,9.52,0.105,0.105,25.13,FLYING,X10-F,0:/Integrated Flight Computer/aircraft/x10_f_cfg.ks (inferred preloaded)
156.71,CRUISE,,198.46,80,-118.46,1501.73,-0.39,9.13,13.85,249.2,47.942,0.3079,0,20,1,0.6,4.5,0.75,0.35,0.0168,0.4,0,23.625,0,-1.552,0,277.72,0,0,0,-0.11,0,0,7.17,90.14,0.7482,-0.0068,-0.6635,7,90.4,0,0,0,0,0,0,3,0,0,0,69,0,0,0,90.4,1,0,0,0,0,3,0,0,0,11.5,-7.947,0,0,0,0,0,0,VALID,0,0,0,0,0,1,0,0,0,0,0,0,0,0,0,0,0,0,0,0,399.69,1247,2,0,0.105,0.105,2071,9.52,0.105,0.105,25.45,FLYING,X10-F,0:/Integrated Flight Computer/aircraft/x10_f_cfg.ks (inferred preloaded)
157.02,CRUISE,,198.57,80,-118.57,1501.61,-0.38,9.12,13.84,250.1,47.968,0.3077,0,20,1,0.6,4.5,0.75,0.35,0.0168,0.4,0,23.609,0,-1.443,0,277.8,0,0,0,-0.11,0,0,7.17,90.14,0.7482,-0.0068,-0.6635,7,90.4,0,0,0,0,0,0,3,0,0,0,69,0,0,0,90.4,1,0,0,0,0,3,0,0,0,11.5,-7.947,0,0,0,0,0,0,VALID,0,0,0,0,0,1,0,0,0,0,0,0,0,0,0,0,0,0,0,0,398.22,1247.56,2,0,0.105,0.105,2074,9.52,0.105,0.105,25.76,FLYING,X10-F,0:/Integrated Flight Computer/aircraft/x10_f_cfg.ks (inferred preloaded)
157.34,CRUISE,,198.67,80,-118.67,1501.49,-0.38,9.12,13.84,251.01,47.99,0.3071,0,20,1,0.6,4.5,0.75,0.35,0.0168,0.4,0,23.594,0,-1.338,0,277.87,0,0,0,-0.11,0,0,7.16,90.14,0.7482,-0.0068,-0.6635,7,90.4,0,0,0,0,0,0,3,0,0,0,69,0,0,0,90.4,1,0,0,0,0,3,0,0,0,11.5,-7.947,0,0,0,0,0,0,VALID,0,0,0,0,0,1,0,0,0,0,0,0,0,0,0,0,0,0,0,0,396.86,1248.1,2,0,0.105,0.105,2077,9.52,0.105,0.105,26.08,FLYING,X10-F,0:/Integrated Flight Computer/aircraft/x10_f_cfg.ks (inferred preloaded)
157.65,CRUISE,,198.77,80,-118.77,1501.37,-0.37,9.12,13.84,251.91,48.009,0.307,0,20,1,0.6,4.5,0.75,0.35,0.0168,0.4,0,23.58,0,-1.24,0,277.95,0,0,0,-0.11,0,0,7.15,90.14,0.7482,-0.0068,-0.6635,7,90.4,0,0,0,0,0,0,3,0,0,0,69,0,0,0,90.4,1,0,0,0,0,3,0,0,0,11.5,-7.947,0,0,0,0,0,0,VALID,0,0,0,0,0,1,0,0,0,0,0,0,0,0,0,0,0,0,0,0,395.6,1248.6,2,0,0.105,0.105,2080,9.52,0.105,0.105,26.39,FLYING,X10-F,0:/Integrated Flight Computer/aircraft/x10_f_cfg.ks (inferred preloaded)
157.97,CRUISE,,198.86,80,-118.86,1501.25,-0.36,9.12,13.84,252.81,48.029,0.3064,0,20,1,0.6,4.5,0.75,0.35,0.0168,0.4,0,23.566,0,-1.147,0,278.02,0,0,0,-0.1,0,0,7.15,90.14,0.7482,-0.0068,-0.6635,7,90.4,0,0,0,0,0,0,3,0,0,0,69,0,0,0,90.4,1,0,0,0,0,3,0,0,0,11.5,-7.947,0,0,0,0,0,0,VALID,0,0,0,0,0,1,0,0,0,0,0,0,0,0,0,0,0,0,0,0,394.44,1249.08,2,0,0.105,0.105,2083,9.52,0.105,0.105,26.71,FLYING,X10-F,0:/Integrated Flight Computer/aircraft/x10_f_cfg.ks (inferred preloaded)
158.28,CRUISE,,198.95,80,-118.95,1501.14,-0.35,9.11,13.84,253.72,48.051,0.3056,0,20,1,0.6,4.5,0.75,0.35,0.0168,0.4,0,23.553,0,-1.058,0,278.09,0,0,0,-0.1,0,0,7.14,90.14,0.7482,-0.0068,-0.6635,7,90.4,0,0,0,0,0,0,3,0,0,0,69,0,0,0,90.4,1,0,0,0,0,3,0,0,0,11.5,-7.947,0,0,0,0,0,0,VALID,0,0,0,0,0,1,0,0,0,0,0,0,0,0,0,0,0,0,0,0,393.32,1249.54,2,0,0.105,0.105,2086,9.52,0.105,0.105,27.02,FLYING,X10-F,0:/Integrated Flight Computer/aircraft/x10_f_cfg.ks (inferred preloaded)
158.6,CRUISE,,199.04,80,-119.04,1501.03,-0.35,9.11,13.83,254.62,48.064,0.3051,0,20,1,0.6,4.5,0.75,0.35,0.0168,0.4,0,23.541,0,-0.973,0,278.17,0,0,0,-0.1,0,0,7.14,90.14,0.7482,-0.0068,-0.6635,7,90.4,0,0,0,0,0,0,3,0,0,0,69,0,0,0,90.4,1,0,0,0,0,3,0,0,0,11.5,-7.947,0,0,0,0,0,0,VALID,0,0,0,0,0,1,0,0,0,0,0,0,0,0,0,0,0,0,0,0,392.24,1249.98,2,0,0.105,0.105,2089,9.52,0.105,0.105,27.34,FLYING,X10-F,0:/Integrated Flight Computer/aircraft/x10_f_cfg.ks (inferred preloaded)
158.91,CRUISE,,199.12,80,-119.12,1500.92,-0.35,9.1,13.83,255.53,48.075,0.304,0,20,1,0.6,4.5,0.75,0.35,0.0168,0.4,0,23.529,0,-0.893,0,278.24,0,0,0,-0.1,0,0,7.13,90.14,0.7482,-0.0068,-0.6635,7,90.4,0,0,0,0,0,0,3,0,0,0,69,0,0,0,90.4,1,0,0,0,0,3,0,0,0,11.5,-7.947,0,0,0,0,0,0,VALID,0,0,0,0,0,1,0,0,0,0,0,0,0,0,0,0,0,0,0,0,391.2,1250.4,2,0,0.105,0.105,2092,9.52,0.105,0.105,27.65,FLYING,X10-F,0:/Integrated Flight Computer/aircraft/x10_f_cfg.ks (inferred preloaded)
159.23,CRUISE,,199.19,80,-119.19,1500.81,-0.34,9.1,13.83,256.43,48.089,0.303,0,20,1,0.6,4.5,0.75,0.35,0.0168,0.4,0,23.518,0,-0.815,0,278.3,0,0,0,-0.1,0,0,7.12,90.14,0.7482,-0.0068,-0.6635,7,90.4,0,0,0,0,0,0,3,0,0,0,69,0,0,0,90.4,1,0,0,0,0,3,0,0,0,11.5,-7.947,0,0,0,0,0,0,VALID,0,0,0,0,0,1,0,0,0,0,0,0,0,0,0,0,0,0,0,0,390.12,1250.79,2,0,0.105,0.105,2095,9.52,0.105,0.105,27.97,FLYING,X10-F,0:/Integrated Flight Computer/aircraft/x10_f_cfg.ks (inferred preloaded)
159.54,CRUISE,,199.26,80,-119.26,1500.71,-0.32,9.1,13.82,257.34,48.102,0.3029,0,20,1,0.6,4.5,0.75,0.35,0.0168,0.4,0,23.508,0,-0.743,0,278.37,0,0,0,-0.1,0,0,7.12,90.14,0.7482,-0.0068,-0.6635,7,90.4,0,0,0,0,0,0,3,0,0,0,69,0,0,0,90.4,1,0,0,0,0,3,0,0,0,11.5,-7.947,0,0,0,0,0,0,VALID,0,0,0,0,0,1,0,0,0,0,0,0,0,0,0,0,0,0,0,0,389.07,1251.17,2,0,0.105,0.105,2098,9.52,0.105,0.105,28.28,FLYING,X10-F,0:/Integrated Flight Computer/aircraft/x10_f_cfg.ks (inferred preloaded)
159.86,CRUISE,,199.33,80,-119.33,1500.6,-0.33,9.1,13.81,258.24,48.107,0.3025,0,20,1,0.6,4.5,0.75,0.35,0.0168,0.4,0,23.498,0,-0.675,0,278.44,0,0,0,-0.09,0,0,7.11,90.14,0.7482,-0.0068,-0.6635,7,90.4,0,0,0,0,0,0,3,0,0,0,69,0,0,0,90.4,1,0,0,0,0,3,0,0,0,11.5,-7.947,0,0,0,0,0,0,VALID,0,0,0,0,0,1,0,0,0,0,0,0,0,0,0,0,0,0,0,0,388.11,1251.52,2,0,0.105,0.105,2101,9.52,0.105,0.105,28.6,FLYING,X10-F,0:/Integrated Flight Computer/aircraft/x10_f_cfg.ks (inferred preloaded)
160.17,CRUISE,,199.4,80,-119.4,1500.5,-0.31,9.1,13.82,259.15,48.115,0.3016,0,20,1,0.6,4.5,0.75,0.35,0.0168,0.4,0,23.488,0,-0.609,0,278.5,0,0,0,-0.09,0,0,7.11,90.14,0.7482,-0.0068,-0.6635,7,90.4,0,0,0,0,0,0,3,0,0,0,69,0,0,0,90.4,1,0,0,0,0,3,0,0,0,11.5,-7.947,0,0,0,0,0,0,VALID,0,0,0,0,0,1,0,0,0,0,0,0,0,0,0,0,0,0,0,0,387.18,1251.86,2,0,0.105,0.105,2104,9.52,0.105,0.105,28.91,FLYING,X10-F,0:/Integrated Flight Computer/aircraft/x10_f_cfg.ks (inferred preloaded)
160.49,CRUISE,,199.46,80,-119.46,1500.4,-0.3,9.1,13.82,260.05,48.13,0.3016,0,20,1,0.6,4.5,0.75,0.35,0.0168,0.4,0,23.479,0,-0.547,0,278.56,0,0,0,-0.09,0,0,7.1,90.14,0.7482,-0.0068,-0.6635,7,90.4,0,0,0,0,0,0,3,0,0,0,69,0,0,0,90.4,1,0,0,0,0,3,0,0,0,11.5,-7.947,0,0,0,0,0,0,VALID,0,0,0,0,0,1,0,0,0,0,0,0,0,0,0,0,0,0,0,0,386.27,1252.18,2,0,0.105,0.105,2107,9.52,0.105,0.105,29.23,FLYING,X10-F,0:/Integrated Flight Computer/aircraft/x10_f_cfg.ks (inferred preloaded)
160.8,CRUISE,,199.52,80,-119.52,1500.31,-0.3,9.09,13.81,260.95,48.135,0.3015,0,20,1,0.6,4.5,0.75,0.35,0.0168,0.4,0,23.471,0,-0.489,0,278.62,0,0,0,-0.09,0,0,7.09,90.14,0.7482,-0.0068,-0.6635,7,90.4,0,0,0,0,0,0,3,0,0,0,69,0,0,0,90.4,1,0,0,0,0,3,0,0,0,11.5,-7.947,0,0,0,0,0,0,VALID,0,0,0,0,0,1,0,0,0,0,0,0,0,0,0,0,0,0,0,0,385.45,1252.49,2,0,0.105,0.105,2110,9.52,0.105,0.105,29.54,FLYING,X10-F,0:/Integrated Flight Computer/aircraft/x10_f_cfg.ks (inferred preloaded)
161.12,CRUISE,,199.57,80,-119.57,1500.22,-0.29,9.1,13.82,261.86,48.148,0.3014,0,20,1,0.6,4.5,0.75,0.35,0.0168,0.4,0,23.463,0,-0.434,0,278.68,0,0,0,-0.08,0,0,7.09,90.14,0.7482,-0.0068,-0.6635,7,90.4,0,0,0,0,0,0,3,0,0,0,69,0,0,0,90.4,1,0,0,0,0,3,0,0,0,11.5,-7.947,0,0,0,0,0,0,VALID,0,0,0,0,0,1,0,0,0,0,0,0,0,0,0,0,0,0,0,0,384.72,1252.77,2,0,0.105,0.105,2113,9.52,0.105,0.105,29.86,FLYING,X10-F,0:/Integrated Flight Computer/aircraft/x10_f_cfg.ks (inferred preloaded)
161.43,CRUISE,,199.62,80,-119.62,1500.13,-0.28,9.1,13.82,262.77,48.165,0.3015,0,20,1,0.6,4.5,0.75,0.35,0.0168,0.4,0,23.455,0,-0.382,0,278.74,0,0,0,-0.08,0,0,7.08,90.14,0.7482,-0.0068,-0.6635,7,90.4,0,0,0,0,0,0,3,0,0,0,69,0,0,0,90.4,1,0,0,0,0,3,0,0,0,11.5,-7.947,0,0,0,0,0,0,VALID,0,0,0,0,0,1,0,0,0,0,0,0,0,0,0,0,0,0,0,0,384.04,1253.04,2,0,0.105,0.105,2116,9.52,0.105,0.105,30.17,FLYING,X10-F,0:/Integrated Flight Computer/aircraft/x10_f_cfg.ks (inferred preloaded)
161.75,CRUISE,,199.67,80,-119.67,1500.04,-0.28,9.09,13.81,263.68,48.172,0.3018,0,20,1,0.6,4.5,0.75,0.35,0.0168,0.4,0,23.448,0,-0.334,0,278.8,0,0,0,-0.08,0,0,7.08,90.14,0.7482,-0.0068,-0.6635,7,90.4,0,0,0,0,0,0,3,0,0,0,69,0,0,0,90.4,1,0,0,0,0,3,0,0,0,11.5,-7.947,0,0,0,0,0,0,VALID,0,0,0,0,0,1,0,0,0,0,0,0,0,0,0,0,0,0,0,0,383.48,1253.29,2,0,0.105,0.105,2119,9.52,0.105,0.105,30.49,FLYING,X10-F,0:/Integrated Flight Computer/aircraft/x10_f_cfg.ks (inferred preloaded)
162.06,CRUISE,,199.72,80,-119.72,1499.95,-0.25,9.07,13.77,264.56,48.21,0.3019,0,20,1,0.6,4.5,0.75,0.35,0.0168,0.4,0,23.442,0,-0.288,0,278.85,0,0,0,-0.07,0,0,7.07,90.14,0.7482,-0.0068,-0.6635,7,90.4,0,0,0,0,0,0,3,0,0,0,69,0,0,0,90.4,1,0,0,0,0,3,0,0,0,11.5,-7.947,0,0,0,0,0,0,VALID,0,0,0,0,0,1,0,0,0,0,0,0,0,0,0,0,0,0,0,0,382.97,1253.53,2,0,0.105,0.105,2122,9.52,0.105,0.105,30.8,FLYING,X10-F,0:/Integrated Flight Computer/aircraft/x10_f_cfg.ks (inferred preloaded)
162.38,CRUISE,,199.76,80,-119.76,1499.85,-0.25,9.01,13.69,265.42,48.253,0.3042,0,20,1,0.6,4.5,0.75,0.35,0.0168,0.4,0,23.436,0,-0.248,0,278.91,0,0,0,-0.07,0,0,7.06,90.14,0.7482,-0.0068,-0.6635,7,90.4,0,0,0,0,0,0,3,0,0,0,69,0,0,0,90.4,1,0,0,0,0,3,0,0,0,11.5,-7.947,0,0,0,0,0,0,VALID,0,0,0,0,0,1,0,0,0,0,0,0,0,0,0,0,0,0,0,0,382.62,1253.74,2,0,0.105,0.105,2125,9.52,0.105,0.105,31.12,FLYING,X10-F,0:/Integrated Flight Computer/aircraft/x10_f_cfg.ks (inferred preloaded)
162.69,CRUISE,,199.82,80,-119.82,1499.75,-0.31,8.98,13.66,266.28,48.191,0.2936,0,20,1,0.6,4.5,0.75,0.35,0.0168,0.4,0,23.428,0,-0.193,0,278.96,0,0,0,-0.09,0,0,7.06,90.14,0.7482,-0.0068,-0.6635,7,90.4,0,0,0,0,0,0,3,0,0,0,69,0,0,0,90.4,1,0,0,0,0,3,0,0,0,11.5,-7.947,0,0,0,0,0,0,VALID,0,0,0,0,0,1,0,0,0,0,0,0,0,0,0,0,0,0,0,0,382.36,1254.04,2,0,0.105,0.105,2128,9.52,0.105,0.105,31.43,FLYING,X10-F,0:/Integrated Flight Computer/aircraft/x10_f_cfg.ks (inferred preloaded)
163.01,CRUISE,,199.88,80,-119.88,1499.66,-0.32,9.01,13.69,267.19,48.156,0.2789,0,20,1,0.6,4.5,0.75,0.35,0.0168,0.4,0,23.418,0,-0.124,0,279.01,0,0,0,-0.09,0,0,7.05,90.14,0.7482,-0.0068,-0.6635,7,90.4,0,0,0,0,0,0,3,0,0,0,69,0,0,0,90.4,1,0,0,0,0,3,0,0,0,11.5,-7.947,0,0,0,0,0,0,VALID,0,0,0,0,0,1,0,0,0,0,0,0,0,0,0,0,0,0,0,0,380.47,1254.4,2,0,0.105,0.105,2131,9.52,0.105,0.105,31.75,FLYING,X10-F,0:/Integrated Flight Computer/aircraft/x10_f_cfg.ks (inferred preloaded)
163.32,CRUISE,,199.94,80,-119.94,1499.56,-0.32,9.02,13.71,268.1,48.152,0.2769,0,20,1,0.6,4.5,0.75,0.35,0.0168,0.4,0,23.41,0,-0.067,0,279.05,0,0,0,-0.09,0,0,7.04,90.14,0.7482,-0.0068,-0.6635,7,90.4,0,0,0,0,0,0,3,0,0,0,69,0,0,0,90.4,1,0,0,0,0,3,0,0,0,11.5,-7.947,0,0,0,0,0,0,VALID,0,0,0,0,0,1,0,0,0,0,0,0,0,0,0,0,0,0,0,0,377.22,1254.68,2,0,0.105,0.105,2134,9.52,0.105,0.105,32.06,FLYING,X10-F,0:/Integrated Flight Computer/aircraft/x10_f_cfg.ks (inferred preloaded)
163.64,CRUISE,,199.98,80,-119.98,1499.46,-0.33,9.02,13.71,269,48.145,0.2822,0,20,1,0.6,4.5,0.75,0.35,0.0168,0.4,0,23.404,0,-0.025,0,279.1,0,0,0,-0.1,0,0,7.04,90.14,0.7482,-0.0068,-0.6635,7,90.4,0,0,0,0,0,0,3,0,0,0,69,0,0,0,90.4,1,0,0,0,0,3,0,0,0,11.5,-7.947,0,0,0,0,0,0,VALID,0,0,0,0,0,1,0,0,0,0,0,0,0,0,0,0,0,0,0,0,374.31,1254.9,2,0,0.105,0.105,2137,9.52,0.105,0.105,32.38,FLYING,X10-F,0:/Integrated Flight Computer/aircraft/x10_f_cfg.ks (inferred preloaded)
163.95,CRUISE,,200.01,80,-120.01,1499.35,-0.35,9.02,13.72,269.91,48.127,0.2898,0,19.999,1,0.6,4.5,0.75,0.35,0.0168,0.4,0,23.399,0,0.007,0,279.15,0,0,0,-0.1,0,0,7.03,90.14,0.7482,-0.0068,-0.6635,7,90.4,0,0,0,0,0,0,3,0,0,0,69,0,0,0,90.4,1,0,0,0,0,3,0,0,0,11.5,-7.947,0,0,0,0,0,0,VALID,0,0,0,0,0,1,0,0,0,0,0,0,0,0,0,0,0,0,0,0,372.46,1255.07,2,0,0.105,0.105,2140,9.52,0.105,0.105,32.69,FLYING,X10-F,0:/Integrated Flight Computer/aircraft/x10_f_cfg.ks (inferred preloaded)
164.27,CRUISE,,200.03,80,-120.03,1499.24,-0.34,9.03,13.73,270.81,48.113,0.2976,0,19.992,1,0.6,4.5,0.75,0.35,0.0168,0.4,0,23.395,0,0.031,0,279.19,0,0,0,-0.1,0,0,7.03,90.14,0.7482,-0.0068,-0.6635,7,90.4,0,0,0,0,0,0,3,0,0,0,69,0,0,0,90.4,1,0,0,0,0,3,0,0,0,11.5,-7.947,0,0,0,0,0,0,VALID,0,0,0,0,0,1,0,0,0,0,0,0,0,0,0,0,0,0,0,0,371.83,1255.19,2,0,0.105,0.105,2143,9.52,0.105,0.105,33.01,FLYING,X10-F,0:/Integrated Flight Computer/aircraft/x10_f_cfg.ks (inferred preloaded)
164.58,CRUISE,,200.05,80,-120.05,1499.13,-0.35,9.04,13.73,271.71,48.091,0.303,0,19.978,1,0.6,4.5,0.75,0.35,0.0168,0.4,0,23.393,0,0.051,0,279.23,0,0,0,-0.1,0,0,7.02,90.14,0.7482,-0.0068,-0.6635,7,90.4,0,0,0,0,0,0,3,0,0,0,69,0,0,0,90.4,1,0,0,0,0,3,0,0,0,11.5,-7.947,0,0,0,0,0,0,VALID,0,0,0,0,0,1,0,0,0,0,0,0,0,0,0,0,0,0,0,0,372.07,1255.3,2,0,0.105,0.105,2146,9.52,0.105,0.105,33.32,FLYING,X10-F,0:/Integrated Flight Computer/aircraft/x10_f_cfg.ks (inferred preloaded)
164.9,CRUISE,,200.07,80,-120.07,1499.02,-0.35,9.04,13.74,272.61,48.073,0.3052,0,19.958,1,0.6,4.5,0.75,0.35,0.0168,0.4,0,23.39,0,0.07,0,279.27,0,0,0,-0.1,0,0,7.01,90.14,0.7482,-0.0068,-0.6635,7,90.4,0,0,0,0,0,0,3,0,0,0,69,0,0,0,90.4,1,0,0,0,0,3,0,0,0,11.5,-7.947,0,0,0,0,0,0,VALID,0,0,0,0,0,1,0,0,0,0,0,0,0,0,0,0,0,0,0,0,372.65,1255.4,2,0,0.105,0.105,2149,9.52,0.105,0.105,33.64,FLYING,X10-F,0:/Integrated Flight Computer/aircraft/x10_f_cfg.ks (inferred preloaded)
165.21,CRUISE,,200.09,80,-120.09,1498.92,-0.35,9.05,13.74,273.51,48.045,0.3052,0,19.932,1,0.6,4.5,0.75,0.35,0.0168,0.4,0,23.387,0,0.089,0,279.31,0,0,0,-0.1,0,0,7.01,90.14,0.7482,-0.0068,-0.6635,7,90.4,0,0,0,0,0,0,3,0,0,0,69,0,0,0,90.4,1,0,0,0,0,3,0,0,0,11.5,-7.947,0,0,0,0,0,0,VALID,0,0,0,0,0,1,0,0,0,0,0,0,0,0,0,0,0,0,0,0,373.33,1255.51,2,0,0.105,0.105,2152,9.52,0.105,0.105,33.95,FLYING,X10-F,0:/Integrated Flight Computer/aircraft/x10_f_cfg.ks (inferred preloaded)
165.53,CRUISE,,200.11,80,-120.11,1498.81,-0.33,9.06,13.75,274.41,48.023,0.3029,0,19.899,1,0.6,4.5,0.75,0.35,0.0168,0.4,0,23.384,0,0.111,0,279.34,0,0,0,-0.1,0,0,7,90.14,0.7482,-0.0068,-0.6635,7,90.4,0,0,0,0,0,0,3,0,0,0,69,0,0,0,90.4,1,0,0,0,0,3,0,0,0,11.5,-7.947,0,0,0,0,0,0,VALID,0,0,0,0,0,1,0,0,0,0,0,0,0,0,0,0,0,0,0,0,373.93,1255.63,2,0,0.105,0.105,2155,9.52,0.105,0.105,34.27,FLYING,X10-F,0:/Integrated Flight Computer/aircraft/x10_f_cfg.ks (inferred preloaded)
165.84,CRUISE,,200.13,80,-120.13,1498.71,-0.32,9.07,13.75,275.32,47.994,0.3004,0,19.86,1,0.6,4.5,0.75,0.35,0.0168,0.4,0,23.381,0,0.132,0,279.38,0,0,0,-0.09,0,0,6.99,90.14,0.7482,-0.0068,-0.6635,7,90.4,0,0,0,0,0,0,3,0,0,0,69,0,0,0,90.4,1,0,0,0,0,3,0,0,0,11.5,-7.947,0,0,0,0,0,0,VALID,0,0,0,0,0,1,0,0,0,0,0,0,0,0,0,0,0,0,0,0,374.31,1255.75,2,0,0.105,0.105,2158,9.52,0.105,0.105,34.58,FLYING,X10-F,0:/Integrated Flight Computer/aircraft/x10_f_cfg.ks (inferred preloaded)
166.16,CRUISE,,200.16,80,-120.16,1498.61,-0.31,9.09,13.76,276.21,47.964,0.2981,0,19.813,1,0.6,4.5,0.75,0.35,0.0168,0.4,0,23.378,0,0.154,0,279.41,0,0,0,-0.09,0,0,6.99,90.14,0.7482,-0.0068,-0.6635,7,90.4,0,0,0,0,0,0,3,0,0,0,69,0,0,0,90.4,1,0,0,0,0,3,0,0,0,11.5,-7.947,0,0,0,0,0,0,VALID,0,0,0,0,0,1,0,0,0,0,0,0,0,0,0,0,0,0,0,0,374.49,1255.86,2,0,0.105,0.105,2161,9.52,0.105,0.105,34.9,FLYING,X10-F,0:/Integrated Flight Computer/aircraft/x10_f_cfg.ks (inferred preloaded)
166.47,CRUISE,,200.18,80,-120.18,1498.52,-0.29,9.1,13.76,277.11,47.929,0.2954,0,19.76,1,0.6,4.5,0.75,0.35,0.0168,0.4,0,23.374,0,0.176,0,279.44,0,0,0,-0.08,0,0,6.98,90.14,0.7482,-0.0068,-0.6635,7,90.4,0,0,0,0,0,0,3,0,0,0,69,0,0,0,90.4,1,0,0,0,0,3,0,0,0,11.5,-7.947,0,0,0,0,0,0,VALID,0,0,0,0,0,1,0,0,0,0,0,0,0,0,0,0,0,0,0,0,374.42,1255.98,2,0,0.105,0.105,2164,9.52,0.105,0.105,35.21,FLYING,X10-F,0:/Integrated Flight Computer/aircraft/x10_f_cfg.ks (inferred preloaded)
166.79,CRUISE,,200.2,80,-120.2,1498.44,-0.27,9.12,13.77,278.02,47.892,0.2933,0,19.7,1,0.6,4.5,0.75,0.35,0.0168,0.4,0,23.371,0,0.197,0,279.47,0,0,0,-0.08,0,0,6.97,90.14,0.7482,-0.0068,-0.6635,7,90.4,0,0,0,0,0,0,3,0,0,0,69,0,0,0,90.4,1,0,0,0,0,3,0,0,0,11.5,-7.947,0,0,0,0,0,0,VALID,0,0,0,0,0,1,0,0,0,0,0,0,0,0,0,0,0,0,0,0,374.02,1256.1,2,0,0.105,0.105,2167,9.52,0.105,0.105,35.53,FLYING,X10-F,0:/Integrated Flight Computer/aircraft/x10_f_cfg.ks (inferred preloaded)
167.1,CRUISE,,200.22,80,-120.22,1498.36,-0.24,9.13,13.78,278.91,47.855,0.2932,0,19.634,1,0.6,4.5,0.75,0.35,0.0168,0.4,0,23.369,0,0.215,0,279.49,0,0,0,-0.07,0,0,6.97,90.14,0.7482,-0.0068,-0.6635,7,90.4,0,0,0,0,0,0,3,0,0,0,69,0,0,0,90.4,1,0,0,0,0,3,0,0,0,11.5,-7.947,0,0,0,0,0,0,VALID,0,0,0,0,0,1,0,0,0,0,0,0,0,0,0,0,0,0,0,0,373.46,1256.19,2,0,0.105,0.105,2170,9.52,0.105,0.105,35.84,FLYING,X10-F,0:/Integrated Flight Computer/aircraft/x10_f_cfg.ks (inferred preloaded)
167.42,CRUISE,,200.23,80,-120.23,1498.3,-0.21,9.15,13.78,279.81,47.813,0.2938,0,19.564,1,0.6,4.5,0.75,0.35,0.0168,0.4,0,23.367,0,0.229,0,279.52,0,0,0,-0.06,0,0,6.96,90.14,0.7482,-0.0068,-0.6635,7,90.4,0,0,0,0,0,0,3,0,0,0,69,0,0,0,90.4,1,0,0,0,0,3,0,0,0,11.5,-7.947,0,0,0,0,0,0,VALID,0,0,0,0,0,1,0,0,0,0,0,0,0,0,0,0,0,0,0,0,372.96,1256.27,2,0,0.105,0.105,2173,9.52,0.105,0.105,36.16,FLYING,X10-F,0:/Integrated Flight Computer/aircraft/x10_f_cfg.ks (inferred preloaded)
167.73,CRUISE,,200.24,80,-120.24,1498.24,-0.18,9.17,13.79,280.71,47.767,0.2943,0,19.489,1,0.6,4.5,0.75,0.35,0.0168,0.4,0,23.365,0,0.242,0,279.54,0,0,0,-0.05,0,0,6.95,90.14,0.7482,-0.0068,-0.6635,7,90.4,0,0,0,0,0,0,3,0,0,0,69,0,0,0,90.4,1,0,0,0,0,3,0,0,0,11.5,-7.947,0,0,0,0,0,0,VALID,0,0,0,0,0,1,0,0,0,0,0,0,0,0,0,0,0,0,0,0,372.58,1256.33,2,0,0.105,0.105,2176,9.52,0.105,0.105,36.47,FLYING,X10-F,0:/Integrated Flight Computer/aircraft/x10_f_cfg.ks (inferred preloaded)
168.05,CRUISE,,200.25,80,-120.25,1498.2,-0.14,9.2,13.79,281.61,47.719,0.2957,0,19.411,1,0.6,4.5,0.75,0.35,0.0168,0.4,0,23.364,0,0.25,0,279.56,0,0,0,-0.04,0,0,6.95,90.14,0.7482,-0.0068,-0.6635,7,90.4,0,0,0,0,0,0,3,0,0,0,69,0,0,0,90.4,1,0,0,0,0,3,0,0,0,11.5,-7.947,0,0,0,0,0,0,VALID,0,0,0,0,0,1,0,0,0,0,0,0,0,0,0,0,0,0,0,0,372.34,1256.38,2,0,0.105,0.105,2179,9.52,0.105,0.105,36.79,FLYING,X10-F,0:/Integrated Flight Computer/aircraft/x10_f_cfg.ks (inferred preloaded)
168.36,CRUISE,,200.26,80,-120.26,1498.17,-0.1,9.22,13.8,282.51,47.67,0.2971,0,19.331,1,0.6,4.5,0.75,0.35,0.0168,0.4,0,23.363,0,0.256,0,279.58,0,0,0,-0.03,0,0,6.94,90.14,0.7482,-0.0068,-0.6635,7,90.4,0,0,0,0,0,0,3,0,0,0,69,0,0,0,90.4,1,0,0,0,0,3,0,0,0,11.5,-7.947,0,0,0,0,0,0,VALID,0,0,0,0,0,1,0,0,0,0,0,0,0,0,0,0,0,0,0,0,372.3,1256.41,2,0,0.105,0.105,2182,9.52,0.105,0.105,37.1,FLYING,X10-F,0:/Integrated Flight Computer/aircraft/x10_f_cfg.ks (inferred preloaded)
168.68,CRUISE,,200.26,80,-120.26,1498.15,-0.05,9.25,13.81,283.41,47.625,0.2982,0,19.249,1,0.6,4.5,0.75,0.35,0.0168,0.4,0,23.362,0,0.26,0,279.6,0,0,0,-0.02,0,0,6.93,90.14,0.7482,-0.0068,-0.6635,7,90.4,0,0,0,0,0,0,3,0,0,0,69,0,0,0,90.4,1,0,0,0,0,3,0,0,0,11.5,-7.947,0,0,0,0,0,0,VALID,0,0,0,0,0,1,0,0,0,0,0,0,0,0,0,0,0,0,0,0,372.39,1256.43,2,0,0.105,0.105,2185,9.52,0.105,0.105,37.42,FLYING,X10-F,0:/Integrated Flight Computer/aircraft/x10_f_cfg.ks (inferred preloaded)
168.99,CRUISE,,200.25,80,-120.25,1498.12,0.13,9.18,13.63,284.19,47.433,0.3046,0,19.168,1,0.6,4.5,0.75,0.35,0.0168,0.4,0,23.363,0,0.254,0,279.61,0,0,0,0.03,0,0,6.93,90.14,0.7482,-0.0068,-0.6635,7,90.4,0,0,0,0,0,0,3,0,0,0,69,0,0,0,90.4,1,0,0,0,0,3,0,0,0,11.5,-7.947,0,0,0,0,0,0,VALID,0,0,0,0,0,1,0,0,0,0,0,0,0,0,0,0,0,0,0,0,372.55,1256.37,2,0,0.105,0.105,2188,9.52,0.105,0.105,37.73,FLYING,X10-F,0:/Integrated Flight Computer/aircraft/x10_f_cfg.ks (inferred preloaded)
169.31,CRUISE,,200.2,80,-120.2,1497.99,0.08,8.58,12.45,284.05,44.78,0.3387,0,19.1,1,0.6,4.5,0.75,0.35,0.0168,0.4,0,23.372,0,0.196,0,279.62,0,0,0,0.03,0,0,6.92,90.14,0.7482,-0.0068,-0.6635,7,90.4,0,0,0,0,0,0,3,0,0,0,69,0,0,0,90.4,1,0,0,0,0,3,0,0,0,11.5,-7.947,0,0,0,0,0,0,VALID,0,0,0,0,0,1,0,0,0,0,0,0,0,0,0,0,0,0,0,0,373.85,1256.09,2,0,0.105,0.105,2191,9.52,0.105,0.105,38.05,FLYING,X10-F,0:/Integrated Flight Computer/aircraft/x10_f_cfg.ks (inferred preloaded)
169.62,CRUISE,,200.36,80,-120.36,1497.95,-0.32,8.46,11.79,283.87,40.38,0.2399,0,19.016,1,0.6,4.5,0.75,0.35,0.0168,0.4,0,23.351,0,0.335,0,279.63,0,0,0,-0.08,0,0,6.92,90.14,0.7482,-0.0068,-0.6635,7,90.4,0,0,0,0,0,0,3,0,0,0,69,0,0,0,90.4,1,0,0,0,0,3,0,0,0,11.5,-7.947,0,0,0,0,0,0,VALID,0,0,0,0,0,1,0,0,0,0,0,0,0,0,0,0,0,0,0,0,375.53,1256.94,2,0,0.105,0.105,2194,9.52,0.105,0.105,38.36,FLYING,X10-F,0:/Integrated Flight Computer/aircraft/x10_f_cfg.ks (inferred preloaded)
169.94,CRUISE,,200.64,80,-120.64,1498.02,-0.09,9.12,11.87,284.01,35.584,0.1139,0,18.851,1,0.6,4.5,0.75,0.35,0.0168,0.4,0,23.311,0,0.616,0,279.64,0,0,0,-0.05,0,0,6.91,90.14,0.7482,-0.0068,-0.6635,7,90.4,0,0,0,0,0,0,3,0,0,0,69,0,0,0,90.4,1,0,0,0,0,3,0,0,0,11.5,-7.947,0,0,0,0,0,0,VALID,0,0,0,0,0,1,0,0,0,0,0,0,0,0,0,0,0,0,0,0,364.32,1258.37,2,0,0.105,0.105,2197,9.52,0.105,0.105,38.68,FLYING,X10-F,0:/Integrated Flight Computer/aircraft/x10_f_cfg.ks (inferred preloaded)
170.25,CRUISE,,200.79,80,-120.79,1497.86,0.14,8.51,10.38,283.09,30.734,0.0809,0,18.622,1,0.6,4.5,0.75,0.35,0.0168,0.4,0,23.288,0,0.772,0,279.65,0,0,0,0.05,0,0,6.9,90.14,0.7482,-0.0068,-0.6635,7,90.4,0,0,0,0,0,0,3,0,0,0,69,0,0,0,90.4,1,0,0,0,0,3,0,0,0,11.5,-7.947,0,0,0,0,0,0,VALID,0,0,0,0,0,1,0,0,0,0,0,0,0,0,0,0,0,0,0,0,339.1,1259.13,2,0,0.105,0.105,2200,9.52,0.105,0.105,38.99,FLYING,X10-F,0:/Integrated Flight Computer/aircraft/x10_f_cfg.ks (inferred preloaded)
170.57,CRUISE,,201.14,80,-121.14,1497.79,-0.38,8.28,9.71,282.41,26.165,0,0,18.34,1,0.6,4.5,0.75,0.35,0.0168,0.4,0,23.242,0,1.093,0,279.66,0,0,0,-0.09,0,0,6.9,90.14,0.7482,-0.0068,-0.6635,7,90.4,0,0,0,0,0,0,3,0,0,0,69,0,0,0,90.4,1,0,0,0,0,3,0,0,0,11.5,-7.947,0,0,0,0,0,0,VALID,0,0,0,0,0,1,0,0,0,0,0,0,0,0,0,0,0,0,0,0,311.72,1260.88,2,0,0.105,0.105,2203,9.52,0.105,0.105,39.31,FLYING,X10-F,0:/Integrated Flight Computer/aircraft/x10_f_cfg.ks (inferred preloaded)
170.88,CRUISE,,201.5,80,-121.5,1497.84,-0.27,8.93,10.01,282.2,22.107,0,0,18.066,1,0.6,4.5,0.75,0.35,0.0168,0.4,0,23.187,0,1.468,0,279.66,0,0,0,-0.09,0,0,6.89,90.14,0.7482,-0.0068,-0.6635,7,90.4,0,0,0,0,0,0,3,0,0,0,69,0,0,0,90.4,1,0,0,0,0,3,0,0,0,11.5,-7.947,0,0,0,0,0,0,VALID,0,0,0,0,0,1,0,0,0,0,0,0,0,0,0,0,0,0,0,0,279.67,1262.76,2,0,0.105,0.105,2206,9.52,0.105,0.105,39.62,FLYING,X10-F,0:/Integrated Flight Computer/aircraft/x10_f_cfg.ks (inferred preloaded)
171.2,CRUISE,,201.74,80,-121.74,1497.78,-0.22,8.98,9.73,281.75,18.528,0,0,17.797,1,0.6,4.5,0.75,0.35,0.0168,0.4,0.27,23.151,0.27,1.716,1,279.66,0,0,0,-0.06,0,0,6.88,90.14,0.7482,-0.0068,-0.6635,7,90.4,0,0,0,0,0,0,3,0,0,0,69,0,0,0,90.4,1,0,0,0,0,3,0,0,0,11.5,-7.947,0,0,0,0,0,0,VALID,0,0,0,0,0,1,0,0,0,0,0,0,0,0,0,0,0,0,0,0,250.55,1263.98,2,0,0.105,0.105,2209,9.52,0.105,0.105,39.94,FLYING,X10-F,0:/Integrated Flight Computer/aircraft/x10_f_cfg.ks (inferred preloaded)
171.51,CRUISE,,201.93,80,-121.93,1497.77,-0.16,9.17,9.69,281.39,15.429,0,0,17.531,1,0.6,4.5,0.75,0.35,0.0168,0.4,0.517,23.122,0.517,1.914,1,279.67,0,0,0,-0.05,0,0,6.88,90.14,0.7482,-0.0068,-0.6635,7,90.4,0,0,0,0,0,0,3,0,0,0,69,0,0,0,90.4,1,0,0,0,0,3,0,0,0,11.5,-7.947,0,0,0,0,0,0,VALID,0,0,0,0,0,1,0,0,0,0,0,0,0,0,0,0,0,0,0,0,224.43,1264.97,2,0,0.105,0.105,2212,9.52,0.105,0.105,40.25,FLYING,X10-F,0:/Integrated Flight Computer/aircraft/x10_f_cfg.ks (inferred preloaded)
171.83,CRUISE,,202.05,80,-122.05,1497.75,-0.06,9.21,9.55,281.08,13.587,0,0,17.269,1,0.6,4.5,0.75,0.35,0.0168,0.4,0.67,23.105,0.67,2.036,1,279.67,0,0,0,-0.02,0,0,6.87,90.14,0.7482,-0.0068,-0.6635,7,90.4,0,0,0,0,0,0,3,0,0,0,69,0,0,0,90.4,1,0,0,0,0,3,0,0,0,11.5,-7.947,0,0,0,0,0,0,VALID,0,0,0,0,0,1,0,0,0,0,0,0,0,0,0,0,0,0,0,0,200.96,1265.55,2,0,0.105,0.105,2215,9.52,0.105,0.105,40.57,FLYING,X10-F,0:/Integrated Flight Computer/aircraft/x10_f_cfg.ks (inferred preloaded)
172.14,CRUISE,,202.08,80,-122.08,1497.76,0.04,9.26,9.49,280.88,11.516,0.0125,0,16.878,1,0.6,4.5,0.75,0.35,0.0168,0.4,0.728,23.098,0.728,2.083,1,279.67,0,0,0,0,0,0,6.86,90.14,0.7482,-0.0068,-0.6635,7,90.4,0,0,0,0,0,0,3,0,0,0,69,0,0,0,90.4,1,0,0,0,0,3,0,0,0,11.5,-7.947,0,0,0,0,0,0,VALID,0,0,0,0,0,1,0,0,0,0,0,0,0,0,0,0,0,0,0,0,179.9,1265.76,2,0,0.105,0.105,2218,9.52,0.105,0.105,40.88,FLYING,X10-F,0:/Integrated Flight Computer/aircraft/x10_f_cfg.ks (inferred preloaded)
172.46,CRUISE,,202.06,80,-122.06,1497.78,0.03,9.25,9.41,280.72,10.342,0.0738,0,16.225,1,0.6,4.5,0.75,0.35,0.0168,0.4,0.708,23.1,0.708,2.067,1,279.68,0,0,0,0.01,0,0,6.86,90.15,0.7482,-0.0068,-0.6635,7,90.4,0,0,0,0,0,0,3,0,0,0,69,0,0,0,90.4,1,0,0,0,0,3,0,0,0,11.5,-7.947,0,0,0,0,0,0,VALID,0,0,0,0,0,1,0,0,0,0,0,0,0,0,0,0,0,0,0,0,164.75,1265.64,2,0,0.105,0.105,2221,9.52,0.105,0.105,41.2,FLYING,X10-F,0:/Integrated Flight Computer/aircraft/x10_f_cfg.ks (inferred preloaded)
172.77,CRUISE,,201.99,80,-121.99,1497.84,0.23,9.39,9.46,280.6,8.465,0.1293,0,15.585,1,0.6,4.5,0.75,0.35,0.0168,0.4,0,23.109,0,2.004,0,279.68,0,0,0,0.06,0,0,6.85,90.15,0.7482,-0.0068,-0.6635,7,90.4,0,0,0,0,0,0,3,0,0,0,69,0,0,0,90.4,1,0,0,0,0,3,0,0,0,11.5,-7.947,0,0,0,0,0,0,VALID,0,0,0,0,0,1,0,0,0,0,0,0,0,0,0,0,0,0,0,0,158.84,1265.29,2,0,0.105,0.105,2224,9.52,0.105,0.105,41.51,FLYING,X10-F,0:/Integrated Flight Computer/aircraft/x10_f_cfg.ks (inferred preloaded)
173.09,CRUISE,,201.9,80,-121.9,1497.87,0.1,9.27,9.33,280.46,7.45,0.1764,0,14.976,1,0.6,4.5,0.75,0.35,0.0168,0.4,0,23.124,0,1.903,0,279.68,0,0,0,0.03,0,0,6.84,90.15,0.7482,-0.0068,-0.6635,7,90.4,0,0,0,0,0,0,3,0,0,0,69,0,0,0,90.4,1,0,0,0,0,3,0,0,0,11.5,-7.947,0,0,0,0,0,0,VALID,0,0,0,0,0,1,0,0,0,0,0,0,0,0,0,0,0,0,0,0,160.01,1264.78,2,0,0.105,0.105,2227,9.52,0.105,0.105,41.83,FLYING,X10-F,0:/Integrated Flight Computer/aircraft/x10_f_cfg.ks (inferred preloaded)
173.4,CRUISE,,201.83,80,-121.83,1497.93,0.26,9.31,9.3,280.36,6.006,0.1799,0,14.39,1,0.6,4.5,0.75,0.35,0.0168,0.4,0,23.134,0,1.836,0,279.68,0,0,0,0.07,0,0,6.84,90.15,0.7482,-0.0068,-0.6635,7,90.4,0,0,0,0,0,0,3,0,0,0,69,0,0,0,90.4,1,0,0,0,0,3,0,0,0,11.5,-7.947,0,0,0,0,0,0,VALID,0,0,0,0,0,1,0,0,0,0,0,0,0,0,0,0,0,0,0,0,163.83,1264.43,2,0,0.105,0.105,2230,9.52,0.105,0.105,42.14,FLYING,X10-F,0:/Integrated Flight Computer/aircraft/x10_f_cfg.ks (inferred preloaded)
173.72,CRUISE,,201.77,80,-121.77,1497.97,0.17,9.16,9.14,280.18,4.692,0.1769,0,13.826,1,0.6,4.5,0.75,0.35,0.0168,0.4,0,23.143,0,1.77,0,279.68,0,0,0,0.05,0,0,6.83,90.15,0.7482,-0.0068,-0.6635,7,90.4,0,0,0,0,0,0,3,0,0,0,69,0,0,0,90.4,1,0,0,0,0,3,0,0,0,11.5,-7.947,0,0,0,0,0,0,VALID,0,0,0,0,0,1,0,0,0,0,0,0,0,0,0,0,0,0,0,0,167.76,1264.11,2,0,0.105,0.105,2233,9.52,0.105,0.105,42.46,FLYING,X10-F,0:/Integrated Flight Computer/aircraft/x10_f_cfg.ks (inferred preloaded)
174.03,CRUISE,,201.75,80,-121.75,1498.05,0.21,9.26,9.23,280.07,3.785,0.1474,0,13.274,1,0.6,4.5,0.75,0.35,0.0168,0.4,0,23.147,0,1.748,0,279.68,0,0,0,0.06,0,0,6.82,90.15,0.7482,-0.0068,-0.6635,7,90.4,0,0,0,0,0,0,3,0,0,0,69,0,0,0,90.4,1,0,0,0,0,3,0,0,0,11.5,-7.947,0,0,0,0,0,0,VALID,0,0,0,0,0,1,0,0,0,0,0,0,0,0,0,0,0,0,0,0,170.6,1264.01,2,0,0.105,0.105,2236,9.52,0.105,0.105,42.77,FLYING,X10-F,0:/Integrated Flight Computer/aircraft/x10_f_cfg.ks (inferred preloaded)
174.35,CRUISE,,201.73,80,-121.73,1498.11,0.21,9.25,9.21,279.97,2.999,0.1242,0,12.727,1,0.6,4.5,0.75,0.35,0.0168,0.4,0,23.149,0,1.733,0,279.68,0,0,0,0.06,0,0,6.82,90.15,0.7482,-0.0068,-0.6635,7,90.4,0,0,0,0,0,0,3,0,0,0,69,0,0,0,90.4,1,0,0,0,0,3,0,0,0,11.5,-7.947,0,0,0,0,0,0,VALID,0,0,0,0,0,1,0,0,0,0,0,0,0,0,0,0,0,0,0,0,171.1,1263.93,2,0,0.105,0.105,2239,9.52,0.105,0.105,43.09,FLYING,X10-F,0:/Integrated Flight Computer/aircraft/x10_f_cfg.ks (inferred preloaded)
174.66,CRUISE,,201.73,80,-121.73,1498.18,0.2,9.25,9.21,279.88,2.353,0.104,0,12.182,1,0.6,4.5,0.75,0.35,0.0168,0.4,0,23.15,0,1.726,0,279.69,0,0,0,0.06,0,0,6.81,90.15,0.7482,-0.0068,-0.6635,7,90.4,0,0,0,0,0,0,3,0,0,0,69,0,0,0,90.4,1,0,0,0,0,3,0,0,0,11.5,-7.947,0,0,0,0,0,0,VALID,0,0,0,0,0,1,0,0,0,0,0,0,0,0,0,0,0,0,0,0,168.93,1263.89,2,0,0.105,0.105,2242,9.52,0.105,0.105,43.4,FLYING,X10-F,0:/Integrated Flight Computer/aircraft/x10_f_cfg.ks (inferred preloaded)
174.98,CRUISE,,201.71,80,-121.71,1498.24,0.2,9.26,9.21,279.82,1.845,0.0925,0,11.641,1,0.6,4.5,0.75,0.35,0.0168,0.4,0,23.151,0,1.714,0,279.69,0,0,0,0.06,0,0,6.8,90.15,0.7482,-0.0068,-0.6635,7,90.4,0,0,0,0,0,0,3,0,0,0,69,0,0,0,90.4,1,0,0,0,0,3,0,0,0,11.5,-7.947,0,0,0,0,0,0,VALID,0,0,0,0,0,1,0,0,0,0,0,0,0,0,0,0,0,0,0,0,164.57,1263.82,2,0,0.105,0.105,2245,9.52,0.105,0.105,43.72,FLYING,X10-F,0:/Integrated Flight Computer/aircraft/x10_f_cfg.ks (inferred preloaded)
175.29,CRUISE,,201.69,80,-121.69,1498.3,0.19,9.26,9.21,279.77,1.448,0.0906,0,11.105,1,0.6,4.5,0.75,0.35,0.0168,0.4,0,23.155,0,1.69,0,279.69,0,0,0,0.06,0,0,6.8,90.15,0.7482,-0.0068,-0.6635,7,90.4,0,0,0,0,0,0,3,0,0,0,69,0,0,0,90.4,1,0,0,0,0,3,0,0,0,11.5,-7.947,0,0,0,0,0,0,VALID,0,0,0,0,0,1,0,0,0,0,0,0,0,0,0,0,0,0,0,0,159.45,1263.68,2,0,0.105,0.105,2248,9.52,0.105,0.105,44.03,FLYING,X10-F,0:/Integrated Flight Computer/aircraft/x10_f_cfg.ks (inferred preloaded)
175.61,CRUISE,,201.64,80,-121.64,1498.37,0.19,9.27,9.22,279.73,1.147,0.0964,0,10.581,1,0.6,4.5,0.75,0.35,0.0168,0.4,0,23.161,0,1.649,0,279.69,0,0,0,0.05,0,0,6.79,90.15,0.7482,-0.0068,-0.6635,7,90.4,0,0,0,0,0,0,3,0,0,0,69,0,0,0,90.4,1,0,0,0,0,3,0,0,0,11.5,-7.947,0,0,0,0,0,0,VALID,0,0,0,0,0,1,0,0,0,0,0,0,0,0,0,0,0,0,0,0,154.85,1263.46,2,0,0.105,0.105,2251,9.52,0.105,0.105,44.35,FLYING,X10-F,0:/Integrated Flight Computer/aircraft/x10_f_cfg.ks (inferred preloaded)
175.92,CRUISE,,201.59,80,-121.59,1498.43,0.18,9.27,9.23,279.71,0.917,0.1061,0,10.073,1,0.6,4.5,0.75,0.35,0.0168,0.4,0,23.169,0,1.593,0,279.69,0,0,0,0.05,0,0,6.79,90.15,0.7482,-0.0068,-0.6635,7,90.4,0,0,0,0,0,0,3,0,0,0,69,0,0,0,90.4,1,0,0,0,0,3,0,0,0,11.5,-7.947,0,0,0,0,0,0,VALID,0,0,0,0,0,1,0,0,0,0,0,0,0,0,0,0,0,0,0,0,151.64,1263.16,2,0,0.105,0.105,2254,9.52,0.105,0.105,44.66,FLYING,X10-F,0:/Integrated Flight Computer/aircraft/x10_f_cfg.ks (inferred preloaded)
176.24,CRUISE,,201.52,80,-121.52,1498.48,0.17,9.28,9.23,279.69,0.744,0.1162,0,9.586,1,0.6,4.5,0.75,0.35,0.0168,0.4,0,23.179,0,1.525,0,279.69,0,0,0,0.05,0,0,6.78,90.15,0.7482,-0.0068,-0.6635,7,90.4,0,0,0,0,0,0,3,0,0,0,69,0,0,0,90.4,1,0,0,0,0,3,0,0,0,11.5,-7.947,0,0,0,0,0,0,VALID,0,0,0,0,0,1,0,0,0,0,0,0,0,0,0,0,0,0,0,0,150.07,1262.8,2,0,0.105,0.105,2257,9.52,0.105,0.105,44.98,FLYING,X10-F,0:/Integrated Flight Computer/aircraft/x10_f_cfg.ks (inferred preloaded)
176.55,CRUISE,,201.44,80,-121.44,1498.54,0.18,9.28,9.23,279.68,0.617,0.1241,0,9.121,1,0.6,4.5,0.75,0.35,0.0168,0.4,0,23.19,0,1.45,0,279.69,0,0,0,0.05,0,0,6.77,90.15,0.7482,-0.0068,-0.6635,7,90.4,0,0,0,0,0,0,3,0,0,0,69,0,0,0,90.4,1,0,0,0,0,3,0,0,0,11.5,-7.947,0,0,0,0,0,0,VALID,0,0,0,0,0,1,0,0,0,0,0,0,0,0,0,0,0,0,0,0,149.88,1262.41,2,0,0.105,0.105,2260,9.52,0.105,0.105,45.29,FLYING,X10-F,0:/Integrated Flight Computer/aircraft/x10_f_cfg.ks (inferred preloaded)
176.87,CRUISE,,201.36,80,-121.36,1498.58,0.17,9.25,9.2,279.67,0.509,0.1291,0,8.681,1,0.6,4.5,0.75,0.35,0.0168,0.4,0,23.201,0,1.372,0,279.69,0,0,0,0.05,0,0,6.77,90.15,0.7482,-0.0068,-0.6635,7,90.4,0,0,0,0,0,0,3,0,0,0,69,0,0,0,90.4,1,0,0,0,0,3,0,0,0,11.5,-7.947,0,0,0,0,0,0,VALID,0,0,0,0,0,1,0,0,0,0,0,0,0,0,0,0,0,0,0,0,150.35,1262.01,2,0,0.105,0.105,2263,9.52,0.105,0.105,45.61,FLYING,X10-F,0:/Integrated Flight Computer/aircraft/x10_f_cfg.ks (inferred preloaded)
177.18,CRUISE,,201.29,80,-121.29,1498.64,0.14,9.27,9.23,279.66,0.443,0.1282,0,8.264,1,0.6,4.5,0.75,0.35,0.0168,0.4,0,23.212,0,1.299,0,279.69,0,0,0,0.04,0,0,6.76,90.15,0.7482,-0.0068,-0.6635,7,90.4,0,0,0,0,0,0,3,0,0,0,69,0,0,0,90.4,1,0,0,0,0,3,0,0,0,11.5,-7.947,0,0,0,0,0,0,VALID,0,0,0,0,0,1,0,0,0,0,0,0,0,0,0,0,0,0,0,0,151.07,1261.64,2,0,0.105,0.105,2266,9.52,0.105,0.105,45.92,FLYING,X10-F,0:/Integrated Flight Computer/aircraft/x10_f_cfg.ks (inferred preloaded)
177.5,CRUISE,,201.22,80,-121.22,1498.69,0.14,9.3,9.26,279.66,0.396,0.1256,0,7.87,1,0.6,4.5,0.75,0.35,0.0168,0.4,0,23.222,0,1.228,0,279.69,0,0,0,0.04,0,0,6.75,90.15,0.7482,-0.0068,-0.6635,7,90.4,0,0,0,0,0,0,3,0,0,0,69,0,0,0,90.4,1,0,0,0,0,3,0,0,0,11.5,-7.947,0,0,0,0,0,0,VALID,0,0,0,0,0,1,0,0,0,0,0,0,0,0,0,0,0,0,0,0,151.63,1261.27,2,0,0.105,0.105,2269,9.52,0.105,0.105,46.24,FLYING,X10-F,0:/Integrated Flight Computer/aircraft/x10_f_cfg.ks (inferred preloaded)
177.81,CRUISE,,201.15,80,-121.15,1498.74,0.14,9.3,9.26,279.66,0.356,0.1241,0,7.498,1,0.6,4.5,0.75,0.35,0.0168,0.4,0,23.232,0,1.157,0,279.69,0,0,0,0.04,0,0,6.75,90.15,0.7482,-0.0068,-0.6635,7,90.4,0,0,0,0,0,0,3,0,0,0,69,0,0,0,90.4,1,0,0,0,0,3,0,0,0,11.5,-7.947,0,0,0,0,0,0,VALID,0,0,0,0,0,1,0,0,0,0,0,0,0,0,0,0,0,0,0,0,151.97,1260.91,2,0,0.105,0.105,2272,9.52,0.105,0.105,46.55,FLYING,X10-F,0:/Integrated Flight Computer/aircraft/x10_f_cfg.ks (inferred preloaded)
178.13,CRUISE,,201.08,80,-121.08,1498.78,0.13,9.3,9.27,279.65,0.325,0.1226,0,7.148,1,0.6,4.5,0.75,0.35,0.0168,0.4,0,23.242,0,1.087,0,279.69,0,0,0,0.04,0,0,6.74,90.15,0.7482,-0.0068,-0.6635,7,90.4,0,0,0,0,0,0,3,0,0,0,69,0,0,0,90.4,1,0,0,0,0,3,0,0,0,11.5,-7.947,0,0,0,0,0,0,VALID,0,0,0,0,0,1,0,0,0,0,0,0,0,0,0,0,0,0,0,0,152.18,1260.55,2,0,0.105,0.105,2275,9.52,0.105,0.105,46.87,FLYING,X10-F,0:/Integrated Flight Computer/aircraft/x10_f_cfg.ks (inferred preloaded)
178.44,CRUISE,,201.01,80,-121.01,1498.82,0.13,9.31,9.27,279.65,0.296,0.1213,0,6.821,1,0.6,4.5,0.75,0.35,0.0168,0.4,0,23.253,0,1.017,0,279.69,0,0,0,0.04,0,0,6.73,90.15,0.7482,-0.0068,-0.6635,7,90.4,0,0,0,0,0,0,3,0,0,0,69,0,0,0,90.4,1,0,0,0,0,3,0,0,0,11.5,-7.947,0,0,0,0,0,0,VALID,0,0,0,0,0,1,0,0,0,0,0,0,0,0,0,0,0,0,0,0,152.25,1260.19,2,0,0.105,0.105,2278,9.52,0.105,0.105,47.18,FLYING,X10-F,0:/Integrated Flight Computer/aircraft/x10_f_cfg.ks (inferred preloaded)
178.76,CRUISE,,200.94,80,-120.94,1498.86,0.12,9.31,9.28,279.65,0.277,0.1207,0,6.515,1,0.6,4.5,0.75,0.35,0.0168,0.4,0,23.263,0,0.948,0,279.69,0,0,0,0.03,0,0,6.73,90.15,0.7482,-0.0068,-0.6635,7,90.4,0,0,0,0,0,0,3,0,0,0,69,0,0,0,90.4,1,0,0,0,0,3,0,0,0,11.5,-7.947,0,0,0,0,0,0,VALID,0,0,0,0,0,1,0,0,0,0,0,0,0,0,0,0,0,0,0,0,152.19,1259.83,2,0,0.105,0.105,2281,9.52,0.105,0.105,47.5,FLYING,X10-F,0:/Integrated Flight Computer/aircraft/x10_f_cfg.ks (inferred preloaded)
179.07,CRUISE,,200.87,80,-120.87,1498.9,0.12,9.32,9.29,279.65,0.258,0.1208,0,6.231,1,0.6,4.5,0.75,0.35,0.0168,0.4,0,23.273,0,0.878,0,279.69,0,0,0,0.03,0,0,6.72,90.15,0.7482,-0.0068,-0.6635,7,90.4,0,0,0,0,0,0,3,0,0,0,69,0,0,0,90.4,1,0,0,0,0,3,0,0,0,11.5,-7.947,0,0,0,0,0,0,VALID,0,0,0,0,0,1,0,0,0,0,0,0,0,0,0,0,0,0,0,0,152.12,1259.47,2,0,0.105,0.105,2284,9.52,0.105,0.105,47.81,FLYING,X10-F,0:/Integrated Flight Computer/aircraft/x10_f_cfg.ks (inferred preloaded)
179.39,CRUISE,,200.8,80,-120.8,1498.94,0.11,9.32,9.29,279.65,0.242,0.1216,0,5.969,1,0.6,4.5,0.75,0.35,0.0168,0.4,0,23.283,0,0.808,0,279.69,0,0,0,0.03,0,0,6.71,90.15,0.7482,-0.0068,-0.6635,7,90.4,0,0,0,0,0,0,3,0,0,0,69,0,0,0,90.4,1,0,0,0,0,3,0,0,0,11.5,-7.947,0,0,0,0,0,0,VALID,0,0,0,0,0,1,0,0,0,0,0,0,0,0,0,0,0,0,0,0,152.07,1259.11,2,0,0.105,0.105,2287,9.52,0.105,0.105,48.13,FLYING,X10-F,0:/Integrated Flight Computer/aircraft/x10_f_cfg.ks (inferred preloaded)
179.7,CRUISE,,200.73,80,-120.73,1498.97,0.11,9.33,9.3,279.65,0.229,0.1229,0,5.729,1,0.6,4.5,0.75,0.35,0.0168,0.4,0,23.293,0,0.737,0,279.69,0,0,0,0.03,0,0,6.71,90.15,0.7482,-0.0068,-0.6635,7,90.4,0,0,0,0,0,0,3,0,0,0,69,0,0,0,90.4,1,0,0,0,0,3,0,0,0,11.5,-7.947,0,0,0,0,0,0,VALID,0,0,0,0,0,1,0,0,0,0,0,0,0,0,0,0,0,0,0,0,152.11,1258.75,2,0,0.105,0.105,2290,9.52,0.105,0.105,48.44,FLYING,X10-F,0:/Integrated Flight Computer/aircraft/x10_f_cfg.ks (inferred preloaded)
180.02,CRUISE,,200.66,80,-120.66,1499.01,0.1,9.33,9.31,279.66,0.222,0.1246,0,5.512,1,0.6,4.5,0.75,0.35,0.0168,0.4,0,23.303,0,0.666,0,279.69,0,0,0,0.03,0,0,6.7,90.15,0.7482,-0.0068,-0.6635,7,90.4,0,0,0,0,0,0,3,0,0,0,69,0,0,0,90.4,1,0,0,0,0,3,0,0,0,11.5,-7.947,0,0,0,0,0,0,VALID,0,0,0,0,0,1,0,0,0,0,0,0,0,0,0,0,0,0,0,0,152.25,1258.38,2,0,0.105,0.105,2293,9.52,0.105,0.105,48.76,FLYING,X10-F,0:/Integrated Flight Computer/aircraft/x10_f_cfg.ks (inferred preloaded)
180.33,CRUISE,,200.59,80,-120.59,1499.04,0.1,9.34,9.31,279.66,0.21,0.1263,0,5.317,1,0.6,4.5,0.75,0.35,0.0168,0.4,0,23.314,0,0.595,0,279.69,0,0,0,0.03,0,0,6.7,90.15,0.7482,-0.0068,-0.6635,7,90.4,0,0,0,0,0,0,3,0,0,0,69,0,0,0,90.4,1,0,0,0,0,3,0,0,0,11.5,-7.947,0,0,0,0,0,0,VALID,0,0,0,0,0,1,0,0,0,0,0,0,0,0,0,0,0,0,0,0,152.51,1258.02,2,0,0.105,0.105,2296,9.52,0.105,0.105,49.07,FLYING,X10-F,0:/Integrated Flight Computer/aircraft/x10_f_cfg.ks (inferred preloaded)
180.65,CRUISE,,200.52,80,-120.52,1499.07,0.09,9.34,9.32,279.66,0.202,0.1281,0,5.145,1,0.6,4.5,0.75,0.35,0.0168,0.4,0,23.324,0,0.525,0,279.69,0,0,0,0.03,0,0,6.69,90.15,0.7482,-0.0068,-0.6635,7,90.4,0,0,0,0,0,0,3,0,0,0,69,0,0,0,90.4,1,0,0,0,0,3,0,0,0,11.5,-7.947,0,0,0,0,0,0,VALID,0,0,0,0,0,1,0,0,0,0,0,0,0,0,0,0,0,0,0,0,152.89,1257.66,2,0,0.105,0.105,2299,9.52,0.105,0.105,49.39,FLYING,X10-F,0:/Integrated Flight Computer/aircraft/x10_f_cfg.ks (inferred preloaded)
180.96,CRUISE,,200.45,80,-120.45,1499.1,0.09,9.35,9.33,279.66,0.196,0.1297,0,4.994,1,0.6,4.5,0.75,0.35,0.0168,0.4,0,23.334,0,0.455,0,279.7,0,0,0,0.02,0,0,6.68,90.15,0.7482,-0.0068,-0.6635,7,90.4,0,0,0,0,0,0,3,0,0,0,69,0,0,0,90.4,1,0,0,0,0,3,0,0,0,11.5,-7.947,0,0,0,0,0,0,VALID,0,0,0,0,0,1,0,0,0,0,0,0,0,0,0,0,0,0,0,0,153.38,1257.3,2,0,0.105,0.105,2302,9.52,0.105,0.105,49.7,FLYING,X10-F,0:/Integrated Flight Computer/aircraft/x10_f_cfg.ks (inferred preloaded)
181.28,CRUISE,,200.38,80,-120.38,1499.13,0.08,9.35,9.33,279.66,0.19,0.1313,0,4.865,1,0.6,4.5,0.75,0.35,0.0168,0.4,0,23.344,0,0.387,0,279.7,0,0,0,0.02,0,0,6.68,90.16,0.7482,-0.0068,-0.6635,7,90.4,0,0,0,0,0,0,3,0,0,0,69,0,0,0,90.4,1,0,0,0,0,3,0,0,0,11.5,-7.947,0,0,0,0,0,0,VALID,0,0,0,0,0,1,0,0,0,0,0,0,0,0,0,0,0,0,0,0,153.96,1256.96,2,0,0.105,0.105,2305,9.52,0.105,0.105,50.02,FLYING,X10-F,0:/Integrated Flight Computer/aircraft/x10_f_cfg.ks (inferred preloaded)
181.59,CRUISE,,200.31,80,-120.31,1499.15,0.08,9.36,9.34,279.66,0.186,0.1327,0,4.757,1,0.6,4.5,0.75,0.35,0.0168,0.4,0,23.353,0,0.321,0,279.7,0,0,0,0.02,0,0,6.67,90.16,0.7482,-0.0068,-0.6635,7,90.4,0,0,0,0,0,0,3,0,0,0,69,0,0,0,90.4,1,0,0,0,0,3,0,0,0,11.5,-7.947,0,0,0,0,0,0,VALID,0,0,0,0,0,1,0,0,0,0,0,0,0,0,0,0,0,0,0,0,154.62,1256.62,2,0,0.105,0.105,2308,9.52,0.105,0.105,50.33,FLYING,X10-F,0:/Integrated Flight Computer/aircraft/x10_f_cfg.ks (inferred preloaded)
181.91,CRUISE,,200.25,80,-120.25,1499.18,0.08,9.36,9.34,279.66,0.177,0.134,0,4.669,1,0.6,4.5,0.75,0.35,0.0168,0.4,0,23.363,0,0.256,0,279.7,0,0,0,0.02,0,0,6.66,90.16,0.7482,-0.0068,-0.6635,7,90.4,0,0,0,0,0,0,3,0,0,0,69,0,0,0,90.4,1,0,0,0,0,3,0,0,0,11.5,-7.947,0,0,0,0,0,0,VALID,0,0,0,0,0,1,0,0,0,0,0,0,0,0,0,0,0,0,0,0,155.35,1256.29,2,0,0.105,0.105,2311,9.52,0.105,0.105,50.65,FLYING,X10-F,0:/Integrated Flight Computer/aircraft/x10_f_cfg.ks (inferred preloaded)
182.22,CRUISE,,200.19,80,-120.19,1499.2,0.07,9.37,9.35,279.66,0.171,0.1351,0,4.602,1,0.6,4.5,0.75,0.35,0.0168,0.4,0,23.372,0,0.194,0,279.7,0,0,0,0.02,0,0,6.66,90.16,0.7482,-0.0068,-0.6635,7,90.4,0,0,0,0,0,0,3,0,0,0,69,0,0,0,90.4,1,0,0,0,0,3,0,0,0,11.5,-7.947,0,0,0,0,0,0,VALID,0,0,0,0,0,1,0,0,0,0,0,0,0,0,0,0,0,0,0,0,156.12,1255.97,2,0,0.105,0.105,2314,9.52,0.105,0.105,50.96,FLYING,X10-F,0:/Integrated Flight Computer/aircraft/x10_f_cfg.ks (inferred preloaded)
182.54,CRUISE,,200.13,80,-120.13,1499.22,0.07,9.37,9.35,279.66,0.165,0.1362,0,4.553,1,0.6,4.5,0.75,0.35,0.0168,0.4,0,23.381,0,0.134,0,279.7,0,0,0,0.02,0,0,6.65,90.16,0.7482,-0.0068,-0.6635,7,90.4,0,0,0,0,0,0,3,0,0,0,69,0,0,0,90.4,1,0,0,0,0,3,0,0,0,11.5,-7.947,0,0,0,0,0,0,VALID,0,0,0,0,0,1,0,0,0,0,0,0,0,0,0,0,0,0,0,0,156.93,1255.66,2,0,0.105,0.105,2317,9.52,0.105,0.105,51.28,FLYING,X10-F,0:/Integrated Flight Computer/aircraft/x10_f_cfg.ks (inferred preloaded)
182.85,CRUISE,,200.07,80,-120.07,1499.25,0.07,9.37,9.36,279.66,0.161,0.1372,0,4.523,1,0.6,4.5,0.75,0.35,0.0168,0.4,0,23.389,0,0.076,0,279.7,0,0,0,0.02,0,0,6.64,90.16,0.7482,-0.0068,-0.6635,7,90.4,0,0,0,0,0,0,3,0,0,0,69,0,0,0,90.4,1,0,0,0,0,3,0,0,0,11.5,-7.947,0,0,0,0,0,0,VALID,0,0,0,0,0,1,0,0,0,0,0,0,0,0,0,0,0,0,0,0,157.78,1255.37,2,0,0.105,0.105,2320,9.52,0.105,0.105,51.59,FLYING,X10-F,0:/Integrated Flight Computer/aircraft/x10_f_cfg.ks (inferred preloaded)
183.17,CRUISE,,200.02,80,-120.02,1499.27,0.06,9.38,9.36,279.66,0.155,0.1381,0,4.511,1,0.6,4.5,0.75,0.35,0.0168,0.4,0,23.397,0,0.021,0,279.7,0,0,0,0.02,0,0,6.64,90.16,0.7482,-0.0068,-0.6635,7,90.4,0,0,0,0,0,0,3,0,0,0,69,0,0,0,90.4,1,0,0,0,0,3,0,0,0,11.5,-7.947,0,0,0,0,0,0,VALID,0,0,0,0,0,1,0,0,0,0,0,0,0,0,0,0,0,0,0,0,158.64,1255.09,2,0,0.105,0.105,2323,9.52,0.105,0.105,51.91,FLYING,X10-F,0:/Integrated Flight Computer/aircraft/x10_f_cfg.ks (inferred preloaded)
183.48,CRUISE,,199.96,80,-119.96,1499.29,0.06,9.38,9.36,279.66,0.152,0.1389,0,4.515,1,0.6,4.5,0.75,0.35,0.0168,0.4,0,23.404,0,-0.031,0,279.7,0,0,0,0.02,0,0,6.63,90.16,0.7482,-0.0068,-0.6635,7,90.4,0,0,0,0,0,0,3,0,0,0,69,0,0,0,90.4,1,0,0,0,0,3,0,0,0,11.5,-7.947,0,0,0,0,0,0,VALID,0,0,0,0,0,1,0,0,0,0,0,0,0,0,0,0,0,0,0,0,159.52,1254.82,2,0,0.105,0.105,2326,9.52,0.105,0.105,52.22,FLYING,X10-F,0:/Integrated Flight Computer/aircraft/x10_f_cfg.ks (inferred preloaded)
183.8,CRUISE,,199.91,80,-119.91,1499.3,0.06,9.38,9.37,279.66,0.149,0.1398,0,4.535,1,0.6,4.5,0.75,0.35,0.0168,0.4,0,23.412,0,-0.08,0,279.7,0,0,0,0.02,0,0,6.62,90.16,0.7482,-0.0068,-0.6635,7,90.4,0,0,0,0,0,0,3,0,0,0,69,0,0,0,90.4,1,0,0,0,0,3,0,0,0,11.5,-7.947,0,0,0,0,0,0,VALID,0,0,0,0,0,1,0,0,0,0,0,0,0,0,0,0,0,0,0,0,160.4,1254.57,2,0,0.105,0.105,2329,9.52,0.105,0.105,52.54,FLYING,X10-F,0:/Integrated Flight Computer/aircraft/x10_f_cfg.ks (inferred preloaded)
184.11,CRUISE,,199.87,80,-119.87,1499.32,0.05,9.38,9.37,279.67,0.145,0.1406,0,4.571,1,0.6,4.5,0.75,0.35,0.0168,0.4,0,23.418,0,-0.127,0,279.7,0,0,0,0.02,0,0,6.62,90.16,0.7482,-0.0068,-0.6635,7,90.4,0,0,0,0,0,0,3,0,0,0,69,0,0,0,90.4,1,0,0,0,0,3,0,0,0,11.5,-7.947,0,0,0,0,0,0,VALID,0,0,0,0,0,1,0,0,0,0,0,0,0,0,0,0,0,0,0,0,161.3,1254.33,2,0,0.105,0.105,2332,9.52,0.105,0.105,52.85,FLYING,X10-F,0:/Integrated Flight Computer/aircraft/x10_f_cfg.ks (inferred preloaded)
184.43,CRUISE,,199.82,80,-119.82,1499.34,0.05,9.39,9.37,279.67,0.14,0.1414,0,4.62,1,0.6,4.5,0.75,0.35,0.0168,0.4,0,23.425,0,-0.171,0,279.7,0,0,0,0.01,0,0,6.61,90.16,0.7482,-0.0068,-0.6635,7,90.4,0,0,0,0,0,0,3,0,0,0,69,0,0,0,90.4,1,0,0,0,0,3,0,0,0,11.5,-7.947,0,0,0,0,0,0,VALID,0,0,0,0,0,1,0,0,0,0,0,0,0,0,0,0,0,0,0,0,162.21,1254.11,2,0,0.105,0.105,2335,9.52,0.105,0.105,53.17,FLYING,X10-F,0:/Integrated Flight Computer/aircraft/x10_f_cfg.ks (inferred preloaded)
184.74,CRUISE,,199.78,80,-119.78,1499.35,0.05,9.39,9.38,279.67,0.14,0.1421,0,4.682,1,0.6,4.5,0.75,0.35,0.0168,0.4,0,23.431,0,-0.212,0,279.7,0,0,0,0.01,0,0,6.61,90.16,0.7482,-0.0068,-0.6635,7,90.4,0,0,0,0,0,0,3,0,0,0,69,0,0,0,90.4,1,0,0,0,0,3,0,0,0,11.5,-7.947,0,0,0,0,0,0,VALID,0,0,0,0,0,1,0,0,0,0,0,0,0,0,0,0,0,0,0,0,163.12,1253.9,2,0,0.105,0.105,2338,9.52,0.105,0.105,53.48,FLYING,X10-F,0:/Integrated Flight Computer/aircraft/x10_f_cfg.ks (inferred preloaded)
185.06,CRUISE,,199.75,80,-119.75,1499.37,0.05,9.39,9.38,279.67,0.136,0.1429,0,4.757,1,0.6,4.5,0.75,0.35,0.0168,0.4,0,23.436,0,-0.25,0,279.7,0,0,0,0.01,0,0,6.6,90.16,0.7482,-0.0068,-0.6635,7,90.4,0,0,0,0,0,0,3,0,0,0,69,0,0,0,90.4,1,0,0,0,0,3,0,0,0,11.5,-7.947,0,0,0,0,0,0,VALID,0,0,0,0,0,1,0,0,0,0,0,0,0,0,0,0,0,0,0,0,164.03,1253.71,2,0,0.105,0.105,2341,9.52,0.105,0.105,53.8,FLYING,X10-F,0:/Integrated Flight Computer/aircraft/x10_f_cfg.ks (inferred preloaded)
185.37,CRUISE,,199.71,80,-119.71,1499.38,0.05,9.39,9.38,279.67,0.131,0.1435,0,4.843,1,0.6,4.5,0.75,0.35,0.0168,0.4,0,23.441,0,-0.285,0,279.7,0,0,0,0.01,0,0,6.59,90.16,0.7482,-0.0068,-0.6635,7,90.4,0,0,0,0,0,0,3,0,0,0,69,0,0,0,90.4,1,0,0,0,0,3,0,0,0,11.5,-7.947,0,0,0,0,0,0,VALID,0,0,0,0,0,1,0,0,0,0,0,0,0,0,0,0,0,0,0,0,164.94,1253.53,2,0,0.105,0.105,2344,9.52,0.105,0.105,54.11,FLYING,X10-F,0:/Integrated Flight Computer/aircraft/x10_f_cfg.ks (inferred preloaded)
185.69,CRUISE,,199.68,80,-119.68,1499.4,0.04,9.39,9.38,279.67,0.129,0.1441,0,4.94,1,0.6,4.5,0.75,0.35,0.0168,0.4,0,23.446,0,-0.317,0,279.7,0,0,0,0.01,0,0,6.59,90.16,0.7482,-0.0068,-0.6635,7,90.4,0,0,0,0,0,0,3,0,0,0,69,0,0,0,90.4,1,0,0,0,0,3,0,0,0,11.5,-7.947,0,0,0,0,0,0,VALID,0,0,0,0,0,1,0,0,0,0,0,0,0,0,0,0,0,0,0,0,165.85,1253.36,2,0,0.105,0.105,2347,9.52,0.105,0.105,54.43,FLYING,X10-F,0:/Integrated Flight Computer/aircraft/x10_f_cfg.ks (inferred preloaded)
186,CRUISE,,199.65,80,-119.65,1499.41,0.04,9.39,9.38,279.67,0.127,0.1447,0,5.046,1,0.6,4.5,0.75,0.35,0.0168,0.4,0,23.45,0,-0.346,0,279.7,0,0,0,0.01,0,0,6.58,90.16,0.7482,-0.0068,-0.6635,7,90.4,0,0,0,0,0,0,3,0,0,0,69,0,0,0,90.4,1,0,0,0,0,3,0,0,0,11.5,-7.947,0,0,0,0,0,0,VALID,0,0,0,0,0,1,0,0,0,0,0,0,0,0,0,0,0,0,0,0,166.74,1253.22,2,0,0.105,0.105,2350,9.52,0.105,0.105,54.74,FLYING,X10-F,0:/Integrated Flight Computer/aircraft/x10_f_cfg.ks (inferred preloaded)
186.32,CRUISE,,199.62,80,-119.62,1499.42,0.04,9.39,9.38,279.67,0.123,0.1452,0,5.161,1,0.6,4.5,0.75,0.35,0.0168,0.4,0,23.454,0,-0.372,0,279.7,0,0,0,0.01,0,0,6.57,90.16,0.7482,-0.0068,-0.6635,7,90.4,0,0,0,0,0,0,3,0,0,0,69,0,0,0,90.4,1,0,0,0,0,3,0,0,0,11.5,-7.947,0,0,0,0,0,0,VALID,0,0,0,0,0,1,0,0,0,0,0,0,0,0,0,0,0,0,0,0,167.63,1253.08,2,0,0.105,0.105,2353,9.52,0.105,0.105,55.06,FLYING,X10-F,0:/Integrated Flight Computer/aircraft/x10_f_cfg.ks (inferred preloaded)
186.63,CRUISE,,199.6,80,-119.6,1499.44,0.04,9.39,9.38,279.67,0.12,0.1456,0,5.283,1,0.6,4.5,0.75,0.35,0.0168,0.4,0,23.457,0,-0.396,0,279.7,0,0,0,0.01,0,0,6.57,90.16,0.7482,-0.0068,-0.6635,7,90.4,0,0,0,0,0,0,3,0,0,0,69,0,0,0,90.4,1,0,0,0,0,3,0,0,0,11.5,-7.947,0,0,0,0,0,0,VALID,0,0,0,0,0,1,0,0,0,0,0,0,0,0,0,0,0,0,0,0,168.5,1252.96,2,0,0.105,0.105,2356,9.52,0.105,0.105,55.37,FLYING,X10-F,0:/Integrated Flight Computer/aircraft/x10_f_cfg.ks (inferred preloaded)
186.95,CRUISE,,199.58,80,-119.58,1499.45,0.04,9.39,9.38,279.67,0.116,0.146,0,5.412,1,0.6,4.5,0.75,0.35,0.0168,0.4,0,23.46,0,-0.416,0,279.7,0,0,0,0.01,0,0,6.56,90.16,0.7482,-0.0068,-0.6635,7,90.4,0,0,0,0,0,0,3,0,0,0,69,0,0,0,90.4,1,0,0,0,0,3,0,0,0,11.5,-7.947,0,0,0,0,0,0,VALID,0,0,0,0,0,1,0,0,0,0,0,0,0,0,0,0,0,0,0,0,169.34,1252.86,2,0,0.105,0.105,2359,9.52,0.105,0.105,55.69,FLYING,X10-F,0:/Integrated Flight Computer/aircraft/x10_f_cfg.ks (inferred preloaded)
187.26,CRUISE,,199.56,80,-119.56,1499.46,0.04,9.39,9.38,279.67,0.113,0.1463,0,5.547,1,0.6,4.5,0.75,0.35,0.0168,0.4,0,23.463,0,-0.434,0,279.7,0,0,0,0.01,0,0,6.55,90.16,0.7482,-0.0068,-0.6635,7,90.4,0,0,0,0,0,0,3,0,0,0,69,0,0,0,90.4,1,0,0,0,0,3,0,0,0,11.5,-7.947,0,0,0,0,0,0,VALID,0,0,0,0,0,1,0,0,0,0,0,0,0,0,0,0,0,0,0,0,170.17,1252.77,2,0,0.105,0.105,2362,9.52,0.105,0.105,56,FLYING,X10-F,0:/Integrated Flight Computer/aircraft/x10_f_cfg.ks (inferred preloaded)
187.58,CRUISE,,199.55,80,-119.55,1499.47,0.03,9.39,9.38,279.67,0.111,0.1465,0,5.686,1,0.6,4.5,0.75,0.35,0.0168,0.4,0,23.465,0,-0.449,0,279.7,0,0,0,0.01,0,0,6.55,90.16,0.7482,-0.0068,-0.6635,7,90.4,0,0,0,0,0,0,3,0,0,0,69,0,0,0,90.4,1,0,0,0,0,3,0,0,0,11.5,-7.947,0,0,0,0,0,0,VALID,0,0,0,0,0,1,0,0,0,0,0,0,0,0,0,0,0,0,0,0,170.96,1252.7,2,0,0.105,0.105,2365,9.52,0.105,0.105,56.32,FLYING,X10-F,0:/Integrated Flight Computer/aircraft/x10_f_cfg.ks (inferred preloaded)
187.89,CRUISE,,199.54,80,-119.54,1499.48,0.03,9.39,9.38,279.67,0.109,0.1468,0,5.83,1,0.6,4.5,0.75,0.35,0.0168,0.4,0,23.467,0,-0.461,0,279.7,0,0,0,0.01,0,0,6.54,90.16,0.7482,-0.0068,-0.6635,7,90.4,0,0,0,0,0,0,3,0,0,0,69,0,0,0,90.4,1,0,0,0,0,3,0,0,0,11.5,-7.947,0,0,0,0,0,0,VALID,0,0,0,0,0,1,0,0,0,0,0,0,0,0,0,0,0,0,0,0,171.73,1252.63,2,0,0.105,0.105,2368,9.52,0.105,0.105,56.63,FLYING,X10-F,0:/Integrated Flight Computer/aircraft/x10_f_cfg.ks (inferred preloaded)
188.21,CRUISE,,199.53,80,-119.53,1499.49,0.03,9.39,9.38,279.67,0.107,0.1469,0,5.978,1,0.6,4.5,0.75,0.35,0.0168,0.4,0,23.468,0,-0.47,0,279.7,0,0,0,0.01,0,0,6.53,90.16,0.7482,-0.0068,-0.6635,7,90.4,0,0,0,0,0,0,3,0,0,0,69,0,0,0,90.4,1,0,0,0,0,3,0,0,0,11.5,-7.947,0,0,0,0,0,0,VALID,0,0,0,0,0,1,0,0,0,0,0,0,0,0,0,0,0,0,0,0,172.47,1252.59,2,0,0.105,0.105,2371,9.52,0.105,0.105,56.95,FLYING,X10-F,0:/Integrated Flight Computer/aircraft/x10_f_cfg.ks (inferred preloaded)
188.52,CRUISE,,199.52,80,-119.52,1499.5,0.03,9.39,9.38,279.67,0.105,0.1471,0,6.127,1,0.6,4.5,0.75,0.35,0.0168,0.4,0,23.469,0,-0.477,0,279.7,0,0,0,0.01,0,0,6.53,90.16,0.7482,-0.0068,-0.6635,7,90.4,0,0,0,0,0,0,3,0,0,0,69,0,0,0,90.4,1,0,0,0,0,3,0,0,0,11.5,-7.947,0,0,0,0,0,0,VALID,0,0,0,0,0,1,0,0,0,0,0,0,0,0,0,0,0,0,0,0,173.17,1252.55,2,0,0.105,0.105,2374,9.52,0.105,0.105,57.26,FLYING,X10-F,0:/Integrated Flight Computer/aircraft/x10_f_cfg.ks (inferred preloaded)
188.84,CRUISE,,199.52,80,-119.52,1499.51,0.03,9.39,9.38,279.67,0.102,0.1472,0,6.279,1,0.6,4.5,0.75,0.35,0.0168,0.4,0,23.47,0,-0.482,0,279.7,0,0,0,0.01,0,0,6.52,90.16,0.7482,-0.0068,-0.6635,7,90.4,0,0,0,0,0,0,3,0,0,0,69,0,0,0,90.4,1,0,0,0,0,3,0,0,0,11.5,-7.947,0,0,0,0,0,0,VALID,0,0,0,0,0,1,0,0,0,0,0,0,0,0,0,0,0,0,0,0,173.85,1252.53,2,0,0.105,0.105,2377,9.52,0.105,0.105,57.58,FLYING,X10-F,0:/Integrated Flight Computer/aircraft/x10_f_cfg.ks (inferred preloaded)
189.15,CRUISE,,199.52,80,-119.52,1499.52,0.03,9.39,9.38,279.67,0.1,0.1472,0,6.431,1,0.6,4.5,0.75,0.35,0.0168,0.4,0,23.47,0,-0.484,0,279.7,0,0,0,0.01,0,0,6.52,90.16,0.7482,-0.0068,-0.6635,7,90.4,0,0,0,0,0,0,3,0,0,0,69,0,0,0,90.4,1,0,0,0,0,3,0,0,0,11.5,-7.947,0,0,0,0,0,0,VALID,0,0,0,0,0,1,0,0,0,0,0,0,0,0,0,0,0,0,0,0,174.49,1252.51,2,0,0.105,0.105,2380,9.52,0.105,0.105,57.89,FLYING,X10-F,0:/Integrated Flight Computer/aircraft/x10_f_cfg.ks (inferred preloaded)
189.47,CRUISE,,199.52,80,-119.52,1499.52,0.03,9.39,9.38,279.67,0.099,0.1472,0,6.584,1,0.6,4.5,0.75,0.35,0.0168,0.4,0,23.47,0,-0.484,0,279.71,0,0,0,0.01,0,0,6.51,90.16,0.7482,-0.0068,-0.6635,7,90.4,0,0,0,0,0,0,3,0,0,0,69,0,0,0,90.4,1,0,0,0,0,3,0,0,0,11.5,-7.947,0,0,0,0,0,0,VALID,0,0,0,0,0,1,0,0,0,0,0,0,0,0,0,0,0,0,0,0,175.1,1252.51,2,0,0.105,0.105,2383,9.52,0.105,0.105,58.21,FLYING,X10-F,0:/Integrated Flight Computer/aircraft/x10_f_cfg.ks (inferred preloaded)
189.78,CRUISE,,199.52,80,-119.52,1499.53,0.03,9.39,9.38,279.67,0.098,0.1472,0,6.736,1,0.6,4.5,0.75,0.35,0.0168,0.4,0,23.47,0,-0.483,0,279.71,0,0,0,0.01,0,0,6.5,90.16,0.7482,-0.0068,-0.6635,7,90.4,0,0,0,0,0,0,3,0,0,0,69,0,0,0,90.4,1,0,0,0,0,3,0,0,0,11.5,-7.947,0,0,0,0,0,0,VALID,0,0,0,0,0,1,0,0,0,0,0,0,0,0,0,0,0,0,0,0,175.67,1252.52,2,0,0.105,0.105,2386,9.52,0.105,0.105,58.52,FLYING,X10-F,0:/Integrated Flight Computer/aircraft/x10_f_cfg.ks (inferred preloaded)
190.1,CRUISE,,199.52,80,-119.52,1499.54,0.03,9.39,9.38,279.67,0.096,0.1472,0,6.887,1,0.6,4.5,0.75,0.35,0.0168,0.4,0,23.469,0,-0.479,0,279.71,0,0,0,0.01,0,0,6.5,90.17,0.7482,-0.0068,-0.6635,7,90.4,0,0,0,0,0,0,3,0,0,0,69,0,0,0,90.4,1,0,0,0,0,3,0,0,0,11.5,-7.947,0,0,0,0,0,0,VALID,0,0,0,0,0,1,0,0,0,0,0,0,0,0,0,0,0,0,0,0,176.21,1252.54,2,0,0.105,0.105,2389,9.52,0.105,0.105,58.84,FLYING,X10-F,0:/Integrated Flight Computer/aircraft/x10_f_cfg.ks (inferred preloaded)
190.41,CRUISE,,199.53,80,-119.53,1499.55,0.02,9.39,9.38,279.67,0.095,0.1471,0,7.037,1,0.6,4.5,0.75,0.35,0.0168,0.4,0,23.469,0,-0.473,0,279.71,0,0,0,0.01,0,0,6.49,90.17,0.7482,-0.0068,-0.6635,7,90.4,0,0,0,0,0,0,3,0,0,0,69,0,0,0,90.4,1,0,0,0,0,3,0,0,0,11.5,-7.947,0,0,0,0,0,0,VALID,0,0,0,0,0,1,0,0,0,0,0,0,0,0,0,0,0,0,0,0,176.71,1252.57,2,0,0.105,0.105,2392,9.52,0.105,0.105,59.15,FLYING,X10-F,0:/Integrated Flight Computer/aircraft/x10_f_cfg.ks (inferred preloaded)
190.73,CRUISE,,199.54,80,-119.54,1499.55,0.02,9.38,9.38,279.68,0.093,0.1469,0,7.184,1,0.6,4.5,0.75,0.35,0.0168,0.4,0,23.467,0,-0.465,0,279.71,0,0,0,0.01,0,0,6.48,90.17,0.7482,-0.0068,-0.6635,7,90.4,0,0,0,0,0,0,3,0,0,0,69,0,0,0,90.4,1,0,0,0,0,3,0,0,0,11.5,-7.947,0,0,0,0,0,0,VALID,0,0,0,0,0,1,0,0,0,0,0,0,0,0,0,0,0,0,0,0,177.17,1252.61,2,0,0.105,0.105,2395,9.52,0.105,0.105,59.47,FLYING,X10-F,0:/Integrated Flight Computer/aircraft/x10_f_cfg.ks (inferred preloaded)
191.04,CRUISE,,199.55,80,-119.55,1499.56,0.02,9.38,9.38,279.68,0.093,0.1468,0,7.329,1,0.6,4.5,0.75,0.35,0.0168,0.4,0,23.466,0,-0.456,0,279.71,0,0,0,0.01,0,0,6.48,90.17,0.7482,-0.0068,-0.6635,7,90.4,0,0,0,0,0,0,3,0,0,0,69,0,0,0,90.4,1,0,0,0,0,3,0,0,0,11.5,-7.947,0,0,0,0,0,0,VALID,0,0,0,0,0,1,0,0,0,0,0,0,0,0,0,0,0,0,0,0,177.59,1252.66,2,0,0.105,0.105,2398,9.52,0.105,0.105,59.78,FLYING,X10-F,0:/Integrated Flight Computer/aircraft/x10_f_cfg.ks (inferred preloaded)
191.36,CRUISE,,199.56,80,-119.56,1499.57,0.02,9.38,9.38,279.68,0.095,0.1466,0,7.47,1,0.6,4.5,0.75,0.35,0.0168,0.4,0,23.465,0,-0.445,0,279.71,0,0,0,0.01,0,0,6.47,90.17,0.7482,-0.0068,-0.6635,7,90.4,0,0,0,0,0,0,3,0,0,0,69,0,0,0,90.4,1,0,0,0,0,3,0,0,0,11.5,-7.947,0,0,0,0,0,0,VALID,0,0,0,0,0,1,0,0,0,0,0,0,0,0,0,0,0,0,0,0,177.98,1252.71,2,0,0.105,0.105,2401,9.52,0.105,0.105,60.1,FLYING,X10-F,0:/Integrated Flight Computer/aircraft/x10_f_cfg.ks (inferred preloaded)
191.67,CRUISE,,199.57,80,-119.57,1499.57,0.02,9.38,9.37,279.68,0.092,0.1463,0,7.608,1,0.6,4.5,0.75,0.35,0.0168,0.4,0,23.463,0,-0.433,0,279.71,0,0,0,0.01,0,0,6.46,90.17,0.7482,-0.0068,-0.6635,7,90.4,0,0,0,0,0,0,3,0,0,0,69,0,0,0,90.4,1,0,0,0,0,3,0,0,0,11.5,-7.947,0,0,0,0,0,0,VALID,0,0,0,0,0,1,0,0,0,0,0,0,0,0,0,0,0,0,0,0,178.33,1252.77,2,0,0.105,0.105,2404,9.52,0.105,0.105,60.41,FLYING,X10-F,0:/Integrated Flight Computer/aircraft/x10_f_cfg.ks (inferred preloaded)
191.99,CRUISE,,199.58,80,-119.58,1499.58,0.02,9.38,9.37,279.68,0.092,0.1461,0,7.741,1,0.6,4.5,0.75,0.35,0.0168,0.4,0,23.461,0,-0.42,0,279.71,0,0,0,0.01,0,0,6.46,90.17,0.7482,-0.0068,-0.6635,7,90.4,0,0,0,0,0,0,3,0,0,0,69,0,0,0,90.4,1,0,0,0,0,3,0,0,0,11.5,-7.947,0,0,0,0,0,0,VALID,0,0,0,0,0,1,0,0,0,0,0,0,0,0,0,0,0,0,0,0,178.64,1252.84,2,0,0.105,0.105,2407,9.52,0.105,0.105,60.73,FLYING,X10-F,0:/Integrated Flight Computer/aircraft/x10_f_cfg.ks (inferred preloaded)
192.3,CRUISE,,199.6,80,-119.6,1499.58,0.02,9.37,9.37,279.68,0.092,0.1458,0,7.871,1,0.6,4.5,0.75,0.35,0.0168,0.4,0,23.459,0,-0.405,0,279.71,0,0,0,0.01,0,0,6.45,90.17,0.7482,-0.0068,-0.6635,7,90.4,0,0,0,0,0,0,3,0,0,0,69,0,0,0,90.4,1,0,0,0,0,3,0,0,0,11.5,-7.947,0,0,0,0,0,0,VALID,0,0,0,0,0,1,0,0,0,0,0,0,0,0,0,0,0,0,0,0,178.91,1252.91,2,0,0.105,0.105,2410,9.52,0.105,0.105,61.04,FLYING,X10-F,0:/Integrated Flight Computer/aircraft/x10_f_cfg.ks (inferred preloaded)
192.62,CRUISE,,199.61,80,-119.61,1499.59,0.02,9.37,9.37,279.68,0.092,0.1455,0,7.995,1,0.6,4.5,0.75,0.35,0.0168,0.4,0,23.456,0,-0.389,0,279.71,0,0,0,0.01,0,0,6.45,90.17,0.7482,-0.0068,-0.6635,7,90.4,0,0,0,0,0,0,3,0,0,0,69,0,0,0,90.4,1,0,0,0,0,3,0,0,0,11.5,-7.947,0,0,0,0,0,0,VALID,0,0,0,0,0,1,0,0,0,0,0,0,0,0,0,0,0,0,0,0,179.15,1252.99,2,0,0.105,0.105,2413,9.52,0.105,0.105,61.36,FLYING,X10-F,0:/Integrated Flight Computer/aircraft/x10_f_cfg.ks (inferred preloaded)
192.93,CRUISE,,199.63,80,-119.63,1499.59,0.02,9.37,9.37,279.68,0.09,0.1452,0,8.114,1,0.6,4.5,0.75,0.35,0.0168,0.4,0,23.454,0,-0.373,0,279.71,0,0,0,0.01,0,0,6.44,90.17,0.7482,-0.0068,-0.6635,7,90.4,0,0,0,0,0,0,3,0,0,0,69,0,0,0,90.4,1,0,0,0,0,3,0,0,0,11.5,-7.947,0,0,0,0,0,0,VALID,0,0,0,0,0,1,0,0,0,0,0,0,0,0,0,0,0,0,0,0,179.35,1253.08,2,0,0.105,0.105,2416,9.52,0.105,0.105,61.67,FLYING,X10-F,0:/Integrated Flight Computer/aircraft/x10_f_cfg.ks (inferred preloaded)
193.25,CRUISE,,199.65,80,-119.65,1499.6,0.02,9.37,9.36,279.68,0.089,0.1449,0,8.228,1,0.6,4.5,0.75,0.35,0.0168,0.4,0,23.452,0,-0.356,0,279.71,0,0,0,0.01,0,0,6.43,90.17,0.7482,-0.0068,-0.6635,7,90.4,0,0,0,0,0,0,3,0,0,0,69,0,0,0,90.4,1,0,0,0,0,3,0,0,0,11.5,-7.947,0,0,0,0,0,0,VALID,0,0,0,0,0,1,0,0,0,0,0,0,0,0,0,0,0,0,0,0,179.51,1253.16,2,0,0.105,0.105,2419,9.52,0.105,0.105,61.99,FLYING,X10-F,0:/Integrated Flight Computer/aircraft/x10_f_cfg.ks (inferred preloaded)
193.56,CRUISE,,199.66,80,-119.66,1499.6,0.02,9.37,9.36,279.68,0.088,0.1446,0,8.336,1,0.6,4.5,0.75,0.35,0.0168,0.4,0,23.449,0,-0.338,0,279.71,0,0,0,0.01,0,0,6.43,90.17,0.7482,-0.0068,-0.6635,7,90.4,0,0,0,0,0,0,3,0,0,0,69,0,0,0,90.4,1,0,0,0,0,3,0,0,0,11.5,-7.947,0,0,0,0,0,0,VALID,0,0,0,0,0,1,0,0,0,0,0,0,0,0,0,0,0,0,0,0,179.65,1253.25,2,0,0.105,0.105,2422,9.52,0.105,0.105,62.3,FLYING,X10-F,0:/Integrated Flight Computer/aircraft/x10_f_cfg.ks (inferred preloaded)
193.88,CRUISE,,199.68,80,-119.68,1499.61,0.02,9.36,9.36,279.68,0.087,0.1442,0,8.439,1,0.6,4.5,0.75,0.35,0.0168,0.4,0,23.446,0,-0.319,0,279.71,0,0,0,0.01,0,0,6.42,90.17,0.7482,-0.0068,-0.6635,7,90.4,0,0,0,0,0,0,3,0,0,0,69,0,0,0,90.4,1,0,0,0,0,3,0,0,0,11.5,-7.947,0,0,0,0,0,0,VALID,0,0,0,0,0,1,0,0,0,0,0,0,0,0,0,0,0,0,0,0,179.75,1253.35,2,0,0.105,0.105,2425,9.52,0.105,0.105,62.62,FLYING,X10-F,0:/Integrated Flight Computer/aircraft/x10_f_cfg.ks (inferred preloaded)
194.19,CRUISE,,199.7,80,-119.7,1499.61,0.02,9.36,9.36,279.68,0.086,0.1439,0,8.535,1,0.6,4.5,0.75,0.35,0.0168,0.4,0,23.443,0,-0.3,0,279.71,0,0,0,0.01,0,0,6.41,90.17,0.7482,-0.0068,-0.6635,7,90.4,0,0,0,0,0,0,3,0,0,0,69,0,0,0,90.4,1,0,0,0,0,3,0,0,0,11.5,-7.947,0,0,0,0,0,0,VALID,0,0,0,0,0,1,0,0,0,0,0,0,0,0,0,0,0,0,0,0,179.82,1253.44,2,0,0.105,0.105,2428,9.52,0.105,0.105,62.93,FLYING,X10-F,0:/Integrated Flight Computer/aircraft/x10_f_cfg.ks (inferred preloaded)
194.51,CRUISE,,199.72,80,-119.72,1499.62,0.02,9.36,9.36,279.68,0.084,0.1435,0,8.625,1,0.6,4.5,0.75,0.35,0.0168,0.4,0,23.441,0,-0.28,0,279.71,0,0,0,0.01,0,0,6.41,90.17,0.7482,-0.0068,-0.6635,7,90.4,0,0,0,0,0,0,3,0,0,0,69,0,0,0,90.4,1,0,0,0,0,3,0,0,0,11.5,-7.947,0,0,0,0,0,0,VALID,0,0,0,0,0,1,0,0,0,0,0,0,0,0,0,0,0,0,0,0,179.85,1253.54,2,0,0.105,0.105,2431,9.52,0.105,0.105,63.25,FLYING,X10-F,0:/Integrated Flight Computer/aircraft/x10_f_cfg.ks (inferred preloaded)
194.82,CRUISE,,199.74,80,-119.74,1499.62,0.02,9.36,9.35,279.68,0.084,0.1431,0,8.71,1,0.6,4.5,0.75,0.35,0.0168,0.4,0,23.438,0,-0.261,0,279.71,0,0,0,0,0,0,6.4,90.17,0.7482,-0.0068,-0.6635,7,90.4,0,0,0,0,0,0,3,0,0,0,69,0,0,0,90.4,1,0,0,0,0,3,0,0,0,11.5,-7.947,0,0,0,0,0,0,VALID,0,0,0,0,0,1,0,0,0,0,0,0,0,0,0,0,0,0,0,0,179.86,1253.64,2,0,0.105,0.105,2434,9.52,0.105,0.105,63.56,FLYING,X10-F,0:/Integrated Flight Computer/aircraft/x10_f_cfg.ks (inferred preloaded)
195.14,CRUISE,,199.76,80,-119.76,1499.63,0.02,9.36,9.35,279.68,0.082,0.1428,0,8.788,1,0.6,4.5,0.75,0.35,0.0168,0.4,0,23.435,0,-0.241,0,279.71,0,0,0,0,0,0,6.39,90.17,0.7482,-0.0068,-0.6635,7,90.4,0,0,0,0,0,0,3,0,0,0,69,0,0,0,90.4,1,0,0,0,0,3,0,0,0,11.5,-7.947,0,0,0,0,0,0,VALID,0,0,0,0,0,1,0,0,0,0,0,0,0,0,0,0,0,0,0,0,179.82,1253.74,2,0,0.105,0.105,2437,9.52,0.105,0.105,63.88,FLYING,X10-F,0:/Integrated Flight Computer/aircraft/x10_f_cfg.ks (inferred preloaded)
195.45,CRUISE,,199.78,80,-119.78,1499.63,0.02,9.36,9.35,279.68,0.08,0.1424,0,8.859,1,0.6,4.5,0.75,0.35,0.0168,0.4,0,23.432,0,-0.221,0,279.71,0,0,0,0,0,0,6.39,90.17,0.7482,-0.0068,-0.6635,7,90.4,0,0,0,0,0,0,3,0,0,0,69,0,0,0,90.4,1,0,0,0,0,3,0,0,0,11.5,-7.947,0,0,0,0,0,0,VALID,0,0,0,0,0,1,0,0,0,0,0,0,0,0,0,0,0,0,0,0,179.73,1253.84,2,0,0.105,0.105,2440,9.52,0.105,0.105,64.19,FLYING,X10-F,0:/Integrated Flight Computer/aircraft/x10_f_cfg.ks (inferred preloaded)
195.77,CRUISE,,199.8,80,-119.8,1499.64,0.02,9.35,9.35,279.68,0.08,0.1422,0,8.925,1,0.6,4.5,0.75,0.35,0.0168,0.4,0,23.429,0,-0.202,0,279.71,0,0,0,0,0,0,6.38,90.17,0.7482,-0.0068,-0.6635,7,90.4,0,0,0,0,0,0,3,0,0,0,69,0,0,0,90.4,1,0,0,0,0,3,0,0,0,11.5,-7.947,0,0,0,0,0,0,VALID,0,0,0,0,0,1,0,0,0,0,0,0,0,0,0,0,0,0,0,0,179.62,1253.94,2,0,0.105,0.105,2443,9.52,0.105,0.105,64.51,FLYING,X10-F,0:/Integrated Flight Computer/aircraft/x10_f_cfg.ks (inferred preloaded)
196.08,CRUISE,,199.82,80,-119.82,1499.64,0.02,9.35,9.35,279.68,0.079,0.142,0,8.984,1,0.6,4.5,0.75,0.35,0.0168,0.4,0,23.426,0,-0.182,0,279.71,0,0,0,0,0,0,6.37,90.17,0.7482,-0.0068,-0.6635,7,90.4,0,0,0,0,0,0,3,0,0,0,69,0,0,0,90.4,1,0,0,0,0,3,0,0,0,11.5,-7.947,0,0,0,0,0,0,VALID,0,0,0,0,0,1,0,0,0,0,0,0,0,0,0,0,0,0,0,0,179.49,1254.04,2,0,0.105,0.105,2446,9.52,0.105,0.105,64.82,FLYING,X10-F,0:/Integrated Flight Computer/aircraft/x10_f_cfg.ks (inferred preloaded)
196.4,CRUISE,,199.84,80,-119.84,1499.64,0.02,9.35,9.35,279.68,0.079,0.1419,0,9.038,1,0.6,4.5,0.75,0.35,0.0168,0.4,0,23.424,0,-0.163,0,279.71,0,0,0,0,0,0,6.37,90.17,0.7482,-0.0068,-0.6635,7,90.4,0,0,0,0,0,0,3,0,0,0,69,0,0,0,90.4,1,0,0,0,0,3,0,0,0,11.5,-7.947,0,0,0,0,0,0,VALID,0,0,0,0,0,1,0,0,0,0,0,0,0,0,0,0,0,0,0,0,179.35,1254.13,2,0,0.105,0.105,2449,9.52,0.105,0.105,65.14,FLYING,X10-F,0:/Integrated Flight Computer/aircraft/x10_f_cfg.ks (inferred preloaded)
196.71,CRUISE,,199.86,80,-119.86,1499.65,0.01,9.35,9.34,279.68,0.078,0.1417,0,9.085,1,0.6,4.5,0.75,0.35,0.0168,0.4,0,23.421,0,-0.144,0,279.71,0,0,0,0,0,0,6.36,90.17,0.7482,-0.0068,-0.6635,7,90.4,0,0,0,0,0,0,3,0,0,0,69,0,0,0,90.4,1,0,0,0,0,3,0,0,0,11.5,-7.947,0,0,0,0,0,0,VALID,0,0,0,0,0,1,0,0,0,0,0,0,0,0,0,0,0,0,0,0,179.21,1254.22,2,0,0.105,0.105,2452,9.52,0.105,0.105,65.45,FLYING,X10-F,0:/Integrated Flight Computer/aircraft/x10_f_cfg.ks (inferred preloaded)
197.03,CRUISE,,199.88,80,-119.88,1499.65,0.01,9.35,9.34,279.68,0.079,0.1414,0,9.127,1,0.6,4.5,0.75,0.35,0.0168,0.4,0,23.418,0,-0.126,0,279.71,0,0,0,0,0,0,6.36,90.17,0.7482,-0.0068,-0.6635,7,90.4,0,0,0,0,0,0,3,0,0,0,69,0,0,0,90.4,1,0,0,0,0,3,0,0,0,11.5,-7.947,0,0,0,0,0,0,VALID,0,0,0,0,0,1,0,0,0,0,0,0,0,0,0,0,0,0,0,0,179.05,1254.32,2,0,0.105,0.105,2455,9.52,0.105,0.105,65.77,FLYING,X10-F,0:/Integrated Flight Computer/aircraft/x10_f_cfg.ks (inferred preloaded)
197.34,CRUISE,,199.89,80,-119.89,1499.65,0.01,9.35,9.34,279.68,0.076,0.1412,0,9.163,1,0.6,4.5,0.75,0.35,0.0168,0.4,0,23.416,0,-0.108,0,279.71,0,0,0,0,0,0,6.35,90.17,0.7482,-0.0068,-0.6635,7,90.4,0,0,0,0,0,0,3,0,0,0,69,0,0,0,90.4,1,0,0,0,0,3,0,0,0,11.5,-7.947,0,0,0,0,0,0,VALID,0,0,0,0,0,1,0,0,0,0,0,0,0,0,0,0,0,0,0,0,178.88,1254.41,2,0,0.105,0.105,2458,9.52,0.105,0.105,66.08,FLYING,X10-F,0:/Integrated Flight Computer/aircraft/x10_f_cfg.ks (inferred preloaded)
197.66,CRUISE,,199.91,80,-119.91,1499.66,0.01,9.34,9.34,279.68,0.077,0.141,0,9.193,1,0.6,4.5,0.75,0.35,0.0168,0.4,0,23.413,0,-0.091,0,279.71,0,0,0,0,0,0,6.34,90.17,0.7482,-0.0068,-0.6635,7,90.4,0,0,0,0,0,0,3,0,0,0,69,0,0,0,90.4,1,0,0,0,0,3,0,0,0,11.5,-7.947,0,0,0,0,0,0,VALID,0,0,0,0,0,1,0,0,0,0,0,0,0,0,0,0,0,0,0,0,178.7,1254.49,2,0,0.105,0.105,2461,9.52,0.105,0.105,66.4,FLYING,X10-F,0:/Integrated Flight Computer/aircraft/x10_f_cfg.ks (inferred preloaded)
197.97,CRUISE,,199.93,80,-119.93,1499.66,0.01,9.34,9.34,279.68,0.077,0.1407,0,9.218,1,0.6,4.5,0.75,0.35,0.0168,0.4,0,23.411,0,-0.074,0,279.71,0,0,0,0,0,0,6.34,90.17,0.7482,-0.0068,-0.6635,7,90.4,0,0,0,0,0,0,3,0,0,0,69,0,0,0,90.4,1,0,0,0,0,3,0,0,0,11.5,-7.947,0,0,0,0,0,0,VALID,0,0,0,0,0,1,0,0,0,0,0,0,0,0,0,0,0,0,0,0,178.51,1254.58,2,0,0.105,0.105,2464,9.52,0.105,0.105,66.71,FLYING,X10-F,0:/Integrated Flight Computer/aircraft/x10_f_cfg.ks (inferred preloaded)
198.29,CRUISE,,199.94,80,-119.94,1499.66,0.01,9.34,9.34,279.68,0.079,0.1405,0,9.238,1,0.6,4.5,0.75,0.35,0.0168,0.4,0,23.408,0,-0.058,0,279.72,0,0,0,0,0,0,6.33,90.17,0.7482,-0.0068,-0.6635,7,90.4,0,0,0,0,0,0,3,0,0,0,69,0,0,0,90.4,1,0,0,0,0,3,0,0,0,11.5,-7.947,0,0,0,0,0,0,VALID,0,0,0,0,0,1,0,0,0,0,0,0,0,0,0,0,0,0,0,0,178.31,1254.66,2,0,0.105,0.105,2467,9.52,0.105,0.105,67.03,FLYING,X10-F,0:/Integrated Flight Computer/aircraft/x10_f_cfg.ks (inferred preloaded)
198.6,CRUISE,,199.96,80,-119.96,1499.67,0.01,9.34,9.34,279.68,0.079,0.1403,0,9.253,1,0.6,4.5,0.75,0.35,0.0168,0.4,0,23.406,0,-0.042,0,279.72,0,0,0,0,0,0,6.32,90.17,0.7482,-0.0068,-0.6635,7,90.4,0,0,0,0,0,0,3,0,0,0,69,0,0,0,90.4,1,0,0,0,0,3,0,0,0,11.5,-7.947,0,0,0,0,0,0,VALID,0,0,0,0,0,1,0,0,0,0,0,0,0,0,0,0,0,0,0,0,178.11,1254.74,2,0,0.105,0.105,2470,9.52,0.105,0.105,67.34,FLYING,X10-F,0:/Integrated Flight Computer/aircraft/x10_f_cfg.ks (inferred preloaded)
198.92,CRUISE,,199.97,80,-119.97,1499.67,0.01,9.34,9.34,279.68,0.08,0.1401,0,9.263,1,0.6,4.5,0.75,0.35,0.0168,0.4,0,23.404,0,-0.027,0,279.72,0,0,0,0,0,0,6.32,90.17,0.7482,-0.0068,-0.6635,7,90.4,0,0,0,0,0,0,3,0,0,0,69,0,0,0,90.4,1,0,0,0,0,3,0,0,0,11.5,-7.947,0,0,0,0,0,0,VALID,0,0,0,0,0,1,0,0,0,0,0,0,0,0,0,0,0,0,0,0,177.89,1254.81,2,0,0.105,0.105,2473,9.52,0.105,0.105,67.66,FLYING,X10-F,0:/Integrated Flight Computer/aircraft/x10_f_cfg.ks (inferred preloaded)
199.23,CRUISE,,199.99,80,-119.99,1499.67,0.01,9.34,9.34,279.68,0.079,0.1398,0,9.268,1,0.6,4.5,0.75,0.35,0.0168,0.4,0,23.402,0,-0.012,0,279.72,0,0,0,0,0,0,6.31,90.18,0.7482,-0.0068,-0.6635,7,90.4,0,0,0,0,0,0,3,0,0,0,69,0,0,0,90.4,1,0,0,0,0,3,0,0,0,11.5,-7.947,0,0,0,0,0,0,VALID,0,0,0,0,0,1,0,0,0,0,0,0,0,0,0,0,0,0,0,0,177.67,1254.89,2,0,0.105,0.105,2476,9.52,0.105,0.105,67.97,FLYING,X10-F,0:/Integrated Flight Computer/aircraft/x10_f_cfg.ks (inferred preloaded)
199.55,CRUISE,,200,80,-120,1499.68,0.01,9.34,9.33,279.68,0.079,0.1395,0,9.269,1,0.6,4.5,0.75,0.35,0.0168,0.4,0,23.4,0,0.002,0,279.72,0,0,0,0,0,0,6.3,90.18,0.7482,-0.0068,-0.6635,7,90.4,0,0,0,0,0,0,3,0,0,0,69,0,0,0,90.4,1,0,0,0,0,3,0,0,0,11.5,-7.947,0,0,0,0,0,0,VALID,0,0,0,0,0,1,0,0,0,0,0,0,0,0,0,0,0,0,0,0,177.44,1254.96,2,0,0.105,0.105,2479,9.52,0.105,0.105,68.29,FLYING,X10-F,0:/Integrated Flight Computer/aircraft/x10_f_cfg.ks (inferred preloaded)
199.86,CRUISE,,200.02,80,-120.02,1499.68,0.01,9.34,9.33,279.68,0.079,0.1393,0,9.266,1,0.6,4.5,0.75,0.35,0.0168,0.4,0,23.398,0,0.015,0,279.72,0,0,0,0,0,0,6.3,90.18,0.7482,-0.0068,-0.6635,7,90.4,0,0,0,0,0,0,3,0,0,0,69,0,0,0,90.4,1,0,0,0,0,3,0,0,0,11.5,-7.947,0,0,0,0,0,0,VALID,0,0,0,0,0,1,0,0,0,0,0,0,0,0,0,0,0,0,0,0,177.19,1255.02,2,0,0.105,0.105,2482,9.52,0.105,0.105,68.6,FLYING,X10-F,0:/Integrated Flight Computer/aircraft/x10_f_cfg.ks (inferred preloaded)
200.18,CRUISE,,200.03,80,-120.03,1499.68,0.01,9.34,9.33,279.68,0.078,0.1391,0,9.259,1,0.6,4.5,0.75,0.35,0.0168,0.4,0,23.396,0,0.027,0,279.72,0,0,0,0,0,0,6.29,90.18,0.7482,-0.0068,-0.6635,7,90.4,0,0,0,0,0,0,3,0,0,0,69,0,0,0,90.4,1,0,0,0,0,3,0,0,0,11.5,-7.947,0,0,0,0,0,0,VALID,0,0,0,0,0,1,0,0,0,0,0,0,0,0,0,0,0,0,0,0,176.95,1255.08,2,0,0.105,0.105,2485,9.52,0.105,0.105,68.92,FLYING,X10-F,0:/Integrated Flight Computer/aircraft/x10_f_cfg.ks (inferred preloaded)
200.49,CRUISE,,200.04,80,-120.04,1499.68,0.01,9.33,9.33,279.68,0.076,0.1389,0,9.248,1,0.6,4.5,0.75,0.35,0.0168,0.4,0,23.394,0,0.039,0,279.72,0,0,0,0,0,0,6.28,90.18,0.7482,-0.0068,-0.6635,7,90.4,0,0,0,0,0,0,3,0,0,0,69,0,0,0,90.4,1,0,0,0,0,3,0,0,0,11.5,-7.947,0,0,0,0,0,0,VALID,0,0,0,0,0,1,0,0,0,0,0,0,0,0,0,0,0,0,0,0,176.7,1255.14,2,0,0.105,0.105,2488,9.52,0.105,0.105,69.23,FLYING,X10-F,0:/Integrated Flight Computer/aircraft/x10_f_cfg.ks (inferred preloaded)
200.81,CRUISE,,200.05,80,-120.05,1499.69,0.01,9.33,9.33,279.68,0.078,0.1388,0,9.233,1,0.6,4.5,0.75,0.35,0.0168,0.4,0,23.393,0,0.049,0,279.72,0,0,0,0,0,0,6.28,90.18,0.7482,-0.0068,-0.6635,7,90.4,0,0,0,0,0,0,3,0,0,0,69,0,0,0,90.4,1,0,0,0,0,3,0,0,0,11.5,-7.947,0,0,0,0,0,0,VALID,0,0,0,0,0,1,0,0,0,0,0,0,0,0,0,0,0,0,0,0,176.46,1255.19,2,0,0.105,0.105,2491,9.52,0.105,0.105,69.55,FLYING,X10-F,0:/Integrated Flight Computer/aircraft/x10_f_cfg.ks (inferred preloaded)
201.12,CRUISE,,200.06,80,-120.06,1499.69,0.01,9.33,9.33,279.69,0.077,0.1386,0,9.215,1,0.6,4.5,0.75,0.35,0.0168,0.4,0,23.391,0,0.06,0,279.72,0,0,0,0,0,0,6.27,90.18,0.7482,-0.0068,-0.6635,7,90.4,0,0,0,0,0,0,3,0,0,0,69,0,0,0,90.4,1,0,0,0,0,3,0,0,0,11.5,-7.947,0,0,0,0,0,0,VALID,0,0,0,0,0,1,0,0,0,0,0,0,0,0,0,0,0,0,0,0,176.23,1255.24,2,0,0.105,0.105,2494,9.52,0.105,0.105,69.86,FLYING,X10-F,0:/Integrated Flight Computer/aircraft/x10_f_cfg.ks (inferred preloaded)
201.44,CRUISE,,200.07,80,-120.07,1499.69,0.01,9.33,9.33,279.69,0.076,0.1384,0,9.195,1,0.6,4.5,0.75,0.35,0.0168,0.4,0,23.39,0,0.069,0,279.72,0,0,0,0,0,0,6.27,90.18,0.7482,-0.0068,-0.6635,7,90.4,0,0,0,0,0,0,3,0,0,0,69,0,0,0,90.4,1,0,0,0,0,3,0,0,0,11.5,-7.947,0,0,0,0,0,0,VALID,0,0,0,0,0,1,0,0,0,0,0,0,0,0,0,0,0,0,0,0,176,1255.29,2,0,0.105,0.105,2497,9.52,0.105,0.105,70.18,FLYING,X10-F,0:/Integrated Flight Computer/aircraft/x10_f_cfg.ks (inferred preloaded)
201.75,CRUISE,,200.08,80,-120.08,1499.69,0.01,9.33,9.33,279.69,0.075,0.1383,0,9.171,1,0.6,4.5,0.75,0.35,0.0168,0.4,0,23.389,0,0.077,0,279.72,0,0,0,0,0,0,6.26,90.18,0.7482,-0.0068,-0.6635,7,90.4,0,0,0,0,0,0,3,0,0,0,69,0,0,0,90.4,1,0,0,0,0,3,0,0,0,11.5,-7.947,0,0,0,0,0,0,VALID,0,0,0,0,0,1,0,0,0,0,0,0,0,0,0,0,0,0,0,0,175.76,1255.33,2,0,0.105,0.105,2500,9.52,0.105,0.105,70.49,FLYING,X10-F,0:/Integrated Flight Computer/aircraft/x10_f_cfg.ks (inferred preloaded)
202.07,CRUISE,,200.09,80,-120.09,1499.7,0.01,9.33,9.33,279.69,0.076,0.1382,0,9.145,1,0.6,4.5,0.75,0.35,0.0168,0.4,0,23.388,0,0.085,0,279.72,0,0,0,0,0,0,6.25,90.18,0.7482,-0.0068,-0.6635,7,90.4,0,0,0,0,0,0,3,0,0,0,69,0,0,0,90.4,1,0,0,0,0,3,0,0,0,11.5,-7.947,0,0,0,0,0,0,VALID,0,0,0,0,0,1,0,0,0,0,0,0,0,0,0,0,0,0,0,0,175.54,1255.37,2,0,0.105,0.105,2503,9.52,0.105,0.105,70.81,FLYING,X10-F,0:/Integrated Flight Computer/aircraft/x10_f_cfg.ks (inferred preloaded)
202.38,CRUISE,,200.09,80,-120.09,1499.7,0.01,9.33,9.33,279.69,0.076,0.138,0,9.117,1,0.6,4.5,0.75,0.35,0.0168,0.4,0,23.387,0,0.092,0,279.72,0,0,0,0,0,0,6.25,90.18,0.7482,-0.0068,-0.6635,7,90.4,0,0,0,0,0,0,3,0,0,0,69,0,0,0,90.4,1,0,0,0,0,3,0,0,0,11.5,-7.947,0,0,0,0,0,0,VALID,0,0,0,0,0,1,0,0,0,0,0,0,0,0,0,0,0,0,0,0,175.32,1255.4,2,0,0.105,0.105,2506,9.52,0.105,0.105,71.12,FLYING,X10-F,0:/Integrated Flight Computer/aircraft/x10_f_cfg.ks (inferred preloaded)
202.7,CRUISE,,200.1,80,-120.1,1499.7,0.01,9.33,9.33,279.69,0.076,0.1378,0,9.086,1,0.6,4.5,0.75,0.35,0.0168,0.4,0,23.386,0,0.099,0,279.72,0,0,0,0,0,0,6.24,90.18,0.7482,-0.0068,-0.6635,7,90.4,0,0,0,0,0,0,3,0,0,0,69,0,0,0,90.4,1,0,0,0,0,3,0,0,0,11.5,-7.947,0,0,0,0,0,0,VALID,0,0,0,0,0,1,0,0,0,0,0,0,0,0,0,0,0,0,0,0,175.1,1255.44,2,0,0.105,0.105,2509,9.52,0.105,0.105,71.44,FLYING,X10-F,0:/Integrated Flight Computer/aircraft/x10_f_cfg.ks (inferred preloaded)
203.01,CRUISE,,200.11,80,-120.11,1499.7,0.01,9.33,9.33,279.69,0.077,0.1377,0,9.054,1,0.6,4.5,0.75,0.35,0.0168,0.4,0,23.385,0,0.104,0,279.72,0,0,0,0,0,0,6.23,90.18,0.7482,-0.0068,-0.6635,7,90.4,0,0,0,0,0,0,3,0,0,0,69,0,0,0,90.4,1,0,0,0,0,3,0,0,0,11.5,-7.947,0,0,0,0,0,0,VALID,0,0,0,0,0,1,0,0,0,0,0,0,0,0,0,0,0,0,0,0,174.88,1255.46,2,0,0.105,0.105,2512,9.52,0.105,0.105,71.75,FLYING,X10-F,0:/Integrated Flight Computer/aircraft/x10_f_cfg.ks (inferred preloaded)
203.33,CRUISE,,200.11,80,-120.11,1499.7,0.01,9.33,9.33,279.69,0.079,0.1375,0,9.02,1,0.6,4.5,0.75,0.35,0.0168,0.4,0,23.384,0,0.11,0,279.72,0,0,0,0,0,0,6.23,90.18,0.7482,-0.0068,-0.6635,7,90.4,0,0,0,0,0,0,3,0,0,0,69,0,0,0,90.4,1,0,0,0,0,3,0,0,0,11.5,-7.947,0,0,0,0,0,0,VALID,0,0,0,0,0,1,0,0,0,0,0,0,0,0,0,0,0,0,0,0,174.67,1255.49,2,0,0.105,0.105,2515,9.52,0.105,0.105,72.07,FLYING,X10-F,0:/Integrated Flight Computer/aircraft/x10_f_cfg.ks (inferred preloaded)
203.64,CRUISE,,200.11,80,-120.11,1499.71,0.01,9.33,9.33,279.69,0.079,0.1374,0,8.984,1,0.6,4.5,0.75,0.35,0.0168,0.4,0,23.384,0,0.114,0,279.72,0,0,0,0,0,0,6.22,90.18,0.7482,-0.0068,-0.6635,7,90.4,0,0,0,0,0,0,3,0,0,0,69,0,0,0,90.4,1,0,0,0,0,3,0,0,0,11.5,-7.947,0,0,0,0,0,0,VALID,0,0,0,0,0,1,0,0,0,0,0,0,0,0,0,0,0,0,0,0,174.45,1255.51,2,0,0.105,0.105,2518,9.52,0.105,0.105,72.38,FLYING,X10-F,0:/Integrated Flight Computer/aircraft/x10_f_cfg.ks (inferred preloaded)
203.96,CRUISE,,200.12,80,-120.12,1499.71,0.01,9.33,9.33,279.69,0.079,0.1373,0,8.948,1,0.6,4.5,0.75,0.35,0.0168,0.4,0,23.383,0,0.117,0,279.72,0,0,0,0,0,0,6.21,90.18,0.7482,-0.0068,-0.6635,7,90.4,0,0,0,0,0,0,3,0,0,0,69,0,0,0,90.4,1,0,0,0,0,3,0,0,0,11.5,-7.947,0,0,0,0,0,0,VALID,0,0,0,0,0,1,0,0,0,0,0,0,0,0,0,0,0,0,0,0,174.25,1255.53,2,0,0.105,0.105,2521,9.52,0.105,0.105,72.7,FLYING,X10-F,0:/Integrated Flight Computer/aircraft/x10_f_cfg.ks (inferred preloaded)
204.27,CRUISE,,200.12,80,-120.12,1499.71,0.01,9.33,9.33,279.69,0.078,0.1373,0,8.91,1,0.6,4.5,0.75,0.35,0.0168,0.4,0,23.383,0,0.12,0,279.72,0,0,0,0,0,0,6.21,90.18,0.7482,-0.0068,-0.6635,7,90.4,0,0,0,0,0,0,3,0,0,0,69,0,0,0,90.4,1,0,0,0,0,3,0,0,0,11.5,-7.947,0,0,0,0,0,0,VALID,0,0,0,0,0,1,0,0,0,0,0,0,0,0,0,0,0,0,0,0,174.06,1255.54,2,0,0.105,0.105,2524,9.52,0.105,0.105,73.01,FLYING,X10-F,0:/Integrated Flight Computer/aircraft/x10_f_cfg.ks (inferred preloaded)
204.59,CRUISE,,200.12,80,-120.12,1499.71,0.01,9.33,9.33,279.69,0.079,0.1372,0,8.872,1,0.6,4.5,0.75,0.35,0.0168,0.4,0,23.382,0,0.123,0,279.72,0,0,0,0,0,0,6.2,90.18,0.7482,-0.0068,-0.6635,7,90.4,0,0,0,0,0,0,3,0,0,0,69,0,0,0,90.4,1,0,0,0,0,3,0,0,0,11.5,-7.947,0,0,0,0,0,0,VALID,0,0,0,0,0,1,0,0,0,0,0,0,0,0,0,0,0,0,0,0,173.88,1255.55,2,0,0.105,0.105,2527,9.52,0.105,0.105,73.33,FLYING,X10-F,0:/Integrated Flight Computer/aircraft/x10_f_cfg.ks (inferred preloaded)
204.9,CRUISE,,200.12,80,-120.12,1499.71,0.01,9.33,9.33,279.69,0.079,0.1371,0,8.833,1,0.6,4.5,0.75,0.35,0.0168,0.4,0,23.382,0,0.124,0,279.72,0,0,0,0,0,0,6.19,90.18,0.7482,-0.0068,-0.6635,7,90.4,0,0,0,0,0,0,3,0,0,0,69,0,0,0,90.4,1,0,0,0,0,3,0,0,0,11.5,-7.947,0,0,0,0,0,0,VALID,0,0,0,0,0,1,0,0,0,0,0,0,0,0,0,0,0,0,0,0,173.71,1255.56,2,0,0.105,0.105,2530,9.52,0.105,0.105,73.64,FLYING,X10-F,0:/Integrated Flight Computer/aircraft/x10_f_cfg.ks (inferred preloaded)
205.22,CRUISE,,200.13,80,-120.13,1499.72,0.01,9.33,9.33,279.69,0.079,0.137,0,8.794,1,0.6,4.5,0.75,0.35,0.0168,0.4,0,23.382,0,0.125,0,279.72,0,0,0,0,0,0,6.19,90.18,0.7482,-0.0068,-0.6635,7,90.4,0,0,0,0,0,0,3,0,0,0,69,0,0,0,90.4,1,0,0,0,0,3,0,0,0,11.5,-7.947,0,0,0,0,0,0,VALID,0,0,0,0,0,1,0,0,0,0,0,0,0,0,0,0,0,0,0,0,173.54,1255.56,2,0,0.105,0.105,2533,9.52,0.105,0.105,73.96,FLYING,X10-F,0:/Integrated Flight Computer/aircraft/x10_f_cfg.ks (inferred preloaded)
205.53,CRUISE,,200.13,80,-120.13,1499.72,0.01,9.33,9.33,279.69,0.081,0.1369,0,8.754,1,0.6,4.5,0.75,0.35,0.0168,0.4,0,23.382,0,0.126,0,279.72,0,0,0,0,0,0,6.18,90.18,0.7482,-0.0068,-0.6635,7,90.4,0,0,0,0,0,0,3,0,0,0,69,0,0,0,90.4,1,0,0,0,0,3,0,0,0,11.5,-7.947,0,0,0,0,0,0,VALID,0,0,0,0,0,1,0,0,0,0,0,0,0,0,0,0,0,0,0,0,173.39,1255.56,2,0,0.105,0.105,2536,9.52,0.105,0.105,74.27,FLYING,X10-F,0:/Integrated Flight Computer/aircraft/x10_f_cfg.ks (inferred preloaded)
205.85,CRUISE,,200.13,80,-120.13,1499.72,0.01,9.33,9.33,279.69,0.079,0.1368,0,8.714,1,0.6,4.5,0.75,0.35,0.0168,0.4,0,23.382,0,0.126,0,279.72,0,0,0,0,0,0,6.18,90.18,0.7482,-0.0068,-0.6635,7,90.4,0,0,0,0,0,0,3,0,0,0,69,0,0,0,90.4,1,0,0,0,0,3,0,0,0,11.5,-7.947,0,0,0,0,0,0,VALID,0,0,0,0,0,1,0,0,0,0,0,0,0,0,0,0,0,0,0,0,173.23,1255.56,2,0,0.105,0.105,2539,9.52,0.105,0.105,74.59,FLYING,X10-F,0:/Integrated Flight Computer/aircraft/x10_f_cfg.ks (inferred preloaded)
206.16,CRUISE,,200.13,80,-120.13,1499.72,0.01,9.33,9.33,279.69,0.079,0.1369,0,8.675,1,0.6,4.5,0.75,0.35,0.0168,0.4,0,23.382,0,0.126,0,279.72,0,0,0,0,0,0,6.17,90.18,0.7482,-0.0068,-0.6635,7,90.4,0,0,0,0,0,0,3,0,0,0,69,0,0,0,90.4,1,0,0,0,0,3,0,0,0,11.5,-7.947,0,0,0,0,0,0,VALID,0,0,0,0,0,1,0,0,0,0,0,0,0,0,0,0,0,0,0,0,173.08,1255.56,2,0,0.105,0.105,2542,9.52,0.105,0.105,74.9,FLYING,X10-F,0:/Integrated Flight Computer/aircraft/x10_f_cfg.ks (inferred preloaded)
206.48,CRUISE,,200.12,80,-120.12,1499.72,0.01,9.33,9.33,279.69,0.08,0.1369,0,8.635,1,0.6,4.5,0.75,0.35,0.0168,0.4,0,23.382,0,0.125,0,279.72,0,0,0,0,0,0,6.16,90.18,0.7482,-0.0068,-0.6635,7,90.4,0,0,0,0,0,0,3,0,0,0,69,0,0,0,90.4,1,0,0,0,0,3,0,0,0,11.5,-7.947,0,0,0,0,0,0,VALID,0,0,0,0,0,1,0,0,0,0,0,0,0,0,0,0,0,0,0,0,172.95,1255.55,2,0,0.105,0.105,2545,9.52,0.105,0.105,75.22,FLYING,X10-F,0:/Integrated Flight Computer/aircraft/x10_f_cfg.ks (inferred preloaded)
206.79,CRUISE,,200.12,80,-120.12,1499.72,0.01,9.33,9.33,279.69,0.079,0.1368,0,8.596,1,0.6,4.5,0.75,0.35,0.0168,0.4,0,23.382,0,0.123,0,279.73,0,0,0,0,0,0,6.16,90.18,0.7482,-0.0068,-0.6635,7,90.4,0,0,0,0,0,0,3,0,0,0,69,0,0,0,90.4,1,0,0,0,0,3,0,0,0,11.5,-7.947,0,0,0,0,0,0,VALID,0,0,0,0,0,1,0,0,0,0,0,0,0,0,0,0,0,0,0,0,172.83,1255.54,2,0,0.105,0.105,2548,9.52,0.105,0.105,75.53,FLYING,X10-F,0:/Integrated Flight Computer/aircraft/x10_f_cfg.ks (inferred preloaded)
207.11,CRUISE,,200.12,80,-120.12,1499.73,0.01,9.33,9.33,279.69,0.077,0.1368,0,8.558,1,0.6,4.5,0.75,0.35,0.0168,0.4,0,23.382,0,0.121,0,279.73,0,0,0,0,0,0,6.15,90.18,0.7482,-0.0068,-0.6635,7,90.4,0,0,0,0,0,0,3,0,0,0,69,0,0,0,90.4,1,0,0,0,0,3,0,0,0,11.5,-7.947,0,0,0,0,0,0,VALID,0,0,0,0,0,1,0,0,0,0,0,0,0,0,0,0,0,0,0,0,172.71,1255.53,2,0,0.105,0.105,2551,9.52,0.105,0.105,75.85,FLYING,X10-F,0:/Integrated Flight Computer/aircraft/x10_f_cfg.ks (inferred preloaded)
207.42,CRUISE,,200.12,80,-120.12,1499.73,0.01,9.33,9.33,279.69,0.077,0.1368,0,8.52,1,0.6,4.5,0.75,0.35,0.0168,0.4,0,23.383,0,0.119,0,279.73,0,0,0,0,0,0,6.14,90.18,0.7482,-0.0068,-0.6635,7,90.4,0,0,0,0,0,0,3,0,0,0,69,0,0,0,90.4,1,0,0,0,0,3,0,0,0,11.5,-7.947,0,0,0,0,0,0,VALID,0,0,0,0,0,1,0,0,0,0,0,0,0,0,0,0,0,0,0,0,172.61,1255.52,2,0,0.105,0.105,2554,9.52,0.105,0.105,76.16,FLYING,X10-F,0:/Integrated Flight Computer/aircraft/x10_f_cfg.ks (inferred preloaded)
207.74,CRUISE,,200.12,80,-120.12,1499.73,0.01,9.33,9.33,279.69,0.078,0.1368,0,8.483,1,0.6,4.5,0.75,0.35,0.0168,0.4,0,23.383,0,0.117,0,279.73,0,0,0,0,0,0,6.14,90.18,0.7482,-0.0068,-0.6635,7,90.4,0,0,0,0,0,0,3,0,0,0,69,0,0,0,90.4,1,0,0,0,0,3,0,0,0,11.5,-7.947,0,0,0,0,0,0,VALID,0,0,0,0,0,1,0,0,0,0,0,0,0,0,0,0,0,0,0,0,172.51,1255.51,2,0,0.105,0.105,2557,9.52,0.105,0.105,76.48,FLYING,X10-F,0:/Integrated Flight Computer/aircraft/x10_f_cfg.ks (inferred preloaded)
208.05,CRUISE,,200.11,80,-120.11,1499.73,0.01,9.33,9.33,279.69,0.077,0.1368,0,8.447,1,0.6,4.5,0.75,0.35,0.0168,0.4,0,23.384,0,0.114,0,279.73,0,0,0,0,0,0,6.13,90.18,0.7482,-0.0068,-0.6635,7,90.4,0,0,0,0,0,0,3,0,0,0,69,0,0,0,90.4,1,0,0,0,0,3,0,0,0,11.5,-7.947,0,0,0,0,0,0,VALID,0,0,0,0,0,1,0,0,0,0,0,0,0,0,0,0,0,0,0,0,172.43,1255.49,2,0,0.105,0.105,2560,9.52,0.105,0.105,76.79,FLYING,X10-F,0:/Integrated Flight Computer/aircraft/x10_f_cfg.ks (inferred preloaded)
208.37,CRUISE,,200.11,80,-120.11,1499.73,0.01,9.33,9.33,279.69,0.076,0.1368,0,8.412,1,0.6,4.5,0.75,0.35,0.0168,0.4,0,23.384,0,0.11,0,279.73,0,0,0,0,0,0,6.12,90.18,0.7482,-0.0068,-0.6635,7,90.4,0,0,0,0,0,0,3,0,0,0,69,0,0,0,90.4,1,0,0,0,0,3,0,0,0,11.5,-7.947,0,0,0,0,0,0,VALID,0,0,0,0,0,1,0,0,0,0,0,0,0,0,0,0,0,0,0,0,172.36,1255.47,2,0,0.105,0.105,2563,9.52,0.105,0.105,77.11,FLYING,X10-F,0:/Integrated Flight Computer/aircraft/x10_f_cfg.ks (inferred preloaded)
208.68,CRUISE,,200.11,80,-120.11,1499.73,0.01,9.33,9.33,279.69,0.077,0.1367,0,8.378,1,0.6,4.5,0.75,0.35,0.0168,0.4,0,23.384,0,0.107,0,279.73,0,0,0,0,0,0,6.12,90.19,0.7482,-0.0068,-0.6635,7,90.4,0,0,0,0,0,0,3,0,0,0,69,0,0,0,90.4,1,0,0,0,0,3,0,0,0,11.5,-7.947,0,0,0,0,0,0,VALID,0,0,0,0,0,1,0,0,0,0,0,0,0,0,0,0,0,0,0,0,172.29,1255.46,2,0,0.105,0.105,2566,9.52,0.105,0.105,77.42,FLYING,X10-F,0:/Integrated Flight Computer/aircraft/x10_f_cfg.ks (inferred preloaded)
209,CRUISE,,200.1,80,-120.1,1499.73,0.01,9.33,9.33,279.69,0.078,0.1367,0,8.345,1,0.6,4.5,0.75,0.35,0.0168,0.4,0,23.385,0,0.103,0,279.73,0,0,0,0,0,0,6.11,90.19,0.7482,-0.0068,-0.6635,7,90.4,0,0,0,0,0,0,3,0,0,0,69,0,0,0,90.4,1,0,0,0,0,3,0,0,0,11.5,-7.947,0,0,0,0,0,0,VALID,0,0,0,0,0,1,0,0,0,0,0,0,0,0,0,0,0,0,0,0,172.22,1255.44,2,0,0.105,0.105,2569,9.52,0.105,0.105,77.74,FLYING,X10-F,0:/Integrated Flight Computer/aircraft/x10_f_cfg.ks (inferred preloaded)
209.31,CRUISE,,200.1,80,-120.1,1499.74,0.01,9.33,9.33,279.69,0.077,0.1367,0,8.313,1,0.6,4.5,0.75,0.35,0.0168,0.4,0,23.386,0,0.1,0,279.73,0,0,0,0,0,0,6.1,90.19,0.7482,-0.0068,-0.6635,7,90.4,0,0,0,0,0,0,3,0,0,0,69,0,0,0,90.4,1,0,0,0,0,3,0,0,0,11.5,-7.947,0,0,0,0,0,0,VALID,0,0,0,0,0,1,0,0,0,0,0,0,0,0,0,0,0,0,0,0,172.15,1255.41,2,0,0.105,0.105,2572,9.52,0.105,0.105,78.05,FLYING,X10-F,0:/Integrated Flight Computer/aircraft/x10_f_cfg.ks (inferred preloaded)
209.63,CRUISE,,200.09,80,-120.09,1499.74,0.01,9.33,9.33,279.69,0.076,0.1368,0,8.282,1,0.6,4.5,0.75,0.35,0.0168,0.4,0,23.386,0,0.095,0,279.73,0,0,0,0,0,0,6.1,90.19,0.7482,-0.0068,-0.6635,7,90.4,0,0,0,0,0,0,3,0,0,0,69,0,0,0,90.4,1,0,0,0,0,3,0,0,0,11.5,-7.947,0,0,0,0,0,0,VALID,0,0,0,0,0,1,0,0,0,0,0,0,0,0,0,0,0,0,0,0,172.1,1255.39,2,0,0.105,0.105,2575,9.52,0.105,0.105,78.37,FLYING,X10-F,0:/Integrated Flight Computer/aircraft/x10_f_cfg.ks (inferred preloaded)
209.94,CRUISE,,200.09,80,-120.09,1499.74,0.01,9.33,9.33,279.69,0.076,0.1369,0,8.253,1,0.6,4.5,0.75,0.35,0.0168,0.4,0,23.387,0,0.091,0,279.73,0,0,0,0,0,0,6.09,90.19,0.7482,-0.0068,-0.6635,7,90.4,0,0,0,0,0,0,3,0,0,0,69,0,0,0,90.4,1,0,0,0,0,3,0,0,0,11.5,-7.947,0,0,0,0,0,0,VALID,0,0,0,0,0,1,0,0,0,0,0,0,0,0,0,0,0,0,0,0,172.06,1255.37,2,0,0.105,0.105,2578,9.52,0.105,0.105,78.68,FLYING,X10-F,0:/Integrated Flight Computer/aircraft/x10_f_cfg.ks (inferred preloaded)
210.26,CRUISE,,200.09,80,-120.09,1499.74,0,9.33,9.33,279.69,0.078,0.1369,0,8.225,1,0.6,4.5,0.75,0.35,0.0168,0.4,0,23.387,0,0.087,0,279.73,0,0,0,0,0,0,6.09,90.19,0.7482,-0.0068,-0.6635,7,90.4,0,0,0,0,0,0,3,0,0,0,69,0,0,0,90.4,1,0,0,0,0,3,0,0,0,11.5,-7.947,0,0,0,0,0,0,VALID,0,0,0,0,0,1,0,0,0,0,0,0,0,0,0,0,0,0,0,0,172.03,1255.35,2,0,0.105,0.105,2581,9.52,0.105,0.105,79,FLYING,X10-F,0:/Integrated Flight Computer/aircraft/x10_f_cfg.ks (inferred preloaded)
210.57,CRUISE,,200.08,80,-120.08,1499.74,0,9.33,9.33,279.7,0.082,0.1369,0,8.199,1,0.6,4.5,0.75,0.35,0.0168,0.4,0,23.388,0,0.082,0,279.73,0,0,0,0,0,0,6.08,90.19,0.7482,-0.0068,-0.6635,7,90.4,0,0,0,0,0,0,3,0,0,0,69,0,0,0,90.4,1,0,0,0,0,3,0,0,0,11.5,-7.947,0,0,0,0,0,0,VALID,0,0,0,0,0,1,0,0,0,0,0,0,0,0,0,0,0,0,0,0,172.01,1255.32,2,0,0.105,0.105,2584,9.52,0.105,0.105,79.31,FLYING,X10-F,0:/Integrated Flight Computer/aircraft/x10_f_cfg.ks (inferred preloaded)
210.89,CRUISE,,200.08,80,-120.08,1499.74,0,9.33,9.33,279.7,0.082,0.137,0,8.174,1,0.6,4.5,0.75,0.35,0.0168,0.4,0,23.389,0,0.077,0,279.73,0,0,0,0,0,0,6.07,90.19,0.7482,-0.0068,-0.6635,7,90.4,0,0,0,0,0,0,3,0,0,0,69,0,0,0,90.4,1,0,0,0,0,3,0,0,0,11.5,-7.947,0,0,0,0,0,0,VALID,0,0,0,0,0,1,0,0,0,0,0,0,0,0,0,0,0,0,0,0,171.96,1255.3,2,0,0.105,0.105,2587,9.52,0.105,0.105,79.63,FLYING,X10-F,0:/Integrated Flight Computer/aircraft/x10_f_cfg.ks (inferred preloaded)
211.2,CRUISE,,200.07,80,-120.07,1499.74,0,9.33,9.33,279.7,0.081,0.1371,0,8.151,1,0.6,4.5,0.75,0.35,0.0168,0.4,0,23.39,0,0.072,0,279.73,0,0,0,0,0,0,6.07,90.19,0.7482,-0.0068,-0.6635,7,90.4,0,0,0,0,0,0,3,0,0,0,69,0,0,0,90.4,1,0,0,0,0,3,0,0,0,11.5,-7.947,0,0,0,0,0,0,VALID,0,0,0,0,0,1,0,0,0,0,0,0,0,0,0,0,0,0,0,0,172.16,1255.27,2,0,0.105,0.105,2590,9.52,0.105,0.105,79.94,FLYING,X10-F,0:/Integrated Flight Computer/aircraft/x10_f_cfg.ks (inferred preloaded)
211.52,CRUISE,,200.07,80,-120.07,1499.74,0,9.33,9.33,279.7,0.079,0.1369,0,8.129,1,0.6,4.5,0.75,0.35,0.0168,0.4,0,23.39,0,0.068,0,279.73,0,0,0,0,0,0,6.06,90.19,0.7482,-0.0068,-0.6635,7,90.4,0,0,0,0,0,0,3,0,0,0,69,0,0,0,90.4,1,0,0,0,0,3,0,0,0,11.5,-7.947,0,0,0,0,0,0,VALID,0,0,0,0,0,1,0,0,0,0,0,0,0,0,0,0,0,0,0,0,171.97,1255.25,2,0,0.105,0.105,2593,9.52,0.105,0.105,80.26,FLYING,X10-F,0:/Integrated Flight Computer/aircraft/x10_f_cfg.ks (inferred preloaded)
211.83,CRUISE,,200.06,80,-120.06,1499.74,0,9.33,9.33,279.7,0.08,0.137,0,8.109,1,0.6,4.5,0.75,0.35,0.0168,0.4,0,23.391,0,0.063,0,279.73,0,0,0,0,0,0,6.05,90.19,0.7482,-0.0068,-0.6635,7,90.4,0,0,0,0,0,0,3,0,0,0,69,0,0,0,90.4,1,0,0,0,0,3,0,0,0,11.5,-7.947,0,0,0,0,0,0,VALID,0,0,0,0,0,1,0,0,0,0,0,0,0,0,0,0,0,0,0,0,171.81,1255.22,2,0,0.105,0.105,2596,9.52,0.105,0.105,80.57,FLYING,X10-F,0:/Integrated Flight Computer/aircraft/x10_f_cfg.ks (inferred preloaded)
212.15,CRUISE,,200.06,80,-120.06,1499.75,0,9.34,9.33,279.7,0.079,0.1373,0,8.09,1,0.6,4.5,0.75,0.35,0.0168,0.4,0,23.392,0,0.058,0,279.73,0,0,0,0,0,0,6.05,90.19,0.7482,-0.0068,-0.6635,7,90.4,0,0,0,0,0,0,3,0,0,0,69,0,0,0,90.4,1,0,0,0,0,3,0,0,0,11.5,-7.947,0,0,0,0,0,0,VALID,0,0,0,0,0,1,0,0,0,0,0,0,0,0,0,0,0,0,0,0,171.93,1255.19,2,0,0.105,0.105,2599,9.52,0.105,0.105,80.89,FLYING,X10-F,0:/Integrated Flight Computer/aircraft/x10_f_cfg.ks (inferred preloaded)
212.46,CRUISE,,200.05,80,-120.05,1499.75,0,9.34,9.33,279.7,0.079,0.1374,0,8.073,1,0.6,4.5,0.75,0.35,0.0168,0.4,0,23.392,0,0.053,0,279.73,0,0,0,0,0,0,6.04,90.19,0.7482,-0.0068,-0.6635,7,90.4,0,0,0,0,0,0,3,0,0,0,69,0,0,0,90.4,1,0,0,0,0,3,0,0,0,11.5,-7.947,0,0,0,0,0,0,VALID,0,0,0,0,0,1,0,0,0,0,0,0,0,0,0,0,0,0,0,0,171.96,1255.17,2,0,0.105,0.105,2602,9.52,0.105,0.105,81.2,FLYING,X10-F,0:/Integrated Flight Computer/aircraft/x10_f_cfg.ks (inferred preloaded)
212.78,CRUISE,,200.05,80,-120.05,1499.75,0,9.34,9.34,279.7,0.077,0.1375,0,8.057,1,0.6,4.5,0.75,0.35,0.0168,0.4,0,23.393,0,0.048,0,279.73,0,0,0,0,0,0,6.03,90.19,0.7482,-0.0068,-0.6635,7,90.4,0,0,0,0,0,0,3,0,0,0,69,0,0,0,90.4,1,0,0,0,0,3,0,0,0,11.5,-7.947,0,0,0,0,0,0,VALID,0,0,0,0,0,1,0,0,0,0,0,0,0,0,0,0,0,0,0,0,171.99,1255.14,2,0,0.105,0.105,2605,9.52,0.105,0.105,81.52,FLYING,X10-F,0:/Integrated Flight Computer/aircraft/x10_f_cfg.ks (inferred preloaded)
213.09,CRUISE,,200.04,80,-120.04,1499.75,0,9.34,9.34,279.7,0.076,0.1375,0,8.043,1,0.6,4.5,0.75,0.35,0.0168,0.4,0,23.394,0,0.043,0,279.73,0,0,0,0,0,0,6.03,90.19,0.7482,-0.0068,-0.6635,7,90.4,0,0,0,0,0,0,3,0,0,0,69,0,0,0,90.4,1,0,0,0,0,3,0,0,0,11.5,-7.947,0,0,0,0,0,0,VALID,0,0,0,0,0,1,0,0,0,0,0,0,0,0,0,0,0,0,0,0,172.02,1255.12,2,0,0.105,0.105,2608,9.52,0.105,0.105,81.83,FLYING,X10-F,0:/Integrated Flight Computer/aircraft/x10_f_cfg.ks (inferred preloaded)
213.41,CRUISE,,200.04,80,-120.04,1499.75,0,9.34,9.34,279.7,0.079,0.1376,0,8.03,1,0.6,4.5,0.75,0.35,0.0168,0.4,0,23.394,0,0.038,0,279.73,0,0,0,0,0,0,6.02,90.19,0.7482,-0.0068,-0.6635,7,90.4,0,0,0,0,0,0,3,0,0,0,69,0,0,0,90.4,1,0,0,0,0,3,0,0,0,11.5,-7.947,0,0,0,0,0,0,VALID,0,0,0,0,0,1,0,0,0,0,0,0,0,0,0,0,0,0,0,0,172.06,1255.09,2,0,0.105,0.105,2611,9.52,0.105,0.105,82.15,FLYING,X10-F,0:/Integrated Flight Computer/aircraft/x10_f_cfg.ks (inferred preloaded)
213.72,CRUISE,,200.03,80,-120.03,1499.75,0,9.34,9.34,279.7,0.078,0.1377,0,8.019,1,0.6,4.5,0.75,0.35,0.0168,0.4,0,23.395,0,0.034,0,279.73,0,0,0,0,0,0,6.01,90.19,0.7482,-0.0068,-0.6635,7,90.4,0,0,0,0,0,0,3,0,0,0,69,0,0,0,90.4,1,0,0,0,0,3,0,0,0,11.5,-7.947,0,0,0,0,0,0,VALID,0,0,0,0,0,1,0,0,0,0,0,0,0,0,0,0,0,0,0,0,172.09,1255.07,2,0,0.105,0.105,2614,9.52,0.105,0.105,82.46,FLYING,X10-F,0:/Integrated Flight Computer/aircraft/x10_f_cfg.ks (inferred preloaded)
214.04,CRUISE,,200.03,80,-120.03,1499.75,0,9.34,9.34,279.7,0.077,0.1377,0,8.009,1,0.6,4.5,0.75,0.35,0.0168,0.4,0,23.396,0,0.029,0,279.73,0,0,0,0,0,0,6.01,90.19,0.7482,-0.0068,-0.6635,7,90.4,0,0,0,0,0,0,3,0,0,0,69,0,0,0,90.4,1,0,0,0,0,3,0,0,0,11.5,-7.947,0,0,0,0,0,0,VALID,0,0,0,0,0,1,0,0,0,0,0,0,0,0,0,0,0,0,0,0,172.13,1255.04,2,0,0.105,0.105,2617,9.52,0.105,0.105,82.78,FLYING,X10-F,0:/Integrated Flight Computer/aircraft/x10_f_cfg.ks (inferred preloaded)
214.35,CRUISE,,200.02,80,-120.02,1499.75,0,9.34,9.34,279.7,0.076,0.1377,0,8.001,1,0.6,4.5,0.75,0.35,0.0168,0.4,0,23.396,0,0.025,0,279.73,0,0,0,0,0,0,6,90.19,0.7482,-0.0068,-0.6635,7,90.4,0,0,0,0,0,0,3,0,0,0,69,0,0,0,90.4,1,0,0,0,0,3,0,0,0,11.5,-7.947,0,0,0,0,0,0,VALID,0,0,0,0,0,1,0,0,0,0,0,0,0,0,0,0,0,0,0,0,172.17,1255.02,2,0,0.105,0.105,2620,9.52,0.105,0.105,83.09,FLYING,X10-F,0:/Integrated Flight Computer/aircraft/x10_f_cfg.ks (inferred preloaded)
214.67,CRUISE,,200.02,80,-120.02,1499.75,0,9.34,9.34,279.7,0.074,0.1378,0,7.994,1,0.6,4.5,0.75,0.35,0.0168,0.4,0,23.397,0,0.021,0,279.73,0,0,0,0,0,0,6,90.19,0.7482,-0.0068,-0.6635,7,90.4,0,0,0,0,0,0,3,0,0,0,69,0,0,0,90.4,1,0,0,0,0,3,0,0,0,11.5,-7.947,0,0,0,0,0,0,VALID,0,0,0,0,0,1,0,0,0,0,0,0,0,0,0,0,0,0,0,0,172.21,1255,2,0,0.105,0.105,2623,9.52,0.105,0.105,83.41,FLYING,X10-F,0:/Integrated Flight Computer/aircraft/x10_f_cfg.ks (inferred preloaded)
214.98,CRUISE,,200.02,80,-120.02,1499.75,0,9.34,9.34,279.7,0.077,0.1378,0,7.989,1,0.6,4.5,0.75,0.35,0.0168,0.4,0,23.398,0,0.016,0,279.74,0,0,0,0,0,0,5.99,90.19,0.7482,-0.0068,-0.6635,7,90.4,0,0,0,0,0,0,3,0,0,0,69,0,0,0,90.4,1,0,0,0,0,3,0,0,0,11.5,-7.947,0,0,0,0,0,0,VALID,0,0,0,0,0,1,0,0,0,0,0,0,0,0,0,0,0,0,0,0,172.25,1254.98,2,0,0.105,0.105,2626,9.52,0.105,0.105,83.72,FLYING,X10-F,0:/Integrated Flight Computer/aircraft/x10_f_cfg.ks (inferred preloaded)
215.3,CRUISE,,200.01,80,-120.01,1499.75,0,9.34,9.34,279.7,0.077,0.1379,0,7.984,1,0.6,4.5,0.75,0.35,0.0168,0.4,0,23.398,0,0.012,0,279.74,0,0,0,0,0,0,5.98,90.19,0.7482,-0.0068,-0.6635,7,90.4,0,0,0,0,0,0,3,0,0,0,69,0,0,0,90.4,1,0,0,0,0,3,0,0,0,11.5,-7.947,0,0,0,0,0,0,VALID,0,0,0,0,0,1,0,0,0,0,0,0,0,0,0,0,0,0,0,0,172.29,1254.95,2,0,0.105,0.105,2629,9.52,0.105,0.105,84.04,FLYING,X10-F,0:/Integrated Flight Computer/aircraft/x10_f_cfg.ks (inferred preloaded)
215.61,CRUISE,,200.01,80,-120.01,1499.75,0,9.34,9.34,279.7,0.078,0.138,0,7.981,1,0.6,4.5,0.75,0.35,0.0168,0.4,0,23.399,0,0.008,0,279.74,0,0,0,0,0,0,5.98,90.19,0.7482,-0.0068,-0.6635,7,90.4,0,0,0,0,0,0,3,0,0,0,69,0,0,0,90.4,1,0,0,0,0,3,0,0,0,11.5,-7.947,0,0,0,0,0,0,VALID,0,0,0,0,0,1,0,0,0,0,0,0,0,0,0,0,0,0,0,0,172.33,1254.93,2,0,0.105,0.105,2632,9.52,0.105,0.105,84.35,FLYING,X10-F,0:/Integrated Flight Computer/aircraft/x10_f_cfg.ks (inferred preloaded)
215.93,CRUISE,,200,80,-120,1499.76,0,9.34,9.34,279.7,0.079,0.138,0,7.979,1,0.6,4.5,0.75,0.35,0.0168,0.4,0,23.399,0,0.005,0,279.74,0,0,0,0,0,0,5.97,90.19,0.7482,-0.0068,-0.6635,7,90.4,0,0,0,0,0,0,3,0,0,0,69,0,0,0,90.4,1,0,0,0,0,3,0,0,0,11.5,-7.947,0,0,0,0,0,0,VALID,0,0,0,0,0,1,0,0,0,0,0,0,0,0,0,0,0,0,0,0,172.38,1254.91,2,0,0.105,0.105,2635,9.52,0.105,0.105,84.67,FLYING,X10-F,0:/Integrated Flight Computer/aircraft/x10_f_cfg.ks (inferred preloaded)
216.24,CRUISE,,200,80,-120,1499.76,0,9.34,9.34,279.7,0.081,0.1381,0,7.979,1,0.6,4.5,0.75,0.35,0.0168,0.4,0,23.4,0,0.001,0,279.74,0,0,0,0,0,0,5.96,90.19,0.7482,-0.0068,-0.6635,7,90.4,0,0,0,0,0,0,3,0,0,0,69,0,0,0,90.4,1,0,0,0,0,3,0,0,0,11.5,-7.947,0,0,0,0,0,0,VALID,0,0,0,0,0,1,0,0,0,0,0,0,0,0,0,0,0,0,0,0,172.43,1254.89,2,0,0.105,0.105,2638,9.52,0.105,0.105,84.98,FLYING,X10-F,0:/Integrated Flight Computer/aircraft/x10_f_cfg.ks (inferred preloaded)
216.56,CRUISE,,200,80,-120,1499.76,0,9.34,9.34,279.7,0.083,0.1382,0,7.979,1,0.6,4.5,0.75,0.35,0.0168,0.4,0,23.4,0,-0.002,0,279.74,0,0,0,0,0,0,5.96,90.19,0.7482,-0.0068,-0.6635,7,90.4,0,0,0,0,0,0,3,0,0,0,69,0,0,0,90.4,1,0,0,0,0,3,0,0,0,11.5,-7.947,0,0,0,0,0,0,VALID,0,0,0,0,0,1,0,0,0,0,0,0,0,0,0,0,0,0,0,0,172.48,1254.88,2,0,0.105,0.105,2641,9.52,0.105,0.105,85.3,FLYING,X10-F,0:/Integrated Flight Computer/aircraft/x10_f_cfg.ks (inferred preloaded)
216.87,CRUISE,,199.99,80,-119.99,1499.76,0,9.34,9.34,279.7,0.082,0.1383,0,7.98,1,0.6,4.5,0.75,0.35,0.0168,0.4,0,23.401,0,-0.006,0,279.74,0,0,0,0,0,0,5.95,90.19,0.7482,-0.0068,-0.6635,7,90.4,0,0,0,0,0,0,3,0,0,0,69,0,0,0,90.4,1,0,0,0,0,3,0,0,0,11.5,-7.947,0,0,0,0,0,0,VALID,0,0,0,0,0,1,0,0,0,0,0,0,0,0,0,0,0,0,0,0,172.54,1254.86,2,0,0.105,0.105,2644,9.52,0.105,0.105,85.61,FLYING,X10-F,0:/Integrated Flight Computer/aircraft/x10_f_cfg.ks (inferred preloaded)
217.19,CRUISE,,199.99,80,-119.99,1499.76,0,9.34,9.34,279.7,0.083,0.1383,0,7.983,1,0.6,4.5,0.75,0.35,0.0168,0.4,0,23.401,0,-0.009,0,279.74,0,0,0,0,0,0,5.94,90.19,0.7482,-0.0068,-0.6635,7,90.4,0,0,0,0,0,0,3,0,0,0,69,0,0,0,90.4,1,0,0,0,0,3,0,0,0,11.5,-7.947,0,0,0,0,0,0,VALID,0,0,0,0,0,1,0,0,0,0,0,0,0,0,0,0,0,0,0,0,172.6,1254.84,2,0,0.105,0.105,2647,9.52,0.105,0.105,85.93,FLYING,X10-F,0:/Integrated Flight Computer/aircraft/x10_f_cfg.ks (inferred preloaded)
217.5,CRUISE,,199.99,80,-119.99,1499.76,0,9.34,9.34,279.7,0.083,0.1383,0,7.986,1,0.6,4.5,0.75,0.35,0.0168,0.4,0,23.402,0,-0.011,0,279.74,0,0,0,0,0,0,5.94,90.19,0.7482,-0.0068,-0.6635,7,90.4,0,0,0,0,0,0,3,0,0,0,69,0,0,0,90.4,1,0,0,0,0,3,0,0,0,11.5,-7.947,0,0,0,0,0,0,VALID,0,0,0,0,0,1,0,0,0,0,0,0,0,0,0,0,0,0,0,0,172.65,1254.83,2,0,0.105,0.105,2650,9.52,0.105,0.105,86.24,FLYING,X10-F,0:/Integrated Flight Computer/aircraft/x10_f_cfg.ks (inferred preloaded)
217.82,CRUISE,,199.99,80,-119.99,1499.76,0,9.34,9.34,279.7,0.085,0.1384,0,7.99,1,0.6,4.5,0.75,0.35,0.0168,0.4,0,23.402,0,-0.014,0,279.74,0,0,0,0,0,0,5.93,90.19,0.7482,-0.0068,-0.6635,7,90.4,0,0,0,0,0,0,3,0,0,0,69,0,0,0,90.4,1,0,0,0,0,3,0,0,0,11.5,-7.947,0,0,0,0,0,0,VALID,0,0,0,0,0,1,0,0,0,0,0,0,0,0,0,0,0,0,0,0,172.71,1254.81,2,0,0.105,0.105,2653,9.52,0.105,0.105,86.56,FLYING,X10-F,0:/Integrated Flight Computer/aircraft/x10_f_cfg.ks (inferred preloaded)
218.13,CRUISE,,199.98,80,-119.98,1499.76,0,9.34,9.34,279.7,0.085,0.1384,0,7.995,1,0.6,4.5,0.75,0.35,0.0168,0.4,0,23.402,0,-0.017,0,279.74,0,0,0,0,0,0,5.93,90.2,0.7482,-0.0068,-0.6635,7,90.4,0,0,0,0,0,0,3,0,0,0,69,0,0,0,90.4,1,0,0,0,0,3,0,0,0,11.5,-7.947,0,0,0,0,0,0,VALID,0,0,0,0,0,1,0,0,0,0,0,0,0,0,0,0,0,0,0,0,172.76,1254.8,2,0,0.105,0.105,2656,9.52,0.105,0.105,86.87,FLYING,X10-F,0:/Integrated Flight Computer/aircraft/x10_f_cfg.ks (inferred preloaded)
218.45,CRUISE,,199.98,80,-119.98,1499.76,0,9.34,9.34,279.7,0.083,0.1385,0,8.001,1,0.6,4.5,0.75,0.35,0.0168,0.4,0,23.403,0,-0.019,0,279.74,0,0,0,0,0,0,5.92,90.2,0.7482,-0.0068,-0.6635,7,90.4,0,0,0,0,0,0,3,0,0,0,69,0,0,0,90.4,1,0,0,0,0,3,0,0,0,11.5,-7.947,0,0,0,0,0,0,VALID,0,0,0,0,0,1,0,0,0,0,0,0,0,0,0,0,0,0,0,0,172.82,1254.79,2,0,0.105,0.105,2659,9.52,0.105,0.105,87.19,FLYING,X10-F,0:/Integrated Flight Computer/aircraft/x10_f_cfg.ks (inferred preloaded)
218.76,CRUISE,,199.98,80,-119.98,1499.76,0,9.34,9.34,279.7,0.082,0.1385,0,8.007,1,0.6,4.5,0.75,0.35,0.0168,0.4,0,23.403,0,-0.021,0,279.74,0,0,0,0,0,0,5.91,90.2,0.7482,-0.0068,-0.6635,7,90.4,0,0,0,0,0,0,3,0,0,0,69,0,0,0,90.4,1,0,0,0,0,3,0,0,0,11.5,-7.947,0,0,0,0,0,0,VALID,0,0,0,0,0,1,0,0,0,0,0,0,0,0,0,0,0,0,0,0,172.87,1254.78,2,0,0.105,0.105,2662,9.52,0.105,0.105,87.5,FLYING,X10-F,0:/Integrated Flight Computer/aircraft/x10_f_cfg.ks (inferred preloaded)
219.08,CRUISE,,199.98,80,-119.98,1499.76,0,9.34,9.34,279.71,0.083,0.1385,0,8.014,1,0.6,4.5,0.75,0.35,0.0168,0.4,0,23.403,0,-0.023,0,279.74,0,0,0,0,0,0,5.91,90.2,0.7482,-0.0068,-0.6635,7,90.4,0,0,0,0,0,0,3,0,0,0,69,0,0,0,90.4,1,0,0,0,0,3,0,0,0,11.5,-7.947,0,0,0,0,0,0,VALID,0,0,0,0,0,1,0,0,0,0,0,0,0,0,0,0,0,0,0,0,172.93,1254.77,2,0,0.105,0.105,2665,9.52,0.105,0.105,87.82,FLYING,X10-F,0:/Integrated Flight Computer/aircraft/x10_f_cfg.ks (inferred preloaded)
219.39,CRUISE,,199.98,80,-119.98,1499.76,0,9.34,9.34,279.71,0.084,0.1386,0,8.022,1,0.6,4.5,0.75,0.35,0.0168,0.4,0,23.404,0,-0.024,0,279.74,0,0,0,0,0,0,5.9,90.2,0.7482,-0.0068,-0.6635,7,90.4,0,0,0,0,0,0,3,0,0,0,69,0,0,0,90.4,1,0,0,0,0,3,0,0,0,11.5,-7.947,0,0,0,0,0,0,VALID,0,0,0,0,0,1,0,0,0,0,0,0,0,0,0,0,0,0,0,0,172.98,1254.76,2,0,0.105,0.105,2668,9.52,0.105,0.105,88.13,FLYING,X10-F,0:/Integrated Flight Computer/aircraft/x10_f_cfg.ks (inferred preloaded)
219.71,CRUISE,,199.97,80,-119.97,1499.76,0,9.34,9.34,279.71,0.083,0.1386,0,8.03,1,0.6,4.5,0.75,0.35,0.0168,0.4,0,23.404,0,-0.026,0,279.74,0,0,0,0,0,0,5.89,90.2,0.7482,-0.0068,-0.6635,7,90.4,0,0,0,0,0,0,3,0,0,0,69,0,0,0,90.4,1,0,0,0,0,3,0,0,0,11.5,-7.947,0,0,0,0,0,0,VALID,0,0,0,0,0,1,0,0,0,0,0,0,0,0,0,0,0,0,0,0,173.04,1254.75,2,0,0.105,0.105,2671,9.52,0.105,0.105,88.45,FLYING,X10-F,0:/Integrated Flight Computer/aircraft/x10_f_cfg.ks (inferred preloaded)
220.02,CRUISE,,199.97,80,-119.97,1499.76,0,9.34,9.34,279.71,0.082,0.1386,0,8.038,1,0.6,4.5,0.75,0.35,0.0168,0.4,0,23.404,0,-0.027,0,279.74,0,0,0,0,0,0,5.89,90.2,0.7482,-0.0068,-0.6635,7,90.4,0,0,0,0,0,0,3,0,0,0,69,0,0,0,90.4,1,0,0,0,0,3,0,0,0,11.5,-7.947,0,0,0,0,0,0,VALID,0,0,0,0,0,1,0,0,0,0,0,0,0,0,0,0,0,0,0,0,173.09,1254.74,2,0,0.105,0.105,2674,9.52,0.105,0.105,88.76,FLYING,X10-F,0:/Integrated Flight Computer/aircraft/x10_f_cfg.ks (inferred preloaded)
220.34,CRUISE,,199.97,80,-119.97,1499.76,0,9.34,9.34,279.71,0.082,0.1386,0,8.047,1,0.6,4.5,0.75,0.35,0.0168,0.4,0,23.404,0,-0.028,0,279.74,0,0,0,0,0,0,5.88,90.2,0.7482,-0.0068,-0.6635,7,90.4,0,0,0,0,0,0,3,0,0,0,69,0,0,0,90.4,1,0,0,0,0,3,0,0,0,11.5,-7.947,0,0,0,0,0,0,VALID,0,0,0,0,0,1,0,0,0,0,0,0,0,0,0,0,0,0,0,0,173.14,1254.73,2,0,0.105,0.105,2677,9.52,0.105,0.105,89.08,FLYING,X10-F,0:/Integrated Flight Computer/aircraft/x10_f_cfg.ks (inferred preloaded)
220.65,CRUISE,,199.97,80,-119.97,1499.76,0,9.34,9.34,279.71,0.08,0.1387,0,8.056,1,0.6,4.5,0.75,0.35,0.0168,0.4,0,23.404,0,-0.029,0,279.74,0,0,0,0,0,0,5.87,90.2,0.7482,-0.0068,-0.6635,7,90.4,0,0,0,0,0,0,3,0,0,0,69,0,0,0,90.4,1,0,0,0,0,3,0,0,0,11.5,-7.947,0,0,0,0,0,0,VALID,0,0,0,0,0,1,0,0,0,0,0,0,0,0,0,0,0,0,0,0,173.19,1254.73,2,0,0.105,0.105,2680,9.52,0.105,0.105,89.39,FLYING,X10-F,0:/Integrated Flight Computer/aircraft/x10_f_cfg.ks (inferred preloaded)
220.97,CRUISE,,199.97,80,-119.97,1499.76,0,9.34,9.34,279.71,0.081,0.1387,0,8.066,1,0.6,4.5,0.75,0.35,0.0168,0.4,0,23.404,0,-0.03,0,279.74,0,0,0,0,0,0,5.87,90.2,0.7482,-0.0068,-0.6635,7,90.4,0,0,0,0,0,0,3,0,0,0,69,0,0,0,90.4,1,0,0,0,0,3,0,0,0,11.5,-7.947,0,0,0,0,0,0,VALID,0,0,0,0,0,1,0,0,0,0,0,0,0,0,0,0,0,0,0,0,173.24,1254.72,2,0,0.105,0.105,2683,9.52,0.105,0.105,89.71,FLYING,X10-F,0:/Integrated Flight Computer/aircraft/x10_f_cfg.ks (inferred preloaded)
221.28,CRUISE,,199.97,80,-119.97,1487.12,0,9.34,9.34,279.71,0.081,0.1387,0,8.075,1,0.6,4.5,0.75,0.35,0.0168,0.4,0,23.404,0,-0.031,0,279.74,0,0,0,0,0,0,5.86,90.2,0.7482,-0.0068,-0.6635,7,90.4,0,0,0,0,0,0,3,0,0,0,69,0,0,0,90.4,1,0,0,0,0,3,0,0,0,11.5,-7.947,0,0,0,0,0,0,VALID,0,0,0,0,0,1,0,0,0,0,0,0,0,0,0,0,0,0,0,0,173.29,1254.72,2,0,0.105,0.105,2686,9.52,0.105,0.105,90.02,FLYING,X10-F,0:/Integrated Flight Computer/aircraft/x10_f_cfg.ks (inferred preloaded)
221.6,CRUISE,,199.97,80,-119.97,1435.4,0,9.34,9.34,279.71,0.083,0.1388,0,8.085,1,0.6,4.5,0.75,0.35,0.0168,0.4,0,23.405,0,-0.031,0,279.74,0,0,0,0,0,0,5.85,90.2,0.7482,-0.0068,-0.6635,7,90.4,0,0,0,0,0,0,3,0,0,0,69,0,0,0,90.4,1,0,0,0,0,3,0,0,0,11.5,-7.947,0,0,0,0,0,0,VALID,0,0,0,0,0,1,0,0,0,0,0,0,0,0,0,0,0,0,0,0,173.33,1254.72,2,0,0.105,0.105,2689,9.52,0.105,0.105,90.34,FLYING,X10-F,0:/Integrated Flight Computer/aircraft/x10_f_cfg.ks (inferred preloaded)
221.91,CRUISE,,199.97,80,-119.97,1389.29,0,9.34,9.34,279.71,0.083,0.1388,0,8.095,1,0.6,4.5,0.75,0.35,0.0168,0.4,0,23.405,0,-0.032,0,279.74,0,0,0,0,0,0,5.85,90.2,0.7482,-0.0068,-0.6635,7,90.4,0,0,0,0,0,0,3,0,0,0,69,0,0,0,90.4,1,0,0,0,0,3,0,0,0,11.5,-7.947,0,0,0,0,0,0,VALID,0,0,0,0,0,1,0,0,0,0,0,0,0,0,0,0,0,0,0,0,173.38,1254.71,2,0,0.105,0.105,2692,9.52,0.105,0.105,90.65,FLYING,X10-F,0:/Integrated Flight Computer/aircraft/x10_f_cfg.ks (inferred preloaded)
222.23,CRUISE,,199.97,80,-119.97,1371.23,0,9.34,9.34,279.71,0.082,0.1387,0,8.105,1,0.6,4.5,0.75,0.35,0.0168,0.4,0,23.405,0,-0.032,0,279.74,0,0,0,0,0,0,5.84,90.2,0.7482,-0.0068,-0.6635,7,90.4,0,0,0,0,0,0,3,0,0,0,69,0,0,0,90.4,1,0,0,0,0,3,0,0,0,11.5,-7.947,0,0,0,0,0,0,VALID,0,0,0,0,0,1,0,0,0,0,0,0,0,0,0,0,0,0,0,0,173.42,1254.71,2,0,0.105,0.105,2695,9.52,0.105,0.105,90.97,FLYING,X10-F,0:/Integrated Flight Computer/aircraft/x10_f_cfg.ks (inferred preloaded)
222.54,CRUISE,,199.97,80,-119.97,1352.48,0,9.34,9.34,279.71,0.084,0.1387,0,8.115,1,0.6,4.5,0.75,0.35,0.0168,0.4,0,23.405,0,-0.032,0,279.74,0,0,0,0,0,0,5.84,90.2,0.7482,-0.0068,-0.6635,7,90.4,0,0,0,0,0,0,3,0,0,0,69,0,0,0,90.4,1,0,0,0,0,3,0,0,0,11.5,-7.947,0,0,0,0,0,0,VALID,0,0,0,0,0,1,0,0,0,0,0,0,0,0,0,0,0,0,0,0,173.46,1254.71,2,0,0.105,0.105,2698,9.52,0.105,0.105,91.28,FLYING,X10-F,0:/Integrated Flight Computer/aircraft/x10_f_cfg.ks (inferred preloaded)
222.86,CRUISE,,199.97,80,-119.97,1334.54,0,9.34,9.34,279.71,0.084,0.1387,0,8.125,1,0.6,4.5,0.75,0.35,0.0168,0.4,0,23.405,0,-0.031,0,279.74,0,0,0,0,0,0,5.83,90.2,0.7482,-0.0068,-0.6635,7,90.4,0,0,0,0,0,0,3,0,0,0,69,0,0,0,90.4,1,0,0,0,0,3,0,0,0,11.5,-7.947,0,0,0,0,0,0,VALID,0,0,0,0,0,1,0,0,0,0,0,0,0,0,0,0,0,0,0,0,173.49,1254.71,2,0,0.105,0.105,2701,9.52,0.105,0.105,91.6,FLYING,X10-F,0:/Integrated Flight Computer/aircraft/x10_f_cfg.ks (inferred preloaded)
223.17,CRUISE,,199.97,80,-119.97,1318.39,0,9.34,9.34,279.71,0.084,0.1386,0,8.135,1,0.6,4.5,0.75,0.35,0.0168,0.4,0,23.405,0,-0.031,0,279.75,0,0,0,0,0,0,5.82,90.2,0.7482,-0.0068,-0.6635,7,90.4,0,0,0,0,0,0,3,0,0,0,69,0,0,0,90.4,1,0,0,0,0,3,0,0,0,11.5,-7.947,0,0,0,0,0,0,VALID,0,0,0,0,0,1,0,0,0,0,0,0,0,0,0,0,0,0,0,0,173.52,1254.71,2,0,0.105,0.105,2704,9.52,0.105,0.105,91.91,FLYING,X10-F,0:/Integrated Flight Computer/aircraft/x10_f_cfg.ks (inferred preloaded)
223.49,CRUISE,,199.97,80,-119.97,1308.54,0,9.34,9.34,279.71,0.084,0.1386,0,8.144,1,0.6,4.5,0.75,0.35,0.0168,0.4,0,23.404,0,-0.031,0,279.75,0,0,0,0,0,0,5.82,90.2,0.7482,-0.0068,-0.6635,7,90.4,0,0,0,0,0,0,3,0,0,0,69,0,0,0,90.4,1,0,0,0,0,3,0,0,0,11.5,-7.947,0,0,0,0,0,0,VALID,0,0,0,0,0,1,0,0,0,0,0,0,0,0,0,0,0,0,0,0,173.55,1254.72,2,0,0.105,0.105,2707,9.52,0.105,0.105,92.23,FLYING,X10-F,0:/Integrated Flight Computer/aircraft/x10_f_cfg.ks (inferred preloaded)
223.8,CRUISE,,199.97,80,-119.97,1308.37,0,9.34,9.33,279.71,0.085,0.1386,0,8.154,1,0.6,4.5,0.75,0.35,0.0168,0.4,0,23.404,0,-0.03,0,279.75,0,0,0,0,0,0,5.81,90.2,0.7482,-0.0068,-0.6635,7,90.4,0,0,0,0,0,0,3,0,0,0,69,0,0,0,90.4,1,0,0,0,0,3,0,0,0,11.5,-7.947,0,0,0,0,0,0,VALID,0,0,0,0,0,1,0,0,0,0,0,0,0,0,0,0,0,0,0,0,173.57,1254.72,2,0,0.105,0.105,2710,9.52,0.105,0.105,92.54,FLYING,X10-F,0:/Integrated Flight Computer/aircraft/x10_f_cfg.ks (inferred preloaded)
224.12,CRUISE,,199.97,80,-119.97,1317.01,0,9.34,9.34,279.71,0.083,0.1386,0,8.163,1,0.6,4.5,0.75,0.35,0.0168,0.4,0,23.404,0,-0.029,0,279.75,0,0,0,0,0,0,5.8,90.2,0.7482,-0.0068,-0.6635,7,90.4,0,0,0,0,0,0,3,0,0,0,69,0,0,0,90.4,1,0,0,0,0,3,0,0,0,11.5,-7.947,0,0,0,0,0,0,VALID,0,0,0,0,0,1,0,0,0,0,0,0,0,0,0,0,0,0,0,0,173.59,1254.72,2,0,0.105,0.105,2713,9.52,0.105,0.105,92.86,FLYING,X10-F,0:/Integrated Flight Computer/aircraft/x10_f_cfg.ks (inferred preloaded)
224.43,CRUISE,,199.97,80,-119.97,1334.68,0,9.34,9.34,279.71,0.081,0.1386,0,8.172,1,0.6,4.5,0.75,0.35,0.0168,0.4,0,23.404,0,-0.029,0,279.75,0,0,0,0,0,0,5.8,90.2,0.7482,-0.0068,-0.6635,7,90.4,0,0,0,0,0,0,3,0,0,0,69,0,0,0,90.4,1,0,0,0,0,3,0,0,0,11.5,-7.947,0,0,0,0,0,0,VALID,0,0,0,0,0,1,0,0,0,0,0,0,0,0,0,0,0,0,0,0,173.61,1254.72,2,0,0.105,0.105,2716,9.52,0.105,0.105,93.17,FLYING,X10-F,0:/Integrated Flight Computer/aircraft/x10_f_cfg.ks (inferred preloaded)
224.75,CRUISE,,199.97,80,-119.97,1346.4,0,9.34,9.33,279.71,0.083,0.1386,0,8.181,1,0.6,4.5,0.75,0.35,0.0168,0.4,0,23.404,0,-0.028,0,279.75,0,0,0,0,0,0,5.79,90.2,0.7482,-0.0068,-0.6635,7,90.4,0,0,0,0,0,0,3,0,0,0,69,0,0,0,90.4,1,0,0,0,0,3,0,0,0,11.5,-7.947,0,0,0,0,0,0,VALID,0,0,0,0,0,1,0,0,0,0,0,0,0,0,0,0,0,0,0,0,173.62,1254.73,2,0,0.105,0.105,2719,9.52,0.105,0.105,93.49,FLYING,X10-F,0:/Integrated Flight Computer/aircraft/x10_f_cfg.ks (inferred preloaded)
225.06,CRUISE,,199.97,80,-119.97,1354.22,0,9.34,9.33,279.71,0.083,0.1386,0,8.19,1,0.6,4.5,0.75,0.35,0.0168,0.4,0,23.404,0,-0.027,0,279.75,0,0,0,0,0,0,5.78,90.2,0.7482,-0.0068,-0.6635,7,90.4,0,0,0,0,0,0,3,0,0,0,69,0,0,0,90.4,1,0,0,0,0,3,0,0,0,11.5,-7.947,0,0,0,0,0,0,VALID,0,0,0,0,0,1,0,0,0,0,0,0,0,0,0,0,0,0,0,0,173.64,1254.73,2,0,0.105,0.105,2722,9.52,0.105,0.105,93.8,FLYING,X10-F,0:/Integrated Flight Computer/aircraft/x10_f_cfg.ks (inferred preloaded)
225.38,CRUISE,,199.97,80,-119.97,1358.97,0,9.34,9.33,279.71,0.083,0.1385,0,8.198,1,0.6,4.5,0.75,0.35,0.0168,0.4,0,23.404,0,-0.026,0,279.75,0,0,0,0,0,0,5.78,90.2,0.7482,-0.0068,-0.6635,7,90.4,0,0,0,0,0,0,3,0,0,0,69,0,0,0,90.4,1,0,0,0,0,3,0,0,0,11.5,-7.947,0,0,0,0,0,0,VALID,0,0,0,0,0,1,0,0,0,0,0,0,0,0,0,0,0,0,0,0,173.65,1254.73,2,0,0.105,0.105,2725,9.52,0.105,0.105,94.12,FLYING,X10-F,0:/Integrated Flight Computer/aircraft/x10_f_cfg.ks (inferred preloaded)
225.69,CRUISE,,199.98,80,-119.98,1362.81,0,9.34,9.33,279.71,0.081,0.1385,0,8.206,1,0.6,4.5,0.75,0.35,0.0168,0.4,0,23.404,0,-0.025,0,279.75,0,0,0,0,0,0,5.77,90.2,0.7482,-0.0068,-0.6635,7,90.4,0,0,0,0,0,0,3,0,0,0,69,0,0,0,90.4,1,0,0,0,0,3,0,0,0,11.5,-7.947,0,0,0,0,0,0,VALID,0,0,0,0,0,1,0,0,0,0,0,0,0,0,0,0,0,0,0,0,173.66,1254.74,2,0,0.105,0.105,2728,9.52,0.105,0.105,94.43,FLYING,X10-F,0:/Integrated Flight Computer/aircraft/x10_f_cfg.ks (inferred preloaded)
226.01,CRUISE,,199.98,80,-119.98,1366.43,0,9.33,9.33,279.71,0.081,0.1386,0,8.214,1,0.6,4.5,0.75,0.35,0.0168,0.4,0,23.403,0,-0.024,0,279.75,0,0,0,0,0,0,5.76,90.2,0.7482,-0.0068,-0.6635,7,90.4,0,0,0,0,0,0,3,0,0,0,69,0,0,0,90.4,1,0,0,0,0,3,0,0,0,11.5,-7.947,0,0,0,0,0,0,VALID,0,0,0,0,0,1,0,0,0,0,0,0,0,0,0,0,0,0,0,0,173.67,1254.74,2,0,0.105,0.105,2731,9.52,0.105,0.105,94.75,FLYING,X10-F,0:/Integrated Flight Computer/aircraft/x10_f_cfg.ks (inferred preloaded)
226.32,CRUISE,,199.98,80,-119.98,1371.06,0,9.33,9.33,279.71,0.081,0.1385,0,8.221,1,0.6,4.5,0.75,0.35,0.0168,0.4,0,23.403,0,-0.023,0,279.75,0,0,0,0,0,0,5.76,90.2,0.7482,-0.0068,-0.6635,7,90.4,0,0,0,0,0,0,3,0,0,0,69,0,0,0,90.4,1,0,0,0,0,3,0,0,0,11.5,-7.947,0,0,0,0,0,0,VALID,0,0,0,0,0,1,0,0,0,0,0,0,0,0,0,0,0,0,0,0,173.69,1254.75,2,0,0.105,0.105,2734,9.52,0.105,0.105,95.06,FLYING,X10-F,0:/Integrated Flight Computer/aircraft/x10_f_cfg.ks (inferred preloaded)
226.64,CRUISE,,199.98,80,-119.98,1370.27,0,9.33,9.33,279.71,0.08,0.1385,0,8.228,1,0.6,4.5,0.75,0.35,0.0168,0.4,0,23.403,0,-0.022,0,279.75,0,0,0,0,0,0,5.75,90.2,0.7482,-0.0068,-0.6635,7,90.4,0,0,0,0,0,0,3,0,0,0,69,0,0,0,90.4,1,0,0,0,0,3,0,0,0,11.5,-7.947,0,0,0,0,0,0,VALID,0,0,0,0,0,1,0,0,0,0,0,0,0,0,0,0,0,0,0,0,173.8,1254.75,2,0,0.105,0.105,2737,9.52,0.105,0.105,95.38,FLYING,X10-F,0:/Integrated Flight Computer/aircraft/x10_f_cfg.ks (inferred preloaded)
226.95,CRUISE,,199.98,80,-119.98,1366.18,0,9.33,9.33,279.71,0.079,0.1383,0,8.234,1,0.6,4.5,0.75,0.35,0.0168,0.4,0,23.403,0,-0.02,0,279.75,0,0,0,0,0,0,5.75,90.2,0.7482,-0.0068,-0.6635,7,90.4,0,0,0,0,0,0,3,0,0,0,69,0,0,0,90.4,1,0,0,0,0,3,0,0,0,11.5,-7.947,0,0,0,0,0,0,VALID,0,0,0,0,0,1,0,0,0,0,0,0,0,0,0,0,0,0,0,0,173.59,1254.76,2,0,0.105,0.105,2740,9.52,0.105,0.105,95.69,FLYING,X10-F,0:/Integrated Flight Computer/aircraft/x10_f_cfg.ks (inferred preloaded)
227.27,CRUISE,,199.98,80,-119.98,1359.54,0,9.33,9.33,279.72,0.082,0.1385,0,8.241,1,0.6,4.5,0.75,0.35,0.0168,0.4,0,23.403,0,-0.019,0,279.75,0,0,0,0,0,0,5.74,90.2,0.7482,-0.0068,-0.6635,7,90.4,0,0,0,0,0,0,3,0,0,0,69,0,0,0,90.4,1,0,0,0,0,3,0,0,0,11.5,-7.947,0,0,0,0,0,0,VALID,0,0,0,0,0,1,0,0,0,0,0,0,0,0,0,0,0,0,0,0,173.61,1254.76,2,0,0.105,0.105,2743,9.52,0.105,0.105,96.01,FLYING,X10-F,0:/Integrated Flight Computer/aircraft/x10_f_cfg.ks (inferred preloaded)
227.58,CRUISE,,199.98,80,-119.98,1350.92,0,9.33,9.33,279.72,0.082,0.1387,0,8.246,1,0.6,4.5,0.75,0.35,0.0168,0.4,0,23.403,0,-0.018,0,279.75,0,0,0,0,0,0,5.73,90.2,0.7482,-0.0068,-0.6635,7,90.4,0,0,0,0,0,0,3,0,0,0,69,0,0,0,90.4,1,0,0,0,0,3,0,0,0,11.5,-7.947,0,0,0,0,0,0,VALID,0,0,0,0,0,1,0,0,0,0,0,0,0,0,0,0,0,0,0,0,173.63,1254.77,2,0,0.105,0.105,2746,9.52,0.105,0.105,96.32,FLYING,X10-F,0:/Integrated Flight Computer/aircraft/x10_f_cfg.ks (inferred preloaded)
227.9,CRUISE,,199.98,80,-119.98,1338.72,0,9.33,9.33,279.72,0.081,0.1387,0,8.252,1,0.6,4.5,0.75,0.35,0.0168,0.4,0,23.402,0,-0.017,0,279.75,0,0,0,0,0,0,5.73,90.21,0.7482,-0.0068,-0.6635,7,90.4,0,0,0,0,0,0,3,0,0,0,69,0,0,0,90.4,1,0,0,0,0,3,0,0,0,11.5,-7.947,0,0,0,0,0,0,VALID,0,0,0,0,0,1,0,0,0,0,0,0,0,0,0,0,0,0,0,0,173.65,1254.77,2,0,0.105,0.105,2749,9.52,0.105,0.105,96.64,FLYING,X10-F,0:/Integrated Flight Computer/aircraft/x10_f_cfg.ks (inferred preloaded)
228.21,CRUISE,,199.98,80,-119.98,1326.62,0,9.33,9.33,279.72,0.079,0.1386,0,8.257,1,0.6,4.5,0.75,0.35,0.0168,0.4,0,23.402,0,-0.016,0,279.75,0,0,0,0,0,0,5.72,90.21,0.7482,-0.0068,-0.6635,7,90.4,0,0,0,0,0,0,3,0,0,0,69,0,0,0,90.4,1,0,0,0,0,3,0,0,0,11.5,-7.947,0,0,0,0,0,0,VALID,0,0,0,0,0,1,0,0,0,0,0,0,0,0,0,0,0,0,0,0,173.67,1254.78,2,0,0.105,0.105,2752,9.52,0.105,0.105,96.95,FLYING,X10-F,0:/Integrated Flight Computer/aircraft/x10_f_cfg.ks (inferred preloaded)
228.53,CRUISE,,199.99,80,-119.99,1310.89,0,9.33,9.33,279.72,0.08,0.1385,0,8.262,1,0.6,4.5,0.75,0.35,0.0168,0.4,0,23.402,0,-0.015,0,279.75,0,0,0,0,0,0,5.71,90.21,0.7482,-0.0068,-0.6635,7,90.4,0,0,0,0,0,0,3,0,0,0,69,0,0,0,90.4,1,0,0,0,0,3,0,0,0,11.5,-7.947,0,0,0,0,0,0,VALID,0,0,0,0,0,1,0,0,0,0,0,0,0,0,0,0,0,0,0,0,173.69,1254.78,2,0,0.105,0.105,2755,9.52,0.105,0.105,97.27,FLYING,X10-F,0:/Integrated Flight Computer/aircraft/x10_f_cfg.ks (inferred preloaded)
228.84,CRUISE,,199.99,80,-119.99,1296.67,0,9.33,9.33,279.72,0.08,0.1384,0,8.266,1,0.6,4.5,0.75,0.35,0.0168,0.4,0,23.402,0,-0.013,0,279.75,0,0,0,0,0,0,5.71,90.21,0.7482,-0.0068,-0.6635,7,90.4,0,0,0,0,0,0,3,0,0,0,69,0,0,0,90.4,1,0,0,0,0,3,0,0,0,11.5,-7.947,0,0,0,0,0,0,VALID,0,0,0,0,0,1,0,0,0,0,0,0,0,0,0,0,0,0,0,0,173.7,1254.79,2,0,0.105,0.105,2758,9.52,0.105,0.105,97.58,FLYING,X10-F,0:/Integrated Flight Computer/aircraft/x10_f_cfg.ks (inferred preloaded)
229.16,CRUISE,,199.99,80,-119.99,1287.83,0,9.33,9.33,279.72,0.079,0.1382,0,8.27,1,0.6,4.5,0.75,0.35,0.0168,0.4,0,23.402,0,-0.012,0,279.75,0,0,0,0,0,0,5.7,90.21,0.7482,-0.0068,-0.6635,7,90.4,0,0,0,0,0,0,3,0,0,0,69,0,0,0,90.4,1,0,0,0,0,3,0,0,0,11.5,-7.947,0,0,0,0,0,0,VALID,0,0,0,0,0,1,0,0,0,0,0,0,0,0,0,0,0,0,0,0,173.46,1254.8,2,0,0.105,0.105,2761,9.52,0.105,0.105,97.9,FLYING,X10-F,0:/Integrated Flight Computer/aircraft/x10_f_cfg.ks (inferred preloaded)
229.47,CRUISE,,199.99,80,-119.99,1295.07,0,9.33,9.33,279.72,0.081,0.1386,0,8.274,1,0.6,4.5,0.75,0.35,0.0168,0.4,0,23.402,0,-0.011,0,279.75,0,0,0,0,0,0,5.69,90.21,0.7482,-0.0068,-0.6635,7,90.4,0,0,0,0,0,0,3,0,0,0,69,0,0,0,90.4,1,0,0,0,0,3,0,0,0,11.5,-7.947,0,0,0,0,0,0,VALID,0,0,0,0,0,1,0,0,0,0,0,0,0,0,0,0,0,0,0,0,173.59,1254.8,2,0,0.105,0.105,2764,9.52,0.105,0.105,98.21,FLYING,X10-F,0:/Integrated Flight Computer/aircraft/x10_f_cfg.ks (inferred preloaded)
229.79,CRUISE,,199.99,80,-119.99,1311.8,0,9.33,9.33,279.72,0.081,0.1387,0,8.277,1,0.6,4.5,0.75,0.35,0.0168,0.4,0,23.401,0,-0.01,0,279.75,0,0,0,0,0,0,5.69,90.21,0.7482,-0.0068,-0.6635,7,90.4,0,0,0,0,0,0,3,0,0,0,69,0,0,0,90.4,1,0,0,0,0,3,0,0,0,11.5,-7.947,0,0,0,0,0,0,VALID,0,0,0,0,0,1,0,0,0,0,0,0,0,0,0,0,0,0,0,0,173.61,1254.8,2,0,0.105,0.105,2767,9.52,0.105,0.105,98.53,FLYING,X10-F,0:/Integrated Flight Computer/aircraft/x10_f_cfg.ks (inferred preloaded)
230.1,CRUISE,,199.99,80,-119.99,1325.91,0,9.33,9.33,279.72,0.083,0.1386,0,8.28,1,0.6,4.5,0.75,0.35,0.0168,0.4,0,23.401,0,-0.009,0,279.75,0,0,0,0,0,0,5.68,90.21,0.7482,-0.0068,-0.6635,7,90.4,0,0,0,0,0,0,3,0,0,0,69,0,0,0,90.4,1,0,0,0,0,3,0,0,0,11.5,-7.947,0,0,0,0,0,0,VALID,0,0,0,0,0,1,0,0,0,0,0,0,0,0,0,0,0,0,0,0,173.63,1254.81,2,0,0.105,0.105,2770,9.52,0.105,0.105,98.84,FLYING,X10-F,0:/Integrated Flight Computer/aircraft/x10_f_cfg.ks (inferred preloaded)
230.42,CRUISE,,199.99,80,-119.99,1339.87,0,9.33,9.33,279.72,0.083,0.1384,0,8.282,1,0.6,4.5,0.75,0.35,0.0168,0.4,0,23.401,0,-0.008,0,279.75,0,0,0,0,0,0,5.67,90.21,0.7482,-0.0068,-0.6635,7,90.4,0,0,0,0,0,0,3,0,0,0,69,0,0,0,90.4,1,0,0,0,0,3,0,0,0,11.5,-7.947,0,0,0,0,0,0,VALID,0,0,0,0,0,1,0,0,0,0,0,0,0,0,0,0,0,0,0,0,173.74,1254.81,2,0,0.105,0.105,2773,9.52,0.105,0.105,99.16,FLYING,X10-F,0:/Integrated Flight Computer/aircraft/x10_f_cfg.ks (inferred preloaded)
230.73,CRUISE,,199.99,80,-119.99,1354.1,0,9.33,9.33,279.72,0.083,0.1382,0,8.285,1,0.6,4.5,0.75,0.35,0.0168,0.4,0,23.401,0,-0.006,0,279.76,0,0,0,0,0,0,5.67,90.21,0.7482,-0.0068,-0.6635,7,90.4,0,0,0,0,0,0,3,0,0,0,69,0,0,0,90.4,1,0,0,0,0,3,0,0,0,11.5,-7.947,0,0,0,0,0,0,VALID,0,0,0,0,0,1,0,0,0,0,0,0,0,0,0,0,0,0,0,0,173.46,1254.82,2,0,0.105,0.105,2776,9.52,0.105,0.105,99.47,FLYING,X10-F,0:/Integrated Flight Computer/aircraft/x10_f_cfg.ks (inferred preloaded)
231.05,CRUISE,,199.99,80,-119.99,1368.18,0,9.33,9.33,279.72,0.084,0.1384,0,8.286,1,0.6,4.5,0.75,0.35,0.0168,0.4,0,23.401,0,-0.005,0,279.76,0,0,0,0,0,0,5.66,90.21,0.7482,-0.0068,-0.6635,7,90.4,0,0,0,0,0,0,3,0,0,0,69,0,0,0,90.4,1,0,0,0,0,3,0,0,0,11.5,-7.947,0,0,0,0,0,0,VALID,0,0,0,0,0,1,0,0,0,0,0,0,0,0,0,0,0,0,0,0,173.45,1254.82,2,0,0.105,0.105,2779,9.52,0.105,0.105,99.79,FLYING,X10-F,0:/Integrated Flight Computer/aircraft/x10_f_cfg.ks (inferred preloaded)
231.36,CRUISE,,200,80,-120,1378.16,0,9.33,9.33,279.72,0.083,0.1386,0,8.288,1,0.6,4.5,0.75,0.35,0.0168,0.4,0,23.401,0,-0.005,0,279.76,0,0,0,0,0,0,5.66,90.21,0.7482,-0.0068,-0.6635,7,90.4,0,0,0,0,0,0,3,0,0,0,69,0,0,0,90.4,1,0,0,0,0,3,0,0,0,11.5,-7.947,0,0,0,0,0,0,VALID,0,0,0,0,0,1,0,0,0,0,0,0,0,0,0,0,0,0,0,0,173.47,1254.83,2,0,0.105,0.105,2782,9.52,0.105,0.105,100.1,FLYING,X10-F,0:/Integrated Flight Computer/aircraft/x10_f_cfg.ks (inferred preloaded)
231.68,CRUISE,,200,80,-120,1384.7,0,9.33,9.33,279.72,0.084,0.1387,0,8.289,1,0.6,4.5,0.75,0.35,0.0168,0.4,0,23.401,0,-0.004,0,279.76,0,0,0,0,0,0,5.65,90.21,0.7482,-0.0068,-0.6635,7,90.4,0,0,0,0,0,0,3,0,0,0,69,0,0,0,90.4,1,0,0,0,0,3,0,0,0,11.5,-7.947,0,0,0,0,0,0,VALID,0,0,0,0,0,1,0,0,0,0,0,0,0,0,0,0,0,0,0,0,173.5,1254.83,2,0,0.105,0.105,2785,9.52,0.105,0.105,100.42,FLYING,X10-F,0:/Integrated Flight Computer/aircraft/x10_f_cfg.ks (inferred preloaded)
231.99,CRUISE,,200,80,-120,1387.44,0,9.33,9.33,279.72,0.081,0.1386,0,8.29,1,0.6,4.5,0.75,0.35,0.0168,0.4,0,23.4,0,-0.003,0,279.76,0,0,0,0,0,0,5.64,90.21,0.7482,-0.0068,-0.6635,7,90.4,0,0,0,0,0,0,3,0,0,0,69,0,0,0,90.4,1,0,0,0,0,3,0,0,0,11.5,-7.947,0,0,0,0,0,0,VALID,0,0,0,0,0,1,0,0,0,0,0,0,0,0,0,0,0,0,0,0,173.53,1254.83,2,0,0.105,0.105,2788,9.52,0.105,0.105,100.73,FLYING,X10-F,0:/Integrated Flight Computer/aircraft/x10_f_cfg.ks (inferred preloaded)
232.31,CRUISE,,200,80,-120,1384.17,0,9.33,9.33,279.72,0.081,0.1384,0,8.291,1,0.6,4.5,0.75,0.35,0.0168,0.4,0,23.4,0,-0.002,0,279.76,0,0,0,0,0,0,5.64,90.21,0.7482,-0.0068,-0.6635,7,90.4,0,0,0,0,0,0,3,0,0,0,69,0,0,0,90.4,1,0,0,0,0,3,0,0,0,11.5,-7.947,0,0,0,0,0,0,VALID,0,0,0,0,0,1,0,0,0,0,0,0,0,0,0,0,0,0,0,0,173.55,1254.84,2,0,0.105,0.105,2791,9.52,0.105,0.105,101.05,FLYING,X10-F,0:/Integrated Flight Computer/aircraft/x10_f_cfg.ks (inferred preloaded)
232.62,CRUISE,,200,80,-120,1376.03,0,9.33,9.33,279.72,0.084,0.1383,0,8.292,1,0.6,4.5,0.75,0.35,0.0168,0.4,0,23.4,0,-0.001,0,279.76,0,0,0,0,0,0,5.63,90.21,0.7482,-0.0068,-0.6635,7,90.4,0,0,0,0,0,0,3,0,0,0,69,0,0,0,90.4,1,0,0,0,0,3,0,0,0,11.5,-7.947,0,0,0,0,0,0,VALID,0,0,0,0,0,1,0,0,0,0,0,0,0,0,0,0,0,0,0,0,173.55,1254.84,2,0,0.105,0.105,2794,9.52,0.105,0.105,101.36,FLYING,X10-F,0:/Integrated Flight Computer/aircraft/x10_f_cfg.ks (inferred preloaded)
232.94,CRUISE,,200,80,-120,1368.44,0,9.33,9.33,279.72,0.083,0.1381,0,8.292,1,0.6,4.5,0.75,0.35,0.0168,0.4,0,23.4,0,0,0,279.76,0,0,0,0,0,0,5.62,90.21,0.7482,-0.0068,-0.6635,7,90.4,0,0,0,0,0,0,3,0,0,0,69,0,0,0,90.4,1,0,0,0,0,3,0,0,0,11.5,-7.947,0,0,0,0,0,0,VALID,0,0,0,0,0,1,0,0,0,0,0,0,0,0,0,0,0,0,0,0,173.37,1254.85,2,0,0.105,0.105,2797,9.52,0.105,0.105,101.68,FLYING,X10-F,0:/Integrated Flight Computer/aircraft/x10_f_cfg.ks (inferred preloaded)
233.25,CRUISE,,200,80,-120,1358.07,0,9.33,9.33,279.72,0.083,0.1383,0,8.292,1,0.6,4.5,0.75,0.35,0.0168,0.4,0,23.4,0,0.001,0,279.76,0,0,0,0,0,0,5.62,90.21,0.7482,-0.0068,-0.6635,7,90.4,0,0,0,0,0,0,3,0,0,0,69,0,0,0,90.4,1,0,0,0,0,3,0,0,0,11.5,-7.947,0,0,0,0,0,0,VALID,0,0,0,0,0,1,0,0,0,0,0,0,0,0,0,0,0,0,0,0,173.46,1254.85,2,0,0.105,0.105,2800,9.52,0.105,0.105,101.99,FLYING,X10-F,0:/Integrated Flight Computer/aircraft/x10_f_cfg.ks (inferred preloaded)
233.57,CRUISE,,200,80,-120,1342.68,0,9.33,9.33,279.72,0.084,0.1383,0,8.291,1,0.6,4.5,0.75,0.35,0.0168,0.4,0,23.4,0,0.001,0,279.76,0,0,0,0,0,0,5.61,90.21,0.7482,-0.0068,-0.6635,7,90.4,0,0,0,0,0,0,3,0,0,0,69,0,0,0,90.4,1,0,0,0,0,3,0,0,0,11.5,-7.947,0,0,0,0,0,0,VALID,0,0,0,0,0,1,0,0,0,0,0,0,0,0,0,0,0,0,0,0,173.57,1254.85,2,0,0.105,0.105,2803,9.52,0.105,0.105,102.31,FLYING,X10-F,0:/Integrated Flight Computer/aircraft/x10_f_cfg.ks (inferred preloaded)
233.88,CRUISE,,200,80,-120,1321.67,0,9.33,9.33,279.72,0.085,0.1381,0,8.291,1,0.6,4.5,0.75,0.35,0.0168,0.4,0,23.4,0,0.003,0,279.76,0,0,0,0,0,0,5.6,90.21,0.7482,-0.0068,-0.6635,7,90.4,0,0,0,0,0,0,3,0,0,0,69,0,0,0,90.4,1,0,0,0,0,3,0,0,0,11.5,-7.947,0,0,0,0,0,0,VALID,0,0,0,0,0,1,0,0,0,0,0,0,0,0,0,0,0,0,0,0,173.3,1254.86,2,0,0.105,0.105,2806,9.52,0.105,0.105,102.62,FLYING,X10-F,0:/Integrated Flight Computer/aircraft/x10_f_cfg.ks (inferred preloaded)
234.2,CRUISE,,200,80,-120,1303.48,0,9.33,9.33,279.72,0.085,0.1382,0,8.29,1,0.6,4.5,0.75,0.35,0.0168,0.4,0,23.4,0,0.003,0,279.76,0,0,0,0,0,0,5.6,90.21,0.7482,-0.0068,-0.6635,7,90.4,0,0,0,0,0,0,3,0,0,0,69,0,0,0,90.4,1,0,0,0,0,3,0,0,0,11.5,-7.947,0,0,0,0,0,0,VALID,0,0,0,0,0,1,0,0,0,0,0,0,0,0,0,0,0,0,0,0,173.33,1254.86,2,0,0.105,0.105,2809,9.52,0.105,0.105,102.94,FLYING,X10-F,0:/Integrated Flight Computer/aircraft/x10_f_cfg.ks (inferred preloaded)
234.51,CRUISE,,200,80,-120,1298.93,0,9.33,9.33,279.72,0.085,0.1384,0,8.289,1,0.6,4.5,0.75,0.35,0.0168,0.4,0,23.4,0,0.003,0,279.76,0,0,0,0,0,0,5.59,90.21,0.7482,-0.0068,-0.6635,7,90.4,0,0,0,0,0,0,3,0,0,0,69,0,0,0,90.4,1,0,0,0,0,3,0,0,0,11.5,-7.947,0,0,0,0,0,0,VALID,0,0,0,0,0,1,0,0,0,0,0,0,0,0,0,0,0,0,0,0,173.35,1254.86,2,0,0.105,0.105,2812,9.52,0.105,0.105,103.25,FLYING,X10-F,0:/Integrated Flight Computer/aircraft/x10_f_cfg.ks (inferred preloaded)
234.83,CRUISE,,200,80,-120,1291.56,0,9.33,9.33,279.73,0.085,0.1384,0,8.287,1,0.6,4.5,0.75,0.35,0.0168,0.4,0,23.399,0,0.004,0,279.76,0,0,0,0,0,0,5.58,90.21,0.7482,-0.0068,-0.6635,7,90.4,0,0,0,0,0,0,3,0,0,0,69,0,0,0,90.4,1,0,0,0,0,3,0,0,0,11.5,-7.947,0,0,0,0,0,0,VALID,0,0,0,0,0,1,0,0,0,0,0,0,0,0,0,0,0,0,0,0,173.37,1254.86,2,0,0.105,0.105,2815,9.52,0.105,0.105,103.57,FLYING,X10-F,0:/Integrated Flight Computer/aircraft/x10_f_cfg.ks (inferred preloaded)
235.14,CRUISE,,200,80,-120,1275.75,0,9.33,9.33,279.73,0.084,0.1383,0,8.286,1,0.6,4.5,0.75,0.35,0.0168,0.4,0,23.399,0,0.005,0,279.76,0,0,0,0,0,0,5.58,90.21,0.7482,-0.0068,-0.6635,7,90.4,0,0,0,0,0,0,3,0,0,0,69,0,0,0,90.4,1,0,0,0,0,3,0,0,0,11.5,-7.947,0,0,0,0,0,0,VALID,0,0,0,0,0,1,0,0,0,0,0,0,0,0,0,0,0,0,0,0,173.38,1254.86,2,0,0.105,0.105,2818,9.52,0.105,0.105,103.88,FLYING,X10-F,0:/Integrated Flight Computer/aircraft/x10_f_cfg.ks (inferred preloaded)
235.46,CRUISE,,200.01,80,-120.01,1274.64,0,9.33,9.33,279.73,0.083,0.1381,0,8.285,1,0.6,4.5,0.75,0.35,0.0168,0.4,0,23.399,0,0.005,0,279.76,0,0,0,0,0,0,5.57,90.21,0.7482,-0.0068,-0.6635,7,90.4,0,0,0,0,0,0,3,0,0,0,69,0,0,0,90.4,1,0,0,0,0,3,0,0,0,11.5,-7.947,0,0,0,0,0,0,VALID,0,0,0,0,0,1,0,0,0,0,0,0,0,0,0,0,0,0,0,0,173.38,1254.87,2,0,0.105,0.105,2821,9.52,0.105,0.105,104.2,FLYING,X10-F,0:/Integrated Flight Computer/aircraft/x10_f_cfg.ks (inferred preloaded)
235.77,CRUISE,,200.01,80,-120.01,1280.04,0,9.33,9.33,279.73,0.082,0.138,0,8.283,1,0.6,4.5,0.75,0.35,0.0168,0.4,0,23.399,0,0.006,0,279.76,0,0,0,0,0,0,5.57,90.21,0.7482,-0.0068,-0.6635,7,90.4,0,0,0,0,0,0,3,0,0,0,69,0,0,0,90.4,1,0,0,0,0,3,0,0,0,11.5,-7.947,0,0,0,0,0,0,VALID,0,0,0,0,0,1,0,0,0,0,0,0,0,0,0,0,0,0,0,0,173.17,1254.87,2,0,0.105,0.105,2824,9.52,0.105,0.105,104.51,FLYING,X10-F,0:/Integrated Flight Computer/aircraft/x10_f_cfg.ks (inferred preloaded)
236.09,CRUISE,,200.01,80,-120.01,1285.42,0,9.33,9.33,279.73,0.082,0.1383,0,8.281,1,0.6,4.5,0.75,0.35,0.0168,0.4,0,23.399,0,0.006,0,279.76,0,0,0,0,0,0,5.56,90.21,0.7482,-0.0068,-0.6635,7,90.4,0,0,0,0,0,0,3,0,0,0,69,0,0,0,90.4,1,0,0,0,0,3,0,0,0,11.5,-7.947,0,0,0,0,0,0,VALID,0,0,0,0,0,1,0,0,0,0,0,0,0,0,0,0,0,0,0,0,173.4,1254.87,2,0,0.105,0.105,2827,9.52,0.105,0.105,104.83,FLYING,X10-F,0:/Integrated Flight Computer/aircraft/x10_f_cfg.ks (inferred preloaded)
236.4,CRUISE,,200.01,80,-120.01,1290.5,0,9.33,9.33,279.73,0.08,0.1381,0,8.279,1,0.6,4.5,0.75,0.35,0.0168,0.4,0,23.399,0,0.007,0,279.76,0,0,0,0,0,0,5.55,90.21,0.7482,-0.0068,-0.6635,7,90.4,0,0,0,0,0,0,3,0,0,0,69,0,0,0,90.4,1,0,0,0,0,3,0,0,0,11.5,-7.947,0,0,0,0,0,0,VALID,0,0,0,0,0,1,0,0,0,0,0,0,0,0,0,0,0,0,0,0,173.44,1254.87,2,0,0.105,0.105,2830,9.52,0.105,0.105,105.14,FLYING,X10-F,0:/Integrated Flight Computer/aircraft/x10_f_cfg.ks (inferred preloaded)
236.72,CRUISE,,200.01,80,-120.01,1294.44,0,9.33,9.33,279.73,0.083,0.1377,0,8.277,1,0.6,4.5,0.75,0.35,0.0168,0.4,0,23.399,0,0.008,0,279.76,0,0,0,0,0,0,5.55,90.21,0.7482,-0.0068,-0.6635,7,90.4,0,0,0,0,0,0,3,0,0,0,69,0,0,0,90.4,1,0,0,0,0,3,0,0,0,11.5,-7.947,0,0,0,0,0,0,VALID,0,0,0,0,0,1,0,0,0,0,0,0,0,0,0,0,0,0,0,0,173.41,1254.87,2,0,0.105,0.105,2833,9.52,0.105,0.105,105.46,FLYING,X10-F,0:/Integrated Flight Computer/aircraft/x10_f_cfg.ks (inferred preloaded)
237.03,CRUISE,,200.01,80,-120.01,1293.98,0,9.33,9.33,279.73,0.085,0.1376,0,8.274,1,0.6,4.5,0.75,0.35,0.0168,0.4,0,23.399,0,0.008,0,279.76,0,0,0,0,0,0,5.54,90.21,0.7482,-0.0068,-0.6635,7,90.4,0,0,0,0,0,0,3,0,0,0,69,0,0,0,90.4,1,0,0,0,0,3,0,0,0,11.5,-7.947,0,0,0,0,0,0,VALID,0,0,0,0,0,1,0,0,0,0,0,0,0,0,0,0,0,0,0,0,173.34,1254.88,2,0,0.105,0.105,2836,9.52,0.105,0.105,105.77,FLYING,X10-F,0:/Integrated Flight Computer/aircraft/x10_f_cfg.ks (inferred preloaded)
237.35,CRUISE,,200.01,80,-120.01,1292.6,0,9.33,9.33,279.73,0.084,0.1375,0,8.271,1,0.6,4.5,0.75,0.35,0.0168,0.4,0,23.399,0,0.009,0,279.76,0,0,0,0,0,0,5.53,90.21,0.7482,-0.0068,-0.6635,7,90.4,0,0,0,0,0,0,3,0,0,0,69,0,0,0,90.4,1,0,0,0,0,3,0,0,0,11.5,-7.947,0,0,0,0,0,0,VALID,0,0,0,0,0,1,0,0,0,0,0,0,0,0,0,0,0,0,0,0,173.27,1254.88,2,0,0.105,0.105,2839,9.52,0.105,0.105,106.09,FLYING,X10-F,0:/Integrated Flight Computer/aircraft/x10_f_cfg.ks (inferred preloaded)
237.66,CRUISE,,200.01,80,-120.01,1295.64,0,9.33,9.33,279.73,0.084,0.1376,0,8.268,1,0.6,4.5,0.75,0.35,0.0168,0.4,0,23.399,0,0.009,0,279.76,0,0,0,0,0,0,5.53,90.21,0.7482,-0.0068,-0.6635,7,90.4,0,0,0,0,0,0,3,0,0,0,69,0,0,0,90.4,1,0,0,0,0,3,0,0,0,11.5,-7.947,0,0,0,0,0,0,VALID,0,0,0,0,0,1,0,0,0,0,0,0,0,0,0,0,0,0,0,0,173.2,1254.88,2,0,0.105,0.105,2842,9.52,0.105,0.105,106.4,FLYING,X10-F,0:/Integrated Flight Computer/aircraft/x10_f_cfg.ks (inferred preloaded)
237.98,CRUISE,,200.01,80,-120.01,1296.83,0,9.33,9.33,279.73,0.084,0.1378,0,8.265,1,0.6,4.5,0.75,0.35,0.0168,0.4,0,23.399,0,0.01,0,279.77,0,0,0,0,0,0,5.52,90.22,0.7482,-0.0068,-0.6635,7,90.4,0,0,0,0,0,0,3,0,0,0,69,0,0,0,90.4,1,0,0,0,0,3,0,0,0,11.5,-7.947,0,0,0,0,0,0,VALID,0,0,0,0,0,1,0,0,0,0,0,0,0,0,0,0,0,0,0,0,173.15,1254.88,2,0,0.105,0.105,2845,9.52,0.105,0.105,106.72,FLYING,X10-F,0:/Integrated Flight Computer/aircraft/x10_f_cfg.ks (inferred preloaded)
238.29,CRUISE,,200.01,80,-120.01,1298.21,0,9.33,9.33,279.73,0.083,0.1379,0,8.262,1,0.6,4.5,0.75,0.35,0.0168,0.4,0,23.399,0,0.01,0,279.77,0,0,0,0,0,0,5.51,90.22,0.7482,-0.0068,-0.6635,7,90.4,0,0,0,0,0,0,3,0,0,0,69,0,0,0,90.4,1,0,0,0,0,3,0,0,0,11.5,-7.947,0,0,0,0,0,0,VALID,0,0,0,0,0,1,0,0,0,0,0,0,0,0,0,0,0,0,0,0,173.01,1254.88,2,0,0.105,0.105,2848,9.52,0.105,0.105,107.03,FLYING,X10-F,0:/Integrated Flight Computer/aircraft/x10_f_cfg.ks (inferred preloaded)
238.61,CRUISE,,200.01,80,-120.01,1298.39,0,9.33,9.33,279.73,0.082,0.1381,0,8.259,1,0.6,4.5,0.75,0.35,0.0168,0.4,0,23.399,0,0.009,0,279.77,0,0,0,0,0,0,5.51,90.22,0.7482,-0.0068,-0.6635,7,90.4,0,0,0,0,0,0,3,0,0,0,69,0,0,0,90.4,1,0,0,0,0,3,0,0,0,11.5,-7.947,0,0,0,0,0,0,VALID,0,0,0,0,0,1,0,0,0,0,0,0,0,0,0,0,0,0,0,0,173.23,1254.88,2,0,0.105,0.105,2851,9.52,0.105,0.105,107.35,FLYING,X10-F,0:/Integrated Flight Computer/aircraft/x10_f_cfg.ks (inferred preloaded)
238.92,CRUISE,,200.01,80,-120.01,1294.19,0,9.33,9.33,279.73,0.082,0.1379,0,8.256,1,0.6,4.5,0.75,0.35,0.0168,0.4,0,23.399,0,0.01,0,279.77,0,0,0,0,0,0,5.5,90.22,0.7482,-0.0068,-0.6635,7,90.4,0,0,0,0,0,0,3,0,0,0,69,0,0,0,90.4,1,0,0,0,0,3,0,0,0,11.5,-7.947,0,0,0,0,0,0,VALID,0,0,0,0,0,1,0,0,0,0,0,0,0,0,0,0,0,0,0,0,173.16,1254.88,2,0,0.105,0.105,2854,9.52,0.105,0.105,107.66,FLYING,X10-F,0:/Integrated Flight Computer/aircraft/x10_f_cfg.ks (inferred preloaded)
239.24,CRUISE,,200.01,80,-120.01,1290.99,0,9.33,9.33,279.73,0.085,0.1378,0,8.253,1,0.6,4.5,0.75,0.35,0.0168,0.4,0,23.399,0,0.01,0,279.77,0,0,0,0,0,0,5.49,90.22,0.7482,-0.0068,-0.6635,7,90.4,0,0,0,0,0,0,3,0,0,0,69,0,0,0,90.4,1,0,0,0,0,3,0,0,0,11.5,-7.947,0,0,0,0,0,0,VALID,0,0,0,0,0,1,0,0,0,0,0,0,0,0,0,0,0,0,0,0,173.14,1254.88,2,0,0.105,0.105,2857,9.52,0.105,0.105,107.98,FLYING,X10-F,0:/Integrated Flight Computer/aircraft/x10_f_cfg.ks (inferred preloaded)
239.55,CRUISE,,200.01,80,-120.01,1286.76,0,9.33,9.33,279.73,0.086,0.1378,0,8.25,1,0.6,4.5,0.75,0.35,0.0168,0.4,0,23.399,0,0.01,0,279.77,0,0,0,0,0,0,5.49,90.22,0.7482,-0.0068,-0.6635,7,90.4,0,0,0,0,0,0,3,0,0,0,69,0,0,0,90.4,1,0,0,0,0,3,0,0,0,11.5,-7.947,0,0,0,0,0,0,VALID,0,0,0,0,0,1,0,0,0,0,0,0,0,0,0,0,0,0,0,0,173.12,1254.88,2,0,0.105,0.105,2860,9.52,0.105,0.105,108.29,FLYING,X10-F,0:/Integrated Flight Computer/aircraft/x10_f_cfg.ks (inferred preloaded)
239.87,CRUISE,,200.01,80,-120.01,1281.26,0,9.33,9.33,279.73,0.085,0.1378,0,8.247,1,0.6,4.5,0.75,0.35,0.0168,0.4,0,23.399,0,0.01,0,279.77,0,0,0,0,0,0,5.48,90.22,0.7482,-0.0068,-0.6635,7,90.4,0,0,0,0,0,0,3,0,0,0,69,0,0,0,90.4,1,0,0,0,0,3,0,0,0,11.5,-7.947,0,0,0,0,0,0,VALID,0,0,0,0,0,1,0,0,0,0,0,0,0,0,0,0,0,0,0,0,173.1,1254.88,2,0,0.105,0.105,2863,9.52,0.105,0.105,108.61,FLYING,X10-F,0:/Integrated Flight Computer/aircraft/x10_f_cfg.ks (inferred preloaded)
240.18,CRUISE,,200.01,80,-120.01,1279.26,0,9.33,9.33,279.73,0.085,0.1379,0,8.244,1,0.6,4.5,0.75,0.35,0.0168,0.4,0,23.399,0,0.01,0,279.77,0,0,0,0,0,0,5.48,90.22,0.7482,-0.0068,-0.6635,7,90.4,0,0,0,0,0,0,3,0,0,0,69,0,0,0,90.4,1,0,0,0,0,3,0,0,0,11.5,-7.947,0,0,0,0,0,0,VALID,0,0,0,0,0,1,0,0,0,0,0,0,0,0,0,0,0,0,0,0,173.02,1254.88,2,0,0.105,0.105,2866,9.52,0.105,0.105,108.92,FLYING,X10-F,0:/Integrated Flight Computer/aircraft/x10_f_cfg.ks (inferred preloaded)
240.5,CRUISE,,200.01,80,-120.01,1278.66,0,9.33,9.33,279.73,0.084,0.138,0,8.241,1,0.6,4.5,0.75,0.35,0.0168,0.4,0,23.399,0,0.009,0,279.77,0,0,0,0,0,0,5.47,90.22,0.7482,-0.0068,-0.6635,7,90.4,0,0,0,0,0,0,3,0,0,0,69,0,0,0,90.4,1,0,0,0,0,3,0,0,0,11.5,-7.947,0,0,0,0,0,0,VALID,0,0,0,0,0,1,0,0,0,0,0,0,0,0,0,0,0,0,0,0,173.22,1254.87,2,0,0.105,0.105,2869,9.52,0.105,0.105,109.24,FLYING,X10-F,0:/Integrated Flight Computer/aircraft/x10_f_cfg.ks (inferred preloaded)
240.85,CRUISE,,200.01,80,-120.01,1280.29,0,9.33,9.33,279.73,0.086,0.1378,0,8.237,1,0.6,4.5,0.75,0.35,0.0168,0.4,0,23.399,0,0.009,0,279.77,0,0,0,0,0,0,5.46,90.22,0.7482,-0.0068,-0.6635,7,90.4,0,0,0,0,0,0,3,0,0,0,69,0,0,0,90.4,1,0,0,0,0,3,0,0,0,11.5,-7.947,0,0,0,0,0,0,VALID,0,0,0,0,0,1,0,0,0,0,0,0,0,0,0,0,0,0,0,0,173.14,1254.87,2,0,0.105,0.105,2872,8.57,0.14,0.105,109.59,FLYING,X10-F,0:/Integrated Flight Computer/aircraft/x10_f_cfg.ks (inferred preloaded)
241.16,CRUISE,,200.01,80,-120.01,1281.84,0,9.33,9.33,279.73,0.084,0.1376,0,8.234,1,0.6,4.5,0.75,0.35,0.0168,0.4,0,23.399,0,0.01,0,279.77,0,0,0,0,0,0,5.46,90.22,0.7482,-0.0068,-0.6635,7,90.4,0,0,0,0,0,0,3,0,0,0,69,0,0,0,90.4,1,0,0,0,0,3,0,0,0,11.5,-7.947,0,0,0,0,0,0,VALID,0,0,0,0,0,1,0,0,0,0,0,0,0,0,0,0,0,0,0,0,173.1,1254.87,2,0,0.105,0.105,2875,9.52,0.105,0.105,109.9,FLYING,X10-F,0:/Integrated Flight Computer/aircraft/x10_f_cfg.ks (inferred preloaded)
241.48,CRUISE,,200.01,80,-120.01,1282.5,0,9.33,9.33,279.73,0.085,0.1376,0,8.231,1,0.6,4.5,0.75,0.35,0.0168,0.4,0,23.399,0,0.01,0,279.77,0,0,0,0,0,0,5.45,90.22,0.7482,-0.0068,-0.6635,7,90.4,0,0,0,0,0,0,3,0,0,0,69,0,0,0,90.4,1,0,0,0,0,3,0,0,0,11.5,-7.947,0,0,0,0,0,0,VALID,0,0,0,0,0,1,0,0,0,0,0,0,0,0,0,0,0,0,0,0,173.06,1254.87,2,0,0.105,0.105,2878,9.52,0.105,0.105,110.22,FLYING,X10-F,0:/Integrated Flight Computer/aircraft/x10_f_cfg.ks (inferred preloaded)
241.79,CRUISE,,200.01,80,-120.01,1282.59,0,9.33,9.33,279.73,0.086,0.1376,0,8.228,1,0.6,4.5,0.75,0.35,0.0168,0.4,0,23.399,0,0.009,0,279.77,0,0,0,0,0,0,5.44,90.22,0.7482,-0.0068,-0.6635,7,90.4,0,0,0,0,0,0,3,0,0,0,69,0,0,0,90.4,1,0,0,0,0,3,0,0,0,11.5,-7.947,0,0,0,0,0,0,VALID,0,0,0,0,0,1,0,0,0,0,0,0,0,0,0,0,0,0,0,0,173.02,1254.87,2,0,0.105,0.105,2881,9.52,0.105,0.105,110.53,FLYING,X10-F,0:/Integrated Flight Computer/aircraft/x10_f_cfg.ks (inferred preloaded)
242.11,CRUISE,,200.01,80,-120.01,1285.34,0,9.33,9.33,279.73,0.083,0.1377,0,8.226,1,0.6,4.5,0.75,0.35,0.0168,0.4,0,23.399,0,0.009,0,279.77,0,0,0,0,0,0,5.44,90.22,0.7482,-0.0068,-0.6635,7,90.4,0,0,0,0,0,0,3,0,0,0,69,0,0,0,90.4,1,0,0,0,0,3,0,0,0,11.5,-7.947,0,0,0,0,0,0,VALID,0,0,0,0,0,1,0,0,0,0,0,0,0,0,0,0,0,0,0,0,172.99,1254.87,2,0,0.105,0.105,2884,9.52,0.105,0.105,110.85,FLYING,X10-F,0:/Integrated Flight Computer/aircraft/x10_f_cfg.ks (inferred preloaded)
242.42,CRUISE,,200.01,80,-120.01,1285.63,0,9.33,9.33,279.73,0.084,0.1378,0,8.223,1,0.6,4.5,0.75,0.35,0.0168,0.4,0,23.399,0,0.009,0,279.77,0,0,0,0,0,0,5.43,90.22,0.7482,-0.0068,-0.6635,7,90.4,0,0,0,0,0,0,3,0,0,0,69,0,0,0,90.4,1,0,0,0,0,3,0,0,0,11.5,-7.947,0,0,0,0,0,0,VALID,0,0,0,0,0,1,0,0,0,0,0,0,0,0,0,0,0,0,0,0,172.88,1254.87,2,0,0.105,0.105,2887,9.52,0.105,0.105,111.16,FLYING,X10-F,0:/Integrated Flight Computer/aircraft/x10_f_cfg.ks (inferred preloaded)
242.74,CRUISE,,200.01,80,-120.01,1285.73,0,9.33,9.33,279.74,0.085,0.138,0,8.22,1,0.6,4.5,0.75,0.35,0.0168,0.4,0,23.399,0,0.008,0,279.77,0,0,0,0,0,0,5.42,90.22,0.7482,-0.0068,-0.6635,7,90.4,0,0,0,0,0,0,3,0,0,0,69,0,0,0,90.4,1,0,0,0,0,3,0,0,0,11.5,-7.947,0,0,0,0,0,0,VALID,0,0,0,0,0,1,0,0,0,0,0,0,0,0,0,0,0,0,0,0,173.05,1254.86,2,0,0.105,0.105,2890,9.52,0.105,0.105,111.48,FLYING,X10-F,0:/Integrated Flight Computer/aircraft/x10_f_cfg.ks (inferred preloaded)
243.05,CRUISE,,200.01,80,-120.01,1286.43,0,9.33,9.33,279.74,0.086,0.1379,0,8.218,1,0.6,4.5,0.75,0.35,0.0168,0.4,0,23.399,0,0.008,0,279.77,0,0,0,0,0,0,5.42,90.22,0.7482,-0.0068,-0.6635,7,90.4,0,0,0,0,0,0,3,0,0,0,69,0,0,0,90.4,1,0,0,0,0,3,0,0,0,11.5,-7.947,0,0,0,0,0,0,VALID,0,0,0,0,0,1,0,0,0,0,0,0,0,0,0,0,0,0,0,0,173.14,1254.86,2,0,0.105,0.105,2893,9.52,0.105,0.105,111.79,FLYING,X10-F,0:/Integrated Flight Computer/aircraft/x10_f_cfg.ks (inferred preloaded)
243.37,CRUISE,,200.01,80,-120.01,1291.28,0,9.33,9.33,279.74,0.084,0.1375,0,8.215,1,0.6,4.5,0.75,0.35,0.0168,0.4,0,23.399,0,0.008,0,279.77,0,0,0,0,0,0,5.41,90.22,0.7482,-0.0068,-0.6635,7,90.4,0,0,0,0,0,0,3,0,0,0,69,0,0,0,90.4,1,0,0,0,0,3,0,0,0,11.5,-7.947,0,0,0,0,0,0,VALID,0,0,0,0,0,1,0,0,0,0,0,0,0,0,0,0,0,0,0,0,173.12,1254.86,2,0,0.105,0.105,2896,9.52,0.105,0.105,112.11,FLYING,X10-F,0:/Integrated Flight Computer/aircraft/x10_f_cfg.ks (inferred preloaded)
243.68,CRUISE,,200.01,80,-120.01,1299.39,0,9.33,9.33,279.74,0.083,0.1374,0,8.212,1,0.6,4.5,0.75,0.35,0.0168,0.4,0,23.399,0,0.008,0,279.77,0,0,0,0,0,0,5.4,90.22,0.7482,-0.0068,-0.6635,7,90.4,0,0,0,0,0,0,3,0,0,0,69,0,0,0,90.4,1,0,0,0,0,3,0,0,0,11.5,-7.947,0,0,0,0,0,0,VALID,0,0,0,0,0,1,0,0,0,0,0,0,0,0,0,0,0,0,0,0,173.06,1254.86,2,0,0.105,0.105,2899,9.52,0.105,0.105,112.42,FLYING,X10-F,0:/Integrated Flight Computer/aircraft/x10_f_cfg.ks (inferred preloaded)
244.03,CRUISE,,200.01,80,-120.01,1303.09,0,9.33,9.33,279.74,0.083,0.1374,0,8.21,1,0.6,4.5,0.75,0.35,0.0168,0.4,0,23.399,0,0.008,0,279.77,0,0,0,0,0,0,5.4,90.22,0.7482,-0.0068,-0.6635,7,90.4,0,0,0,0,0,0,3,0,0,0,69,0,0,0,90.4,1,0,0,0,0,3,0,0,0,11.5,-7.947,0,0,0,0,0,0,VALID,0,0,0,0,0,1,0,0,0,0,0,0,0,0,0,0,0,0,0,0,172.98,1254.86,2,0,0.105,0.105,2902,8.57,0.14,0.105,112.77,FLYING,X10-F,0:/Integrated Flight Computer/aircraft/x10_f_cfg.ks (inferred preloaded)
244.35,CRUISE,,200.01,80,-120.01,1305.7,0,9.33,9.33,279.74,0.083,0.1375,0,8.207,1,0.6,4.5,0.75,0.35,0.0168,0.4,0,23.399,0,0.008,0,279.77,0,0,0,0,0,0,5.39,90.22,0.7482,-0.0068,-0.6635,7,90.4,0,0,0,0,0,0,3,0,0,0,69,0,0,0,90.4,1,0,0,0,0,3,0,0,0,11.5,-7.947,0,0,0,0,0,0,VALID,0,0,0,0,0,1,0,0,0,0,0,0,0,0,0,0,0,0,0,0,172.92,1254.86,2,0,0.105,0.105,2905,9.52,0.105,0.105,113.09,FLYING,X10-F,0:/Integrated Flight Computer/aircraft/x10_f_cfg.ks (inferred preloaded)
244.66,CRUISE,,200.01,80,-120.01,1306.73,0,9.33,9.33,279.74,0.083,0.1377,0,8.205,1,0.6,4.5,0.75,0.35,0.0168,0.4,0,23.399,0,0.007,0,279.78,0,0,0,0,0,0,5.38,90.22,0.7482,-0.0068,-0.6635,7,90.4,0,0,0,0,0,0,3,0,0,0,69,0,0,0,90.4,1,0,0,0,0,3,0,0,0,11.5,-7.947,0,0,0,0,0,0,VALID,0,0,0,0,0,1,0,0,0,0,0,0,0,0,0,0,0,0,0,0,172.88,1254.85,2,0,0.105,0.105,2908,9.52,0.105,0.105,113.4,FLYING,X10-F,0:/Integrated Flight Computer/aircraft/x10_f_cfg.ks (inferred preloaded)
244.98,CRUISE,,200.01,80,-120.01,1303.91,0,9.33,9.33,279.74,0.086,0.1379,0,8.202,1,0.6,4.5,0.75,0.35,0.0168,0.4,0,23.399,0,0.007,0,279.78,0,0,0,0,0,0,5.38,90.22,0.7482,-0.0068,-0.6635,7,90.4,0,0,0,0,0,0,3,0,0,0,69,0,0,0,90.4,1,0,0,0,0,3,0,0,0,11.5,-7.947,0,0,0,0,0,0,VALID,0,0,0,0,0,1,0,0,0,0,0,0,0,0,0,0,0,0,0,0,172.93,1254.85,2,0,0.105,0.105,2911,9.52,0.105,0.105,113.72,FLYING,X10-F,0:/Integrated Flight Computer/aircraft/x10_f_cfg.ks (inferred preloaded)
245.29,CRUISE,,200.01,80,-120.01,1299.69,0,9.33,9.33,279.74,0.087,0.1379,0,8.2,1,0.6,4.5,0.75,0.35,0.0168,0.4,0,23.399,0,0.006,0,279.78,0,0,0,0,0,0,5.37,90.22,0.7482,-0.0068,-0.6635,7,90.4,0,0,0,0,0,0,3,0,0,0,69,0,0,0,90.4,1,0,0,0,0,3,0,0,0,11.5,-7.947,0,0,0,0,0,0,VALID,0,0,0,0,0,1,0,0,0,0,0,0,0,0,0,0,0,0,0,0,173.09,1254.84,2,0,0.105,0.105,2914,9.52,0.105,0.105,114.03,FLYING,X10-F,0:/Integrated Flight Computer/aircraft/x10_f_cfg.ks (inferred preloaded)
245.61,CRUISE,,200.01,80,-120.01,1297.45,0,9.33,9.33,279.74,0.087,0.1376,0,8.198,1,0.6,4.5,0.75,0.35,0.0168,0.4,0,23.399,0,0.006,0,279.78,0,0,0,0,0,0,5.36,90.22,0.7482,-0.0068,-0.6635,7,90.4,0,0,0,0,0,0,3,0,0,0,69,0,0,0,90.4,1,0,0,0,0,3,0,0,0,11.5,-7.947,0,0,0,0,0,0,VALID,0,0,0,0,0,1,0,0,0,0,0,0,0,0,0,0,0,0,0,0,172.85,1254.84,2,0,0.105,0.105,2917,9.52,0.105,0.105,114.35,FLYING,X10-F,0:/Integrated Flight Computer/aircraft/x10_f_cfg.ks (inferred preloaded)
245.92,CRUISE,,200.01,80,-120.01,1298.43,0,9.33,9.33,279.74,0.09,0.1378,0,8.197,1,0.6,4.5,0.75,0.35,0.0168,0.4,0,23.399,0,0.006,0,279.78,0,0,0,0,0,0,5.36,90.22,0.7482,-0.0068,-0.6635,7,90.4,0,0,0,0,0,0,3,0,0,0,69,0,0,0,90.4,1,0,0,0,0,3,0,0,0,11.5,-7.947,0,0,0,0,0,0,VALID,0,0,0,0,0,1,0,0,0,0,0,0,0,0,0,0,0,0,0,0,172.75,1254.84,2,0,0.105,0.105,2920,9.52,0.105,0.105,114.66,FLYING,X10-F,0:/Integrated Flight Computer/aircraft/x10_f_cfg.ks (inferred preloaded)
246.24,CRUISE,,200,80,-120,1294.48,0,9.33,9.33,279.74,0.091,0.1382,0,8.195,1,0.6,4.5,0.75,0.35,0.0168,0.4,0,23.399,0,0.005,0,279.78,0,0,0,0,0,0,5.35,90.22,0.7482,-0.0068,-0.6635,7,90.4,0,0,0,0,0,0,3,0,0,0,69,0,0,0,90.4,1,0,0,0,0,3,0,0,0,11.5,-7.947,0,0,0,0,0,0,VALID,0,0,0,0,0,1,0,0,0,0,0,0,0,0,0,0,0,0,0,0,172.77,1254.83,2,0,0.105,0.105,2923,9.52,0.105,0.105,114.98,FLYING,X10-F,0:/Integrated Flight Computer/aircraft/x10_f_cfg.ks (inferred preloaded)
246.55,CRUISE,,200,80,-120,1292.64,0,9.33,9.33,279.74,0.09,0.1384,0,8.194,1,0.6,4.5,0.75,0.35,0.0168,0.4,0,23.399,0,0.004,0,279.78,0,0,0,0,0,0,5.35,90.22,0.7482,-0.0068,-0.6635,7,90.4,0,0,0,0,0,0,3,0,0,0,69,0,0,0,90.4,1,0,0,0,0,3,0,0,0,11.5,-7.947,0,0,0,0,0,0,VALID,0,0,0,0,0,1,0,0,0,0,0,0,0,0,0,0,0,0,0,0,172.81,1254.83,2,0,0.105,0.105,2926,9.52,0.105,0.105,115.29,FLYING,X10-F,0:/Integrated Flight Computer/aircraft/x10_f_cfg.ks (inferred preloaded)
246.87,CRUISE,,200,80,-120,1289.91,0,9.33,9.33,279.74,0.089,0.1384,0,8.193,1,0.6,4.5,0.75,0.35,0.0168,0.4,0,23.4,0,0.003,0,279.78,0,0,0,0,0,0,5.34,90.22,0.7482,-0.0068,-0.6635,7,90.4,0,0,0,0,0,0,3,0,0,0,69,0,0,0,90.4,1,0,0,0,0,3,0,0,0,11.5,-7.947,0,0,0,0,0,0,VALID,0,0,0,0,0,1,0,0,0,0,0,0,0,0,0,0,0,0,0,0,172.86,1254.82,2,0,0.105,0.105,2929,9.52,0.105,0.105,115.61,FLYING,X10-F,0:/Integrated Flight Computer/aircraft/x10_f_cfg.ks (inferred preloaded)
247.22,CRUISE,,200,80,-120,1288.29,0,9.33,9.33,279.74,0.089,0.1383,0,8.192,1,0.6,4.5,0.75,0.35,0.0168,0.4,0,23.4,0,0.002,0,279.78,0,0,0,0,0,0,5.33,90.22,0.7482,-0.0068,-0.6635,7,90.4,0,0,0,0,0,0,3,0,0,0,69,0,0,0,90.4,1,0,0,0,0,3,0,0,0,11.5,-7.947,0,0,0,0,0,0,VALID,0,0,0,0,0,1,0,0,0,0,0,0,0,0,0,0,0,0,0,0,172.91,1254.82,2,0,0.105,0.105,2932,8.57,0.14,0.105,115.96,FLYING,X10-F,0:/Integrated Flight Computer/aircraft/x10_f_cfg.ks (inferred preloaded)
247.53,CRUISE,,200,80,-120,1285.02,0,9.33,9.33,279.74,0.09,0.1382,0,8.192,1,0.6,4.5,0.75,0.35,0.0168,0.4,0,23.4,0,0.001,0,279.78,0,0,0,0,0,0,5.33,90.22,0.7482,-0.0068,-0.6635,7,90.4,0,0,0,0,0,0,3,0,0,0,69,0,0,0,90.4,1,0,0,0,0,3,0,0,0,11.5,-7.947,0,0,0,0,0,0,VALID,0,0,0,0,0,1,0,0,0,0,0,0,0,0,0,0,0,0,0,0,172.95,1254.81,2,0,0.105,0.105,2935,9.52,0.105,0.105,116.27,FLYING,X10-F,0:/Integrated Flight Computer/aircraft/x10_f_cfg.ks (inferred preloaded)
247.85,CRUISE,,200,80,-120,1279.2,0,9.33,9.33,279.74,0.09,0.1381,0,8.191,1,0.6,4.5,0.75,0.35,0.0168,0.4,0,23.4,0,0.001,0,279.78,0,0,0,0,0,0,5.32,90.22,0.7482,-0.0068,-0.6635,7,90.4,0,0,0,0,0,0,3,0,0,0,69,0,0,0,90.4,1,0,0,0,0,3,0,0,0,11.5,-7.947,0,0,0,0,0,0,VALID,0,0,0,0,0,1,0,0,0,0,0,0,0,0,0,0,0,0,0,0,172.98,1254.81,2,0,0.105,0.105,2938,9.52,0.105,0.105,116.59,FLYING,X10-F,0:/Integrated Flight Computer/aircraft/x10_f_cfg.ks (inferred preloaded)
248.16,CRUISE,,200,80,-120,1275.27,0,9.33,9.33,279.74,0.088,0.138,0,8.191,1,0.6,4.5,0.75,0.35,0.0168,0.4,0,23.4,0,0.001,0,279.78,0,0,0,0,0,0,5.31,90.23,0.7482,-0.0068,-0.6635,7,90.4,0,0,0,0,0,0,3,0,0,0,69,0,0,0,90.4,1,0,0,0,0,3,0,0,0,11.5,-7.947,0,0,0,0,0,0,VALID,0,0,0,0,0,1,0,0,0,0,0,0,0,0,0,0,0,0,0,0,172.99,1254.81,2,0,0.105,0.105,2941,9.52,0.105,0.105,116.9,FLYING,X10-F,0:/Integrated Flight Computer/aircraft/x10_f_cfg.ks (inferred preloaded)
248.48,CRUISE,,200,80,-120,1272.8,0,9.33,9.33,279.74,0.088,0.1378,0,8.191,1,0.6,4.5,0.75,0.35,0.0168,0.4,0,23.4,0,0.001,0,279.78,0,0,0,0,0,0,5.31,90.23,0.7482,-0.0068,-0.6635,7,90.4,0,0,0,0,0,0,3,0,0,0,69,0,0,0,90.4,1,0,0,0,0,3,0,0,0,11.5,-7.947,0,0,0,0,0,0,VALID,0,0,0,0,0,1,0,0,0,0,0,0,0,0,0,0,0,0,0,0,173.03,1254.81,2,0,0.105,0.105,2944,9.52,0.105,0.105,117.22,FLYING,X10-F,0:/Integrated Flight Computer/aircraft/x10_f_cfg.ks (inferred preloaded)
248.79,CRUISE,,200,80,-120,1267.07,0,9.33,9.33,279.74,0.089,0.1377,0,8.19,1,0.6,4.5,0.75,0.35,0.0168,0.4,0,23.4,0,0.001,0,279.78,0,0,0,0,0,0,5.3,90.23,0.7482,-0.0068,-0.6635,7,90.4,0,0,0,0,0,0,3,0,0,0,69,0,0,0,90.4,1,0,0,0,0,3,0,0,0,11.5,-7.947,0,0,0,0,0,0,VALID,0,0,0,0,0,1,0,0,0,0,0,0,0,0,0,0,0,0,0,0,172.78,1254.81,2,0,0.105,0.105,2947,9.52,0.105,0.105,117.53,FLYING,X10-F,0:/Integrated Flight Computer/aircraft/x10_f_cfg.ks (inferred preloaded)
249.11,CRUISE,,200,80,-120,1263.77,0,9.33,9.33,279.75,0.089,0.1381,0,8.19,1,0.6,4.5,0.75,0.35,0.0168,0.4,0,23.4,0,0,0,279.78,0,0,0,0,0,0,5.29,90.23,0.7482,-0.0068,-0.6635,7,90.4,0,0,0,0,0,0,3,0,0,0,69,0,0,0,90.4,1,0,0,0,0,3,0,0,0,11.5,-7.947,0,0,0,0,0,0,VALID,0,0,0,0,0,1,0,0,0,0,0,0,0,0,0,0,0,0,0,0,172.93,1254.8,2,0,0.105,0.105,2950,9.52,0.105,0.105,117.85,FLYING,X10-F,0:/Integrated Flight Computer/aircraft/x10_f_cfg.ks (inferred preloaded)
249.42,CRUISE,,200,80,-120,1258.82,0,9.33,9.33,279.75,0.088,0.1381,0,8.19,1,0.6,4.5,0.75,0.35,0.0168,0.4,0,23.4,0,0,0,279.78,0,0,0,0,0,0,5.29,90.23,0.7482,-0.0068,-0.6635,7,90.4,0,0,0,0,0,0,3,0,0,0,69,0,0,0,90.4,1,0,0,0,0,3,0,0,0,11.5,-7.947,0,0,0,0,0,0,VALID,0,0,0,0,0,1,0,0,0,0,0,0,0,0,0,0,0,0,0,0,172.95,1254.8,2,0,0.105,0.105,2953,9.52,0.105,0.105,118.16,FLYING,X10-F,0:/Integrated Flight Computer/aircraft/x10_f_cfg.ks (inferred preloaded)
249.74,CRUISE,,200,80,-120,1253.6,0,9.33,9.32,279.75,0.088,0.138,0,8.191,1,0.6,4.5,0.75,0.35,0.0168,0.4,0,23.4,0,-0.001,0,279.78,0,0,0,0,0,0,5.28,90.23,0.7482,-0.0068,-0.6635,7,90.4,0,0,0,0,0,0,3,0,0,0,69,0,0,0,90.4,1,0,0,0,0,3,0,0,0,11.5,-7.947,0,0,0,0,0,0,VALID,0,0,0,0,0,1,0,0,0,0,0,0,0,0,0,0,0,0,0,0,172.97,1254.8,2,0,0.105,0.105,2956,9.52,0.105,0.105,118.48,FLYING,X10-F,0:/Integrated Flight Computer/aircraft/x10_f_cfg.ks (inferred preloaded)
250.05,CRUISE,,200,80,-120,1250.1,0,9.33,9.32,279.75,0.088,0.138,0,8.191,1,0.6,4.5,0.75,0.35,0.0168,0.4,0,23.4,0,-0.001,0,279.78,0,0,0,0,0,0,5.27,90.23,0.7482,-0.0068,-0.6635,7,90.4,0,0,0,0,0,0,3,0,0,0,69,0,0,0,90.4,1,0,0,0,0,3,0,0,0,11.5,-7.947,0,0,0,0,0,0,VALID,0,0,0,0,0,1,0,0,0,0,0,0,0,0,0,0,0,0,0,0,172.98,1254.8,2,0,0.105,0.105,2959,9.52,0.105,0.105,118.79,FLYING,X10-F,0:/Integrated Flight Computer/aircraft/x10_f_cfg.ks (inferred preloaded)
250.37,CRUISE,,200,80,-120,1248.19,0,9.33,9.32,279.75,0.087,0.1379,0,8.191,1,0.6,4.5,0.75,0.35,0.0168,0.4,0,23.4,0,-0.001,0,279.78,0,0,0,0,0,0,5.27,90.23,0.7482,-0.0068,-0.6635,7,90.4,0,0,0,0,0,0,3,0,0,0,69,0,0,0,90.4,1,0,0,0,0,3,0,0,0,11.5,-7.947,0,0,0,0,0,0,VALID,0,0,0,0,0,1,0,0,0,0,0,0,0,0,0,0,0,0,0,0,173.08,1254.79,2,0,0.105,0.105,2962,9.52,0.105,0.105,119.11,FLYING,X10-F,0:/Integrated Flight Computer/aircraft/x10_f_cfg.ks (inferred preloaded)
250.68,CRUISE,,200,80,-120,1245.25,0,9.32,9.32,279.75,0.087,0.1378,0,8.191,1,0.6,4.5,0.75,0.35,0.0168,0.4,0,23.4,0,-0.001,0,279.78,0,0,0,0,0,0,5.26,90.23,0.7482,-0.0068,-0.6635,7,90.4,0,0,0,0,0,0,3,0,0,0,69,0,0,0,90.4,1,0,0,0,0,3,0,0,0,11.5,-7.947,0,0,0,0,0,0,VALID,0,0,0,0,0,1,0,0,0,0,0,0,0,0,0,0,0,0,0,0,172.91,1254.79,2,0,0.105,0.105,2965,9.52,0.105,0.105,119.42,FLYING,X10-F,0:/Integrated Flight Computer/aircraft/x10_f_cfg.ks (inferred preloaded)
251,CRUISE,,200,80,-120,1246.88,0,9.32,9.32,279.75,0.089,0.1379,0,8.192,1,0.6,4.5,0.75,0.35,0.0168,0.4,0,23.4,0,-0.001,0,279.79,0,0,0,0,0,0,5.26,90.23,0.7482,-0.0068,-0.6635,7,90.4,0,0,0,0,0,0,3,0,0,0,69,0,0,0,90.4,1,0,0,0,0,3,0,0,0,11.5,-7.947,0,0,0,0,0,0,VALID,0,0,0,0,0,1,0,0,0,0,0,0,0,0,0,0,0,0,0,0,172.92,1254.79,2,0,0.105,0.105,2968,9.52,0.105,0.105,119.74,FLYING,X10-F,0:/Integrated Flight Computer/aircraft/x10_f_cfg.ks (inferred preloaded)
251.31,CRUISE,,200,80,-120,1249.05,0,9.32,9.32,279.75,0.09,0.138,0,8.192,1,0.6,4.5,0.75,0.35,0.0168,0.4,0,23.4,0,-0.001,0,279.79,0,0,0,0,0,0,5.25,90.23,0.7482,-0.0068,-0.6635,7,90.4,0,0,0,0,0,0,3,0,0,0,69,0,0,0,90.4,1,0,0,0,0,3,0,0,0,11.5,-7.947,0,0,0,0,0,0,VALID,0,0,0,0,0,1,0,0,0,0,0,0,0,0,0,0,0,0,0,0,173.1,1254.79,2,0,0.105,0.105,2971,9.52,0.105,0.105,120.05,FLYING,X10-F,0:/Integrated Flight Computer/aircraft/x10_f_cfg.ks (inferred preloaded)
251.63,CRUISE,,200,80,-120,1249.66,0,9.33,9.32,279.75,0.089,0.1377,0,8.193,1,0.6,4.5,0.75,0.35,0.0168,0.4,0,23.4,0,-0.001,0,279.79,0,0,0,0,0,0,5.24,90.23,0.7482,-0.0068,-0.6635,7,90.4,0,0,0,0,0,0,3,0,0,0,69,0,0,0,90.4,1,0,0,0,0,3,0,0,0,11.5,-7.947,0,0,0,0,0,0,VALID,0,0,0,0,0,1,0,0,0,0,0,0,0,0,0,0,0,0,0,0,172.91,1254.79,2,0,0.105,0.105,2974,9.52,0.105,0.105,120.37,FLYING,X10-F,0:/Integrated Flight Computer/aircraft/x10_f_cfg.ks (inferred preloaded)
251.94,CRUISE,,200,80,-120,1251.55,0,9.32,9.32,279.75,0.089,0.1379,0,8.193,1,0.6,4.5,0.75,0.35,0.0168,0.4,0,23.4,0,-0.001,0,279.79,0,0,0,0,0,0,5.24,90.23,0.7482,-0.0068,-0.6635,7,90.4,0,0,0,0,0,0,3,0,0,0,69,0,0,0,90.4,1,0,0,0,0,3,0,0,0,11.5,-7.947,0,0,0,0,0,0,VALID,0,0,0,0,0,1,0,0,0,0,0,0,0,0,0,0,0,0,0,0,172.83,1254.79,2,0,0.105,0.105,2977,9.52,0.105,0.105,120.68,FLYING,X10-F,0:/Integrated Flight Computer/aircraft/x10_f_cfg.ks (inferred preloaded)
252.26,CRUISE,,200,80,-120,1255.53,0,9.32,9.32,279.75,0.091,0.1382,0,8.194,1,0.6,4.5,0.75,0.35,0.0168,0.4,0,23.4,0,-0.002,0,279.79,0,0,0,0,0,0,5.23,90.23,0.7482,-0.0068,-0.6635,7,90.4,0,0,0,0,0,0,3,0,0,0,69,0,0,0,90.4,1,0,0,0,0,3,0,0,0,11.5,-7.947,0,0,0,0,0,0,VALID,0,0,0,0,0,1,0,0,0,0,0,0,0,0,0,0,0,0,0,0,172.84,1254.78,2,0,0.105,0.105,2980,9.52,0.105,0.105,121,FLYING,X10-F,0:/Integrated Flight Computer/aircraft/x10_f_cfg.ks (inferred preloaded)
252.57,CRUISE,,200,80,-120,1257.77,0,9.32,9.32,279.75,0.092,0.1383,0,8.194,1,0.6,4.5,0.75,0.35,0.0168,0.4,0,23.4,0,-0.003,0,279.79,0,0,0,0,0,0,5.22,90.23,0.7482,-0.0068,-0.6635,7,90.4,0,0,0,0,0,0,3,0,0,0,69,0,0,0,90.4,1,0,0,0,0,3,0,0,0,11.5,-7.947,0,0,0,0,0,0,VALID,0,0,0,0,0,1,0,0,0,0,0,0,0,0,0,0,0,0,0,0,172.88,1254.78,2,0,0.105,0.105,2983,9.52,0.105,0.105,121.31,FLYING,X10-F,0:/Integrated Flight Computer/aircraft/x10_f_cfg.ks (inferred preloaded)
252.89,CRUISE,,200,80,-120,1261.47,0,9.32,9.32,279.75,0.091,0.1383,0,8.195,1,0.6,4.5,0.75,0.35,0.0168,0.4,0,23.4,0,-0.003,0,279.79,0,0,0,0,0,0,5.22,90.23,0.7482,-0.0068,-0.6635,7,90.4,0,0,0,0,0,0,3,0,0,0,69,0,0,0,90.4,1,0,0,0,0,3,0,0,0,11.5,-7.947,0,0,0,0,0,0,VALID,0,0,0,0,0,1,0,0,0,0,0,0,0,0,0,0,0,0,0,0,172.92,1254.78,2,0,0.105,0.105,2986,9.52,0.105,0.105,121.63,FLYING,X10-F,0:/Integrated Flight Computer/aircraft/x10_f_cfg.ks (inferred preloaded)
253.2,CRUISE,,200,80,-120,1270.31,0,9.32,9.32,279.75,0.089,0.1383,0,8.196,1,0.6,4.5,0.75,0.35,0.0168,0.4,0,23.4,0,-0.003,0,279.79,0,0,0,0,0,0,5.21,90.23,0.7482,-0.0068,-0.6635,7,90.4,0,0,0,0,0,0,3,0,0,0,69,0,0,0,90.4,1,0,0,0,0,3,0,0,0,11.5,-7.947,0,0,0,0,0,0,VALID,0,0,0,0,0,1,0,0,0,0,0,0,0,0,0,0,0,0,0,0,172.96,1254.78,2,0,0.105,0.105,2989,9.52,0.105,0.105,121.94,FLYING,X10-F,0:/Integrated Flight Computer/aircraft/x10_f_cfg.ks (inferred preloaded)
253.52,CRUISE,,200,80,-120,1281.45,0,9.32,9.32,279.75,0.09,0.1382,0,8.197,1,0.6,4.5,0.75,0.35,0.0168,0.4,0,23.4,0,-0.003,0,279.79,0,0,0,0,0,0,5.2,90.23,0.7482,-0.0068,-0.6635,7,90.4,0,0,0,0,0,0,3,0,0,0,69,0,0,0,90.4,1,0,0,0,0,3,0,0,0,11.5,-7.947,0,0,0,0,0,0,VALID,0,0,0,0,0,1,0,0,0,0,0,0,0,0,0,0,0,0,0,0,172.99,1254.77,2,0,0.105,0.105,2992,9.52,0.105,0.105,122.26,FLYING,X10-F,0:/Integrated Flight Computer/aircraft/x10_f_cfg.ks (inferred preloaded)
253.83,CRUISE,,200,80,-120,1290.74,0,9.32,9.32,279.75,0.09,0.1381,0,8.198,1,0.6,4.5,0.75,0.35,0.0168,0.4,0,23.4,0,-0.003,0,279.79,0,0,0,0,0,0,5.2,90.23,0.7482,-0.0068,-0.6635,7,90.4,0,0,0,0,0,0,3,0,0,0,69,0,0,0,90.4,1,0,0,0,0,3,0,0,0,11.5,-7.947,0,0,0,0,0,0,VALID,0,0,0,0,0,1,0,0,0,0,0,0,0,0,0,0,0,0,0,0,173.02,1254.77,2,0,0.105,0.105,2995,9.52,0.105,0.105,122.57,FLYING,X10-F,0:/Integrated Flight Computer/aircraft/x10_f_cfg.ks (inferred preloaded)
254.15,CRUISE,,200,80,-120,1297.07,0,9.32,9.32,279.75,0.088,0.138,0,8.199,1,0.6,4.5,0.75,0.35,0.0168,0.4,0,23.4,0,-0.003,0,279.79,0,0,0,0,0,0,5.19,90.23,0.7482,-0.0068,-0.6635,7,90.4,0,0,0,0,0,0,3,0,0,0,69,0,0,0,90.4,1,0,0,0,0,3,0,0,0,11.5,-7.947,0,0,0,0,0,0,VALID,0,0,0,0,0,1,0,0,0,0,0,0,0,0,0,0,0,0,0,0,173.03,1254.77,2,0,0.105,0.105,2998,9.52,0.105,0.105,122.89,FLYING,X10-F,0:/Integrated Flight Computer/aircraft/x10_f_cfg.ks (inferred preloaded)
254.46,CRUISE,,200,80,-120,1301.85,0,9.32,9.32,279.75,0.089,0.1378,0,8.2,1,0.6,4.5,0.75,0.35,0.0168,0.4,0,23.4,0,-0.003,0,279.79,0,0,0,0,0,0,5.18,90.23,0.7482,-0.0068,-0.6635,7,90.4,0,0,0,0,0,0,3,0,0,0,69,0,0,0,90.4,1,0,0,0,0,3,0,0,0,11.5,-7.947,0,0,0,0,0,0,VALID,0,0,0,0,0,1,0,0,0,0,0,0,0,0,0,0,0,0,0,0,172.97,1254.77,2,0,0.105,0.105,3001,9.52,0.105,0.105,123.2,FLYING,X10-F,0:/Integrated Flight Computer/aircraft/x10_f_cfg.ks (inferred preloaded)
254.78,CRUISE,,200,80,-120,1307.56,0,9.32,9.32,279.75,0.088,0.1379,0,8.201,1,0.6,4.5,0.75,0.35,0.0168,0.4,0,23.4,0,-0.003,0,279.79,0,0,0,0,0,0,5.18,90.23,0.7482,-0.0068,-0.6635,7,90.4,0,0,0,0,0,0,3,0,0,0,69,0,0,0,90.4,1,0,0,0,0,3,0,0,0,11.5,-7.947,0,0,0,0,0,0,VALID,0,0,0,0,0,1,0,0,0,0,0,0,0,0,0,0,0,0,0,0,172.95,1254.77,2,0,0.105,0.105,3004,9.52,0.105,0.105,123.52,FLYING,X10-F,0:/Integrated Flight Computer/aircraft/x10_f_cfg.ks (inferred preloaded)
255.09,CRUISE,,200,80,-120,1312.64,0,9.32,9.32,279.75,0.088,0.1379,0,8.202,1,0.6,4.5,0.75,0.35,0.0168,0.4,0,23.4,0,-0.003,0,279.79,0,0,0,0,0,0,5.17,90.23,0.7482,-0.0068,-0.6635,7,90.4,0,0,0,0,0,0,3,0,0,0,69,0,0,0,90.4,1,0,0,0,0,3,0,0,0,11.5,-7.947,0,0,0,0,0,0,VALID,0,0,0,0,0,1,0,0,0,0,0,0,0,0,0,0,0,0,0,0,173.07,1254.77,2,0,0.105,0.105,3007,9.52,0.105,0.105,123.83,FLYING,X10-F,0:/Integrated Flight Computer/aircraft/x10_f_cfg.ks (inferred preloaded)
255.41,CRUISE,,200,80,-120,1315.34,0,9.32,9.32,279.75,0.087,0.1378,0,8.203,1,0.6,4.5,0.75,0.35,0.0168,0.4,0,23.4,0,-0.003,0,279.79,0,0,0,0,0,0,5.17,90.23,0.7482,-0.0068,-0.6635,7,90.4,0,0,0,0,0,0,3,0,0,0,69,0,0,0,90.4,1,0,0,0,0,3,0,0,0,11.5,-7.947,0,0,0,0,0,0,VALID,0,0,0,0,0,1,0,0,0,0,0,0,0,0,0,0,0,0,0,0,173.02,1254.77,2,0,0.105,0.105,3010,9.52,0.105,0.105,124.15,FLYING,X10-F,0:/Integrated Flight Computer/aircraft/x10_f_cfg.ks (inferred preloaded)
255.72,CRUISE,,200,80,-120,1320.25,0,9.32,9.32,279.76,0.09,0.1378,0,8.204,1,0.6,4.5,0.75,0.35,0.0168,0.4,0,23.4,0,-0.002,0,279.79,0,0,0,0,0,0,5.16,90.23,0.7482,-0.0068,-0.6635,7,90.4,0,0,0,0,0,0,3,0,0,0,69,0,0,0,90.4,1,0,0,0,0,3,0,0,0,11.5,-7.947,0,0,0,0,0,0,VALID,0,0,0,0,0,1,0,0,0,0,0,0,0,0,0,0,0,0,0,0,172.84,1254.77,2,0,0.105,0.105,3013,9.52,0.105,0.105,124.46,FLYING,X10-F,0:/Integrated Flight Computer/aircraft/x10_f_cfg.ks (inferred preloaded)
256.04,CRUISE,,200,80,-120,1324.98,0,9.32,9.32,279.76,0.088,0.138,0,8.204,1,0.6,4.5,0.75,0.35,0.0168,0.4,0,23.4,0,-0.003,0,279.79,0,0,0,0,0,0,5.15,90.23,0.7482,-0.0068,-0.6635,7,90.4,0,0,0,0,0,0,3,0,0,0,69,0,0,0,90.4,1,0,0,0,0,3,0,0,0,11.5,-7.947,0,0,0,0,0,0,VALID,0,0,0,0,0,1,0,0,0,0,0,0,0,0,0,0,0,0,0,0,172.99,1254.77,2,0,0.105,0.105,3016,9.52,0.105,0.105,124.78,FLYING,X10-F,0:/Integrated Flight Computer/aircraft/x10_f_cfg.ks (inferred preloaded)
256.35,CRUISE,,200,80,-120,1328.98,0,9.32,9.32,279.76,0.09,0.1379,0,8.205,1,0.6,4.5,0.75,0.35,0.0168,0.4,0,23.4,0,-0.002,0,279.79,0,0,0,0,0,0,5.15,90.23,0.7482,-0.0068,-0.6635,7,90.4,0,0,0,0,0,0,3,0,0,0,69,0,0,0,90.4,1,0,0,0,0,3,0,0,0,11.5,-7.947,0,0,0,0,0,0,VALID,0,0,0,0,0,1,0,0,0,0,0,0,0,0,0,0,0,0,0,0,173,1254.77,2,0,0.105,0.105,3019,9.52,0.105,0.105,125.09,FLYING,X10-F,0:/Integrated Flight Computer/aircraft/x10_f_cfg.ks (inferred preloaded)
256.67,CRUISE,,200,80,-120,1332.1,0,9.32,9.32,279.76,0.093,0.1378,0,8.206,1,0.6,4.5,0.75,0.35,0.0168,0.4,0,23.4,0,-0.002,0,279.8,0,0,0,0,0,0,5.14,90.23,0.7482,-0.0068,-0.6635,7,90.4,0,0,0,0,0,0,3,0,0,0,69,0,0,0,90.4,1,0,0,0,0,3,0,0,0,11.5,-7.947,0,0,0,0,0,0,VALID,0,0,0,0,0,1,0,0,0,0,0,0,0,0,0,0,0,0,0,0,173.01,1254.77,2,0,0.105,0.105,3022,9.52,0.105,0.105,125.41,FLYING,X10-F,0:/Integrated Flight Computer/aircraft/x10_f_cfg.ks (inferred preloaded)
256.98,CRUISE,,200,80,-120,1333.83,0,9.32,9.32,279.76,0.094,0.1378,0,8.207,1,0.6,4.5,0.75,0.35,0.0168,0.4,0,23.4,0,-0.002,0,279.8,0,0,0,0,0,0,5.13,90.23,0.7482,-0.0068,-0.6635,7,90.4,0,0,0,0,0,0,3,0,0,0,69,0,0,0,90.4,1,0,0,0,0,3,0,0,0,11.5,-7.947,0,0,0,0,0,0,VALID,0,0,0,0,0,1,0,0,0,0,0,0,0,0,0,0,0,0,0,0,172.84,1254.77,2,0,0.105,0.105,3025,9.52,0.105,0.105,125.72,FLYING,X10-F,0:/Integrated Flight Computer/aircraft/x10_f_cfg.ks (inferred preloaded)
257.3,CRUISE,,200,80,-120,1335.75,0,9.32,9.32,279.76,0.092,0.138,0,8.207,1,0.6,4.5,0.75,0.35,0.0168,0.4,0,23.4,0,-0.002,0,279.8,0,0,0,0,0,0,5.13,90.23,0.7482,-0.0068,-0.6635,7,90.4,0,0,0,0,0,0,3,0,0,0,69,0,0,0,90.4,1,0,0,0,0,3,0,0,0,11.5,-7.947,0,0,0,0,0,0,VALID,0,0,0,0,0,1,0,0,0,0,0,0,0,0,0,0,0,0,0,0,173.03,1254.77,2,0,0.105,0.105,3028,9.52,0.105,0.105,126.04,FLYING,X10-F,0:/Integrated Flight Computer/aircraft/x10_f_cfg.ks (inferred preloaded)
257.61,CRUISE,,200,80,-120,1338.8,0,9.32,9.32,279.76,0.091,0.1379,0,8.208,1,0.6,4.5,0.75,0.35,0.0168,0.4,0,23.4,0,-0.002,0,279.8,0,0,0,0,0,0,5.12,90.23,0.7482,-0.0068,-0.6635,7,90.4,0,0,0,0,0,0,3,0,0,0,69,0,0,0,90.4,1,0,0,0,0,3,0,0,0,11.5,-7.947,0,0,0,0,0,0,VALID,0,0,0,0,0,1,0,0,0,0,0,0,0,0,0,0,0,0,0,0,173.15,1254.77,2,0,0.105,0.105,3031,9.52,0.105,0.105,126.35,FLYING,X10-F,0:/Integrated Flight Computer/aircraft/x10_f_cfg.ks (inferred preloaded)
257.93,CRUISE,,200,80,-120,1340,0,9.32,9.32,279.76,0.091,0.1376,0,8.208,1,0.6,4.5,0.75,0.35,0.0168,0.4,0,23.4,0,-0.001,0,279.8,0,0,0,0,0,0,5.11,90.23,0.7482,-0.0068,-0.6635,7,90.4,0,0,0,0,0,0,3,0,0,0,69,0,0,0,90.4,1,0,0,0,0,3,0,0,0,11.5,-7.947,0,0,0,0,0,0,VALID,0,0,0,0,0,1,0,0,0,0,0,0,0,0,0,0,0,0,0,0,173.02,1254.77,2,0,0.105,0.105,3034,9.52,0.105,0.105,126.67,FLYING,X10-F,0:/Integrated Flight Computer/aircraft/x10_f_cfg.ks (inferred preloaded)
258.24,CRUISE,,200,80,-120,1339.32,0,9.32,9.32,279.76,0.09,0.1375,0,8.209,1,0.6,4.5,0.75,0.35,0.0168,0.4,0,23.4,0,-0.001,0,279.8,0,0,0,0,0,0,5.11,90.23,0.7482,-0.0068,-0.6635,7,90.4,0,0,0,0,0,0,3,0,0,0,69,0,0,0,90.4,1,0,0,0,0,3,0,0,0,11.5,-7.947,0,0,0,0,0,0,VALID,0,0,0,0,0,1,0,0,0,0,0,0,0,0,0,0,0,0,0,0,172.98,1254.77,2,0,0.105,0.105,3037,9.52,0.105,0.105,126.98,FLYING,X10-F,0:/Integrated Flight Computer/aircraft/x10_f_cfg.ks (inferred preloaded)
258.56,CRUISE,,200,80,-120,1336.69,0,9.32,9.32,279.76,0.09,0.1376,0,8.209,1,0.6,4.5,0.75,0.35,0.0168,0.4,0,23.4,0,-0.001,0,279.8,0,0,0,0,0,0,5.1,90.24,0.7482,-0.0068,-0.6635,7,90.4,0,0,0,0,0,0,3,0,0,0,69,0,0,0,90.4,1,0,0,0,0,3,0,0,0,11.5,-7.947,0,0,0,0,0,0,VALID,0,0,0,0,0,1,0,0,0,0,0,0,0,0,0,0,0,0,0,0,172.94,1254.78,2,0,0.105,0.105,3040,9.52,0.105,0.105,127.3,FLYING,X10-F,0:/Integrated Flight Computer/aircraft/x10_f_cfg.ks (inferred preloaded)
258.87,CRUISE,,200,80,-120,1335.65,0,9.32,9.32,279.76,0.09,0.1377,0,8.209,1,0.6,4.5,0.75,0.35,0.0168,0.4,0,23.4,0,0,0,279.8,0,0,0,0,0,0,5.09,90.24,0.7482,-0.0068,-0.6635,7,90.4,0,0,0,0,0,0,3,0,0,0,69,0,0,0,90.4,1,0,0,0,0,3,0,0,0,11.5,-7.947,0,0,0,0,0,0,VALID,0,0,0,0,0,1,0,0,0,0,0,0,0,0,0,0,0,0,0,0,172.91,1254.78,2,0,0.105,0.105,3043,9.52,0.105,0.105,127.61,FLYING,X10-F,0:/Integrated Flight Computer/aircraft/x10_f_cfg.ks (inferred preloaded)
259.19,CRUISE,,200,80,-120,1328.51,0,9.32,9.32,279.76,0.09,0.1378,0,8.209,1,0.6,4.5,0.75,0.35,0.0168,0.4,0,23.4,0,0,0,279.8,0,0,0,0,0,0,5.09,90.24,0.7482,-0.0068,-0.6635,7,90.4,0,0,0,0,0,0,3,0,0,0,69,0,0,0,90.4,1,0,0,0,0,3,0,0,0,11.5,-7.947,0,0,0,0,0,0,VALID,0,0,0,0,0,1,0,0,0,0,0,0,0,0,0,0,0,0,0,0,172.88,1254.77,2,0,0.105,0.105,3046,9.52,0.105,0.105,127.93,FLYING,X10-F,0:/Integrated Flight Computer/aircraft/x10_f_cfg.ks (inferred preloaded)
259.5,CRUISE,,200,80,-120,1320.57,0,9.32,9.32,279.76,0.091,0.1379,0,8.209,1,0.6,4.5,0.75,0.35,0.0168,0.4,0,23.4,0,-0.001,0,279.8,0,0,0,0,0,0,5.08,90.24,0.7482,-0.0068,-0.6635,7,90.4,0,0,0,0,0,0,3,0,0,0,69,0,0,0,90.4,1,0,0,0,0,3,0,0,0,11.5,-7.947,0,0,0,0,0,0,VALID,0,0,0,0,0,1,0,0,0,0,0,0,0,0,0,0,0,0,0,0,173.08,1254.77,2,0,0.105,0.105,3049,9.52,0.105,0.105,128.24,FLYING,X10-F,0:/Integrated Flight Computer/aircraft/x10_f_cfg.ks (inferred preloaded)
259.82,CRUISE,,200,80,-120,1311.69,0,9.32,9.32,279.76,0.092,0.1377,0,8.209,1,0.6,4.5,0.75,0.35,0.0168,0.4,0,23.4,0,0,0,279.8,0,0,0,0,0,0,5.08,90.24,0.7482,-0.0068,-0.6635,7,90.4,0,0,0,0,0,0,3,0,0,0,69,0,0,0,90.4,1,0,0,0,0,3,0,0,0,11.5,-7.947,0,0,0,0,0,0,VALID,0,0,0,0,0,1,0,0,0,0,0,0,0,0,0,0,0,0,0,0,173.04,1254.77,2,0,0.105,0.105,3052,9.52,0.105,0.105,128.56,FLYING,X10-F,0:/Integrated Flight Computer/aircraft/x10_f_cfg.ks (inferred preloaded)
260.13,CRUISE,,200,80,-120,1305.1,0,9.32,9.32,279.76,0.092,0.1377,0,8.209,1,0.6,4.5,0.75,0.35,0.0168,0.4,0,23.4,0,0,0,279.8,0,0,0,0,0,0,5.07,90.24,0.7482,-0.0068,-0.6635,7,90.4,0,0,0,0,0,0,3,0,0,0,69,0,0,0,90.4,1,0,0,0,0,3,0,0,0,11.5,-7.947,0,0,0,0,0,0,VALID,0,0,0,0,0,1,0,0,0,0,0,0,0,0,0,0,0,0,0,0,172.66,1254.77,2,0,0.105,0.105,3055,9.52,0.105,0.105,128.87,FLYING,X10-F,0:/Integrated Flight Computer/aircraft/x10_f_cfg.ks (inferred preloaded)
260.45,CRUISE,,200,80,-120,1301.39,0,9.32,9.32,279.76,0.093,0.1381,0,8.209,1,0.6,4.5,0.75,0.35,0.0168,0.4,0,23.4,0,0,0,279.8,0,0,0,0,0,0,5.06,90.24,0.7482,-0.0068,-0.6635,7,90.4,0,0,0,0,0,0,3,0,0,0,69,0,0,0,90.4,1,0,0,0,0,3,0,0,0,11.5,-7.947,0,0,0,0,0,0,VALID,0,0,0,0,0,1,0,0,0,0,0,0,0,0,0,0,0,0,0,0,172.74,1254.77,2,0,0.105,0.105,3058,9.52,0.105,0.105,129.19,FLYING,X10-F,0:/Integrated Flight Computer/aircraft/x10_f_cfg.ks (inferred preloaded)
260.76,CRUISE,,200,80,-120,1296.61,0,9.32,9.32,279.76,0.091,0.1384,0,8.21,1,0.6,4.5,0.75,0.35,0.0168,0.4,0,23.4,0,-0.001,0,279.8,0,0,0,0,0,0,5.06,90.24,0.7482,-0.0068,-0.6635,7,90.4,0,0,0,0,0,0,3,0,0,0,69,0,0,0,90.4,1,0,0,0,0,3,0,0,0,11.5,-7.947,0,0,0,0,0,0,VALID,0,0,0,0,0,1,0,0,0,0,0,0,0,0,0,0,0,0,0,0,172.78,1254.77,2,0,0.105,0.105,3061,9.52,0.105,0.105,129.5,FLYING,X10-F,0:/Integrated Flight Computer/aircraft/x10_f_cfg.ks (inferred preloaded)
261.08,CRUISE,,200,80,-120,1289.5,0,9.32,9.32,279.76,0.095,0.1385,0,8.21,1,0.6,4.5,0.75,0.35,0.0168,0.4,0,23.4,0,-0.002,0,279.8,0,0,0,0,0,0,5.05,90.24,0.7482,-0.0068,-0.6635,7,90.4,0,0,0,0,0,0,3,0,0,0,69,0,0,0,90.4,1,0,0,0,0,3,0,0,0,11.5,-7.947,0,0,0,0,0,0,VALID,0,0,0,0,0,1,0,0,0,0,0,0,0,0,0,0,0,0,0,0,172.84,1254.76,2,0,0.105,0.105,3064,9.52,0.105,0.105,129.82,FLYING,X10-F,0:/Integrated Flight Computer/aircraft/x10_f_cfg.ks (inferred preloaded)
261.39,CRUISE,,200,80,-120,1279.04,0,9.32,9.32,279.77,0.095,0.1384,0,8.211,1,0.6,4.5,0.75,0.35,0.0168,0.4,0,23.4,0,-0.002,0,279.8,0,0,0,0,0,0,5.04,90.24,0.7482,-0.0068,-0.6635,7,90.4,0,0,0,0,0,0,3,0,0,0,69,0,0,0,90.4,1,0,0,0,0,3,0,0,0,11.5,-7.947,0,0,0,0,0,0,VALID,0,0,0,0,0,1,0,0,0,0,0,0,0,0,0,0,0,0,0,0,172.89,1254.76,2,0,0.105,0.105,3067,9.52,0.105,0.105,130.13,FLYING,X10-F,0:/Integrated Flight Computer/aircraft/x10_f_cfg.ks (inferred preloaded)
261.71,CRUISE,,200,80,-120,1273.08,0,9.32,9.32,279.77,0.097,0.1383,0,8.211,1,0.6,4.5,0.75,0.35,0.0168,0.4,0,23.4,0,-0.002,0,279.8,0,0,0,0,0,0,5.04,90.24,0.7482,-0.0068,-0.6635,7,90.4,0,0,0,0,0,0,3,0,0,0,69,0,0,0,90.4,1,0,0,0,0,3,0,0,0,11.5,-7.947,0,0,0,0,0,0,VALID,0,0,0,0,0,1,0,0,0,0,0,0,0,0,0,0,0,0,0,0,172.94,1254.76,2,0,0.105,0.105,3070,9.52,0.105,0.105,130.45,FLYING,X10-F,0:/Integrated Flight Computer/aircraft/x10_f_cfg.ks (inferred preloaded)
262.02,CRUISE,,200,80,-120,1266.83,0,9.32,9.32,279.77,0.096,0.1381,0,8.212,1,0.6,4.5,0.75,0.35,0.0168,0.4,0,23.4,0,-0.002,0,279.81,0,0,0,0,0,0,5.03,90.24,0.7482,-0.0068,-0.6635,7,90.4,0,0,0,0,0,0,3,0,0,0,69,0,0,0,90.4,1,0,0,0,0,3,0,0,0,11.5,-7.947,0,0,0,0,0,0,VALID,0,0,0,0,0,1,0,0,0,0,0,0,0,0,0,0,0,0,0,0,172.97,1254.76,2,0,0.105,0.105,3073,9.52,0.105,0.105,130.76,FLYING,X10-F,0:/Integrated Flight Computer/aircraft/x10_f_cfg.ks (inferred preloaded)
262.34,CRUISE,,200,80,-120,1261.35,0,9.32,9.32,279.77,0.097,0.1379,0,8.212,1,0.6,4.5,0.75,0.35,0.0168,0.4,0,23.4,0,-0.001,0,279.81,0,0,0,0,0,0,5.02,90.24,0.7482,-0.0068,-0.6635,7,90.4,0,0,0,0,0,0,3,0,0,0,69,0,0,0,90.4,1,0,0,0,0,3,0,0,0,11.5,-7.947,0,0,0,0,0,0,VALID,0,0,0,0,0,1,0,0,0,0,0,0,0,0,0,0,0,0,0,0,172.99,1254.76,2,0,0.105,0.105,3076,9.52,0.105,0.105,131.08,FLYING,X10-F,0:/Integrated Flight Computer/aircraft/x10_f_cfg.ks (inferred preloaded)
262.65,CRUISE,,200,80,-120,1256.91,0,9.32,9.32,279.77,0.098,0.1377,0,8.213,1,0.6,4.5,0.75,0.35,0.0168,0.4,0,23.4,0,-0.001,0,279.81,0,0,0,0,0,0,5.02,90.24,0.7482,-0.0068,-0.6635,7,90.4,0,0,0,0,0,0,3,0,0,0,69,0,0,0,90.4,1,0,0,0,0,3,0,0,0,11.5,-7.947,0,0,0,0,0,0,VALID,0,0,0,0,0,1,0,0,0,0,0,0,0,0,0,0,0,0,0,0,172.9,1254.76,2,0,0.105,0.105,3079,9.52,0.105,0.105,131.39,FLYING,X10-F,0:/Integrated Flight Computer/aircraft/x10_f_cfg.ks (inferred preloaded)
262.97,CRUISE,,200,80,-120,1248.83,0,9.32,9.32,279.77,0.096,0.1378,0,8.213,1,0.6,4.5,0.75,0.35,0.0168,0.4,0,23.4,0,-0.001,0,279.81,0,0,0,0,0,0,5.01,90.24,0.7482,-0.0068,-0.6635,7,90.4,0,0,0,0,0,0,3,0,0,0,69,0,0,0,90.4,1,0,0,0,0,3,0,0,0,11.5,-7.947,0,0,0,0,0,0,VALID,0,0,0,0,0,1,0,0,0,0,0,0,0,0,0,0,0,0,0,0,172.8,1254.76,2,0,0.105,0.105,3082,9.52,0.105,0.105,131.71,FLYING,X10-F,0:/Integrated Flight Computer/aircraft/x10_f_cfg.ks (inferred preloaded)
263.28,CRUISE,,200,80,-120,1243.87,0,9.32,9.32,279.77,0.095,0.1379,0,8.213,1,0.6,4.5,0.75,0.35,0.0168,0.4,0,23.4,0,-0.001,0,279.81,0,0,0,0,0,0,5,90.24,0.7482,-0.0068,-0.6635,7,90.4,0,0,0,0,0,0,3,0,0,0,69,0,0,0,90.4,1,0,0,0,0,3,0,0,0,11.5,-7.947,0,0,0,0,0,0,VALID,0,0,0,0,0,1,0,0,0,0,0,0,0,0,0,0,0,0,0,0,173.01,1254.76,2,0,0.105,0.105,3085,9.52,0.105,0.105,132.02,FLYING,X10-F,0:/Integrated Flight Computer/aircraft/x10_f_cfg.ks (inferred preloaded)
263.6,CRUISE,,200,80,-120,1243.01,0,9.32,9.32,279.77,0.095,0.1378,0,8.213,1,0.6,4.5,0.75,0.35,0.0168,0.4,0,23.4,0,-0.001,0,279.81,0,0,0,0,0,0,5,90.24,0.7482,-0.0068,-0.6635,7,90.4,0,0,0,0,0,0,3,0,0,0,69,0,0,0,90.4,1,0,0,0,0,3,0,0,0,11.5,-7.947,0,0,0,0,0,0,VALID,0,0,0,0,0,1,0,0,0,0,0,0,0,0,0,0,0,0,0,0,173.01,1254.76,2,0,0.105,0.105,3088,9.52,0.105,0.105,132.34,FLYING,X10-F,0:/Integrated Flight Computer/aircraft/x10_f_cfg.ks (inferred preloaded)
263.91,CRUISE,,200,80,-120,1240.05,0,9.32,9.32,279.77,0.094,0.1376,0,8.213,1,0.6,4.5,0.75,0.35,0.0168,0.4,0,23.4,0,0,0,279.81,0,0,0,0,0,0,4.99,90.24,0.7482,-0.0068,-0.6635,7,90.4,0,0,0,0,0,0,3,0,0,0,69,0,0,0,90.4,1,0,0,0,0,3,0,0,0,11.5,-7.947,0,0,0,0,0,0,VALID,0,0,0,0,0,1,0,0,0,0,0,0,0,0,0,0,0,0,0,0,172.89,1254.76,2,0,0.105,0.105,3091,9.52,0.105,0.105,132.65,FLYING,X10-F,0:/Integrated Flight Computer/aircraft/x10_f_cfg.ks (inferred preloaded)
264.23,CRUISE,,200,80,-120,1237.59,0,9.32,9.32,279.77,0.094,0.1377,0,8.213,1,0.6,4.5,0.75,0.35,0.0168,0.4,0,23.4,0,0,0,279.81,0,0,0,0,0,0,4.99,90.24,0.7482,-0.0068,-0.6635,7,90.4,0,0,0,0,0,0,3,0,0,0,69,0,0,0,90.4,1,0,0,0,0,3,0,0,0,11.5,-7.947,0,0,0,0,0,0,VALID,0,0,0,0,0,1,0,0,0,0,0,0,0,0,0,0,0,0,0,0,172.87,1254.76,2,0,0.105,0.105,3094,9.52,0.105,0.105,132.97,FLYING,X10-F,0:/Integrated Flight Computer/aircraft/x10_f_cfg.ks (inferred preloaded)
264.54,CRUISE,,200,80,-120,1235.4,0,9.32,9.32,279.77,0.092,0.1378,0,8.213,1,0.6,4.5,0.75,0.35,0.0168,0.4,0,23.4,0,0,0,279.81,0,0,0,0,0,0,4.98,90.24,0.7482,-0.0068,-0.6635,7,90.4,0,0,0,0,0,0,3,0,0,0,69,0,0,0,90.4,1,0,0,0,0,3,0,0,0,11.5,-7.947,0,0,0,0,0,0,VALID,0,0,0,0,0,1,0,0,0,0,0,0,0,0,0,0,0,0,0,0,172.87,1254.76,2,0,0.105,0.105,3097,9.52,0.105,0.105,133.28,FLYING,X10-F,0:/Integrated Flight Computer/aircraft/x10_f_cfg.ks (inferred preloaded)
264.86,CRUISE,,200,80,-120,1233.65,0,9.32,9.32,279.77,0.093,0.1379,0,8.213,1,0.6,4.5,0.75,0.35,0.0168,0.4,0,23.4,0,0,0,279.81,0,0,0,0,0,0,4.97,90.24,0.7482,-0.0068,-0.6635,7,90.4,0,0,0,0,0,0,3,0,0,0,69,0,0,0,90.4,1,0,0,0,0,3,0,0,0,11.5,-7.947,0,0,0,0,0,0,VALID,0,0,0,0,0,1,0,0,0,0,0,0,0,0,0,0,0,0,0,0,173.05,1254.76,2,0,0.105,0.105,3100,9.52,0.105,0.105,133.6,FLYING,X10-F,0:/Integrated Flight Computer/aircraft/x10_f_cfg.ks (inferred preloaded)
265.17,CRUISE,,200,80,-120,1234.03,0,9.32,9.32,279.77,0.096,0.1376,0,8.213,1,0.6,4.5,0.75,0.35,0.0168,0.4,0,23.4,0,0.001,0,279.81,0,0,0,0,0,0,4.97,90.24,0.7482,-0.0068,-0.6635,7,90.4,0,0,0,0,0,0,3,0,0,0,69,0,0,0,90.4,1,0,0,0,0,3,0,0,0,11.5,-7.947,0,0,0,0,0,0,VALID,0,0,0,0,0,1,0,0,0,0,0,0,0,0,0,0,0,0,0,0,172.98,1254.76,2,0,0.105,0.105,3103,9.52,0.105,0.105,133.91,FLYING,X10-F,0:/Integrated Flight Computer/aircraft/x10_f_cfg.ks (inferred preloaded)
265.49,CRUISE,,200,80,-120,1230.09,0,9.32,9.32,279.77,0.095,0.1374,0,8.213,1,0.6,4.5,0.75,0.35,0.0168,0.4,0,23.4,0,0.001,0,279.81,0,0,0,0,0,0,4.96,90.24,0.7482,-0.0068,-0.6635,7,90.4,0,0,0,0,0,0,3,0,0,0,69,0,0,0,90.4,1,0,0,0,0,3,0,0,0,11.5,-7.947,0,0,0,0,0,0,VALID,0,0,0,0,0,1,0,0,0,0,0,0,0,0,0,0,0,0,0,0,172.93,1254.77,2,0,0.105,0.105,3106,9.52,0.105,0.105,134.23,FLYING,X10-F,0:/Integrated Flight Computer/aircraft/x10_f_cfg.ks (inferred preloaded)
265.8,CRUISE,,200,80,-120,1222.15,0,9.32,9.32,279.77,0.095,0.1375,0,8.212,1,0.6,4.5,0.75,0.35,0.0168,0.4,0,23.4,0,0.002,0,279.81,0,0,0,0,0,0,4.95,90.24,0.7482,-0.0068,-0.6635,7,90.4,0,0,0,0,0,0,3,0,0,0,69,0,0,0,90.4,1,0,0,0,0,3,0,0,0,11.5,-7.947,0,0,0,0,0,0,VALID,0,0,0,0,0,1,0,0,0,0,0,0,0,0,0,0,0,0,0,0,172.88,1254.77,2,0,0.105,0.105,3109,9.52,0.105,0.105,134.54,FLYING,X10-F,0:/Integrated Flight Computer/aircraft/x10_f_cfg.ks (inferred preloaded)
266.12,CRUISE,,200,80,-120,1214.02,0,9.32,9.32,279.77,0.097,0.1375,0,8.212,1,0.6,4.5,0.75,0.35,0.0168,0.4,0,23.4,0,0.002,0,279.81,0,0,0,0,0,0,4.95,90.24,0.7482,-0.0068,-0.6635,7,90.4,0,0,0,0,0,0,3,0,0,0,69,0,0,0,90.4,1,0,0,0,0,3,0,0,0,11.5,-7.947,0,0,0,0,0,0,VALID,0,0,0,0,0,1,0,0,0,0,0,0,0,0,0,0,0,0,0,0,172.84,1254.77,2,0,0.105,0.105,3112,9.52,0.105,0.105,134.86,FLYING,X10-F,0:/Integrated Flight Computer/aircraft/x10_f_cfg.ks (inferred preloaded)
266.43,CRUISE,,200,80,-120,1205.33,0,9.32,9.32,279.78,0.098,0.1376,0,8.211,1,0.6,4.5,0.75,0.35,0.0168,0.4,0,23.4,0,0.002,0,279.81,0,0,0,0,0,0,4.94,90.24,0.7482,-0.0068,-0.6635,7,90.4,0,0,0,0,0,0,3,0,0,0,69,0,0,0,90.4,1,0,0,0,0,3,0,0,0,11.5,-7.947,0,0,0,0,0,0,VALID,0,0,0,0,0,1,0,0,0,0,0,0,0,0,0,0,0,0,0,0,172.82,1254.77,2,0,0.105,0.105,3115,9.52,0.105,0.105,135.17,FLYING,X10-F,0:/Integrated Flight Computer/aircraft/x10_f_cfg.ks (inferred preloaded)
266.75,CRUISE,,200,80,-120,1196.9,0,9.32,9.32,279.78,0.098,0.1378,0,8.211,1,0.6,4.5,0.75,0.35,0.0168,0.4,0,23.4,0,0.002,0,279.81,0,0,0,0,0,0,4.93,90.24,0.7482,-0.0068,-0.6635,7,90.4,0,0,0,0,0,0,3,0,0,0,69,0,0,0,90.4,1,0,0,0,0,3,0,0,0,11.5,-7.947,0,0,0,0,0,0,VALID,0,0,0,0,0,1,0,0,0,0,0,0,0,0,0,0,0,0,0,0,172.81,1254.77,2,0,0.105,0.105,3118,9.52,0.105,0.105,135.49,FLYING,X10-F,0:/Integrated Flight Computer/aircraft/x10_f_cfg.ks (inferred preloaded)
267.06,CRUISE,,200,80,-120,1191.39,0,9.32,9.32,279.78,0.098,0.1378,0,8.21,1,0.6,4.5,0.75,0.35,0.0168,0.4,0,23.4,0,0.002,0,279.82,0,0,0,0,0,0,4.93,90.24,0.7482,-0.0068,-0.6635,7,90.4,0,0,0,0,0,0,3,0,0,0,69,0,0,0,90.4,1,0,0,0,0,3,0,0,0,11.5,-7.947,0,0,0,0,0,0,VALID,0,0,0,0,0,1,0,0,0,0,0,0,0,0,0,0,0,0,0,0,173,1254.76,2,0,0.105,0.105,3121,9.52,0.105,0.105,135.8,FLYING,X10-F,0:/Integrated Flight Computer/aircraft/x10_f_cfg.ks (inferred preloaded)
267.38,CRUISE,,200,80,-120,1185.14,0,9.32,9.32,279.78,0.094,0.1376,0,8.21,1,0.6,4.5,0.75,0.35,0.0168,0.4,0,23.4,0,0.002,0,279.82,0,0,0,0,0,0,4.92,90.24,0.7482,-0.0068,-0.6635,7,90.4,0,0,0,0,0,0,3,0,0,0,69,0,0,0,90.4,1,0,0,0,0,3,0,0,0,11.5,-7.947,0,0,0,0,0,0,VALID,0,0,0,0,0,1,0,0,0,0,0,0,0,0,0,0,0,0,0,0,172.83,1254.77,2,0,0.105,0.105,3124,9.52,0.105,0.105,136.12,FLYING,X10-F,0:/Integrated Flight Computer/aircraft/x10_f_cfg.ks (inferred preloaded)
267.69,CRUISE,,200,80,-120,1179.04,0,9.32,9.32,279.78,0.096,0.1375,0,8.209,1,0.6,4.5,0.75,0.35,0.0168,0.4,0,23.4,0,0.002,0,279.82,0,0,0,0,0,0,4.91,90.24,0.7482,-0.0068,-0.6635,7,90.4,0,0,0,0,0,0,3,0,0,0,69,0,0,0,90.4,1,0,0,0,0,3,0,0,0,11.5,-7.947,0,0,0,0,0,0,VALID,0,0,0,0,0,1,0,0,0,0,0,0,0,0,0,0,0,0,0,0,172.8,1254.77,2,0,0.105,0.105,3127,9.52,0.105,0.105,136.43,FLYING,X10-F,0:/Integrated Flight Computer/aircraft/x10_f_cfg.ks (inferred preloaded)
268.01,CRUISE,,200,80,-120,1174.98,0,9.32,9.32,279.78,0.096,0.1377,0,8.208,1,0.6,4.5,0.75,0.35,0.0168,0.4,0,23.4,0,0.002,0,279.82,0,0,0,0,0,0,4.91,90.24,0.7482,-0.0068,-0.6635,7,90.4,0,0,0,0,0,0,3,0,0,0,69,0,0,0,90.4,1,0,0,0,0,3,0,0,0,11.5,-7.947,0,0,0,0,0,0,VALID,0,0,0,0,0,1,0,0,0,0,0,0,0,0,0,0,0,0,0,0,172.66,1254.76,2,0,0.105,0.105,3130,9.52,0.105,0.105,136.75,FLYING,X10-F,0:/Integrated Flight Computer/aircraft/x10_f_cfg.ks (inferred preloaded)
268.32,CRUISE,,200,80,-120,1176.11,0,9.32,9.32,279.78,0.097,0.1378,0,8.208,1,0.6,4.5,0.75,0.35,0.0168,0.4,0,23.4,0,0.002,0,279.82,0,0,0,0,0,0,4.9,90.24,0.7482,-0.0068,-0.6635,7,90.4,0,0,0,0,0,0,3,0,0,0,69,0,0,0,90.4,1,0,0,0,0,3,0,0,0,11.5,-7.947,0,0,0,0,0,0,VALID,0,0,0,0,0,1,0,0,0,0,0,0,0,0,0,0,0,0,0,0,172.9,1254.76,2,0,0.105,0.105,3133,9.52,0.105,0.105,137.06,FLYING,X10-F,0:/Integrated Flight Computer/aircraft/x10_f_cfg.ks (inferred preloaded)
268.64,CRUISE,,200,80,-120,1181.51,0,9.32,9.32,279.78,0.097,0.1377,0,8.207,1,0.6,4.5,0.75,0.35,0.0168,0.4,0,23.4,0,0.002,0,279.82,0,0,0,0,0,0,4.9,90.24,0.7482,-0.0068,-0.6635,7,90.4,0,0,0,0,0,0,3,0,0,0,69,0,0,0,90.4,1,0,0,0,0,3,0,0,0,11.5,-7.947,0,0,0,0,0,0,VALID,0,0,0,0,0,1,0,0,0,0,0,0,0,0,0,0,0,0,0,0,172.88,1254.76,2,0,0.105,0.105,3136,9.52,0.105,0.105,137.38,FLYING,X10-F,0:/Integrated Flight Computer/aircraft/x10_f_cfg.ks (inferred preloaded)
268.95,CRUISE,,200,80,-120,1188.05,0,9.32,9.32,279.78,0.099,0.1375,0,8.206,1,0.6,4.5,0.75,0.35,0.0168,0.4,0,23.4,0,0.002,0,279.82,0,0,0,0,0,0,4.89,90.24,0.7482,-0.0068,-0.6635,7,90.4,0,0,0,0,0,0,3,0,0,0,69,0,0,0,90.4,1,0,0,0,0,3,0,0,0,11.5,-7.947,0,0,0,0,0,0,VALID,0,0,0,0,0,1,0,0,0,0,0,0,0,0,0,0,0,0,0,0,172.75,1254.76,2,0,0.105,0.105,3139,9.52,0.105,0.105,137.69,FLYING,X10-F,0:/Integrated Flight Computer/aircraft/x10_f_cfg.ks (inferred preloaded)
269.27,CRUISE,,200,80,-120,1197.46,0,9.32,9.32,279.78,0.102,0.1377,0,8.205,1,0.6,4.5,0.75,0.35,0.0168,0.4,0,23.4,0,0.002,0,279.82,0,0,0,0,0,0,4.88,90.24,0.7482,-0.0068,-0.6635,7,90.4,0,0,0,0,0,0,3,0,0,0,69,0,0,0,90.4,1,0,0,0,0,3,0,0,0,11.5,-7.947,0,0,0,0,0,0,VALID,0,0,0,0,0,1,0,0,0,0,0,0,0,0,0,0,0,0,0,0,172.68,1254.76,2,0,0.105,0.105,3142,9.52,0.105,0.105,138.01,FLYING,X10-F,0:/Integrated Flight Computer/aircraft/x10_f_cfg.ks (inferred preloaded)
269.58,CRUISE,,200,80,-120,1204.5,0,9.32,9.32,279.78,0.098,0.1378,0,8.205,1,0.6,4.5,0.75,0.35,0.0168,0.4,0,23.4,0,0.002,0,279.82,0,0,0,0,0,0,4.88,90.25,0.7482,-0.0068,-0.6635,7,90.4,0,0,0,0,0,0,3,0,0,0,69,0,0,0,90.4,1,0,0,0,0,3,0,0,0,11.5,-7.947,0,0,0,0,0,0,VALID,0,0,0,0,0,1,0,0,0,0,0,0,0,0,0,0,0,0,0,0,172.95,1254.76,2,0,0.105,0.105,3145,9.52,0.105,0.105,138.32,FLYING,X10-F,0:/Integrated Flight Computer/aircraft/x10_f_cfg.ks (inferred preloaded)
269.9,CRUISE,,200,80,-120,1211.27,0,9.32,9.32,279.78,0.096,0.1376,0,8.204,1,0.6,4.5,0.75,0.35,0.0168,0.4,0,23.4,0,0.002,0,279.82,0,0,0,0,0,0,4.87,90.25,0.7482,-0.0068,-0.6635,7,90.4,0,0,0,0,0,0,3,0,0,0,69,0,0,0,90.4,1,0,0,0,0,3,0,0,0,11.5,-7.947,0,0,0,0,0,0,VALID,0,0,0,0,0,1,0,0,0,0,0,0,0,0,0,0,0,0,0,0,172.89,1254.76,2,0,0.105,0.105,3148,9.52,0.105,0.105,138.64,FLYING,X10-F,0:/Integrated Flight Computer/aircraft/x10_f_cfg.ks (inferred preloaded)
270.21,CRUISE,,200,80,-120,1218.25,0,9.32,9.32,279.78,0.097,0.1374,0,8.203,1,0.6,4.5,0.75,0.35,0.0168,0.4,0,23.4,0,0.003,0,279.82,0,0,0,0,0,0,4.86,90.25,0.7482,-0.0068,-0.6635,7,90.4,0,0,0,0,0,0,3,0,0,0,69,0,0,0,90.4,1,0,0,0,0,3,0,0,0,11.5,-7.947,0,0,0,0,0,0,VALID,0,0,0,0,0,1,0,0,0,0,0,0,0,0,0,0,0,0,0,0,172.85,1254.76,2,0,0.105,0.105,3151,9.52,0.105,0.105,138.95,FLYING,X10-F,0:/Integrated Flight Computer/aircraft/x10_f_cfg.ks (inferred preloaded)
270.53,CRUISE,,200,80,-120,1225.79,0,9.32,9.32,279.78,0.1,0.1373,0,8.202,1,0.6,4.5,0.75,0.35,0.0168,0.4,0,23.4,0,0.003,0,279.82,0,0,0,0,0,0,4.86,90.25,0.7482,-0.0068,-0.6635,7,90.4,0,0,0,0,0,0,3,0,0,0,69,0,0,0,90.4,1,0,0,0,0,3,0,0,0,11.5,-7.947,0,0,0,0,0,0,VALID,0,0,0,0,0,1,0,0,0,0,0,0,0,0,0,0,0,0,0,0,172.79,1254.76,2,0,0.105,0.105,3154,9.52,0.105,0.105,139.27,FLYING,X10-F,0:/Integrated Flight Computer/aircraft/x10_f_cfg.ks (inferred preloaded)
270.84,CRUISE,,200,80,-120,1233.92,0,9.32,9.32,279.78,0.099,0.1374,0,8.201,1,0.6,4.5,0.75,0.35,0.0168,0.4,0,23.4,0,0.003,0,279.82,0,0,0,0,0,0,4.85,90.25,0.7482,-0.0068,-0.6635,7,90.4,0,0,0,0,0,0,3,0,0,0,69,0,0,0,90.4,1,0,0,0,0,3,0,0,0,11.5,-7.947,0,0,0,0,0,0,VALID,0,0,0,0,0,1,0,0,0,0,0,0,0,0,0,0,0,0,0,0,172.74,1254.76,2,0,0.105,0.105,3157,9.52,0.105,0.105,139.58,FLYING,X10-F,0:/Integrated Flight Computer/aircraft/x10_f_cfg.ks (inferred preloaded)
271.16,CRUISE,,200,80,-120,1242.63,0,9.32,9.32,279.78,0.1,0.1375,0,8.2,1,0.6,4.5,0.75,0.35,0.0168,0.4,0,23.4,0,0.003,0,279.83,0,0,0,0,0,0,4.84,90.25,0.7482,-0.0068,-0.6635,7,90.4,0,0,0,0,0,0,3,0,0,0,69,0,0,0,90.4,1,0,0,0,0,3,0,0,0,11.5,-7.947,0,0,0,0,0,0,VALID,0,0,0,0,0,1,0,0,0,0,0,0,0,0,0,0,0,0,0,0,172.71,1254.76,2,0,0.105,0.105,3160,9.52,0.105,0.105,139.9,FLYING,X10-F,0:/Integrated Flight Computer/aircraft/x10_f_cfg.ks (inferred preloaded)
271.47,CRUISE,,200,80,-120,1250.42,0,9.32,9.32,279.79,0.102,0.1376,0,8.2,1,0.6,4.5,0.75,0.35,0.0168,0.4,0,23.4,0,0.003,0,279.83,0,0,0,0,0,0,4.84,90.25,0.7482,-0.0068,-0.6635,7,90.4,0,0,0,0,0,0,3,0,0,0,69,0,0,0,90.4,1,0,0,0,0,3,0,0,0,11.5,-7.947,0,0,0,0,0,0,VALID,0,0,0,0,0,1,0,0,0,0,0,0,0,0,0,0,0,0,0,0,172.64,1254.76,2,0,0.105,0.105,3163,9.52,0.105,0.105,140.21,FLYING,X10-F,0:/Integrated Flight Computer/aircraft/x10_f_cfg.ks (inferred preloaded)
271.79,CRUISE,,200,80,-120,1256.5,0,9.32,9.32,279.79,0.104,0.1377,0,8.199,1,0.6,4.5,0.75,0.35,0.0168,0.4,0,23.4,0,0.003,0,279.83,0,0,0,0,0,0,4.83,90.25,0.7482,-0.0068,-0.6635,7,90.4,0,0,0,0,0,0,3,0,0,0,69,0,0,0,90.4,1,0,0,0,0,3,0,0,0,11.5,-7.947,0,0,0,0,0,0,VALID,0,0,0,0,0,1,0,0,0,0,0,0,0,0,0,0,0,0,0,0,172.78,1254.76,2,0,0.105,0.105,3166,9.52,0.105,0.105,140.53,FLYING,X10-F,0:/Integrated Flight Computer/aircraft/x10_f_cfg.ks (inferred preloaded)
272.1,CRUISE,,200,80,-120,1260.23,0,9.32,9.32,279.79,0.104,0.1377,0,8.198,1,0.6,4.5,0.75,0.35,0.0168,0.4,0,23.4,0,0.003,0,279.83,0,0,0,0,0,0,4.82,90.25,0.7482,-0.0068,-0.6635,7,90.4,0,0,0,0,0,0,3,0,0,0,69,0,0,0,90.4,1,0,0,0,0,3,0,0,0,11.5,-7.947,0,0,0,0,0,0,VALID,0,0,0,0,0,1,0,0,0,0,0,0,0,0,0,0,0,0,0,0,172.82,1254.76,2,0,0.105,0.105,3169,9.52,0.105,0.105,140.84,FLYING,X10-F,0:/Integrated Flight Computer/aircraft/x10_f_cfg.ks (inferred preloaded)
272.42,CRUISE,,200,80,-120,1263,0,9.32,9.32,279.79,0.102,0.1375,0,8.197,1,0.6,4.5,0.75,0.35,0.0168,0.4,0,23.4,0,0.003,0,279.83,0,0,0,0,0,0,4.82,90.25,0.7482,-0.0068,-0.6635,7,90.4,0,0,0,0,0,0,3,0,0,0,69,0,0,0,90.4,1,0,0,0,0,3,0,0,0,11.5,-7.947,0,0,0,0,0,0,VALID,0,0,0,0,0,1,0,0,0,0,0,0,0,0,0,0,0,0,0,0,172.55,1254.76,2,0,0.105,0.105,3172,9.52,0.105,0.105,141.16,FLYING,X10-F,0:/Integrated Flight Computer/aircraft/x10_f_cfg.ks (inferred preloaded)
272.73,CRUISE,,200,80,-120,1264.28,0,9.32,9.32,279.79,0.101,0.1378,0,8.196,1,0.6,4.5,0.75,0.35,0.0168,0.4,0,23.4,0,0.002,0,279.83,0,0,0,0,0,0,4.81,90.25,0.7482,-0.0068,-0.6635,7,90.4,0,0,0,0,0,0,3,0,0,0,69,0,0,0,90.4,1,0,0,0,0,3,0,0,0,11.5,-7.947,0,0,0,0,0,0,VALID,0,0,0,0,0,1,0,0,0,0,0,0,0,0,0,0,0,0,0,0,172.59,1254.75,2,0,0.105,0.105,3175,9.52,0.105,0.105,141.47,FLYING,X10-F,0:/Integrated Flight Computer/aircraft/x10_f_cfg.ks (inferred preloaded)
273.05,CRUISE,,200,80,-120,1264,0,9.32,9.32,279.79,0.101,0.138,0,8.196,1,0.6,4.5,0.75,0.35,0.0168,0.4,0,23.4,0,0.002,0,279.83,0,0,0,0,0,0,4.81,90.25,0.7482,-0.0068,-0.6635,7,90.4,0,0,0,0,0,0,3,0,0,0,69,0,0,0,90.4,1,0,0,0,0,3,0,0,0,11.5,-7.947,0,0,0,0,0,0,VALID,0,0,0,0,0,1,0,0,0,0,0,0,0,0,0,0,0,0,0,0,172.61,1254.75,2,0,0.105,0.105,3178,9.52,0.105,0.105,141.79,FLYING,X10-F,0:/Integrated Flight Computer/aircraft/x10_f_cfg.ks (inferred preloaded)
273.36,CRUISE,,200,80,-120,1259.78,0,9.32,9.32,279.79,0.102,0.1381,0,8.195,1,0.6,4.5,0.75,0.35,0.0168,0.4,0,23.4,0,0.001,0,279.83,0,0,0,0,0,0,4.8,90.25,0.7482,-0.0068,-0.6635,7,90.4,0,0,0,0,0,0,3,0,0,0,69,0,0,0,90.4,1,0,0,0,0,3,0,0,0,11.5,-7.947,0,0,0,0,0,0,VALID,0,0,0,0,0,1,0,0,0,0,0,0,0,0,0,0,0,0,0,0,172.64,1254.75,2,0,0.105,0.105,3181,9.52,0.105,0.105,142.1,FLYING,X10-F,0:/Integrated Flight Computer/aircraft/x10_f_cfg.ks (inferred preloaded)
273.68,CRUISE,,200,80,-120,1257.35,0,9.32,9.32,279.79,0.101,0.1381,0,8.195,1,0.6,4.5,0.75,0.35,0.0168,0.4,0,23.4,0,0.001,0,279.83,0,0,0,0,0,0,4.79,90.25,0.7482,-0.0068,-0.6635,7,90.4,0,0,0,0,0,0,3,0,0,0,69,0,0,0,90.4,1,0,0,0,0,3,0,0,0,11.5,-7.947,0,0,0,0,0,0,VALID,0,0,0,0,0,1,0,0,0,0,0,0,0,0,0,0,0,0,0,0,172.68,1254.74,2,0,0.105,0.105,3184,9.52,0.105,0.105,142.42,FLYING,X10-F,0:/Integrated Flight Computer/aircraft/x10_f_cfg.ks (inferred preloaded)
273.99,CRUISE,,200,80,-120,1254.85,0,9.32,9.32,279.79,0.1,0.138,0,8.195,1,0.6,4.5,0.75,0.35,0.0168,0.4,0,23.4,0,0.001,0,279.83,0,0,0,0,0,0,4.79,90.25,0.7482,-0.0068,-0.6635,7,90.4,0,0,0,0,0,0,3,0,0,0,69,0,0,0,90.4,1,0,0,0,0,3,0,0,0,11.5,-7.947,0,0,0,0,0,0,VALID,0,0,0,0,0,1,0,0,0,0,0,0,0,0,0,0,0,0,0,0,172.71,1254.74,2,0,0.105,0.105,3187,9.52,0.105,0.105,142.73,FLYING,X10-F,0:/Integrated Flight Computer/aircraft/x10_f_cfg.ks (inferred preloaded)
274.31,CRUISE,,200,80,-120,1254.23,0,9.32,9.32,279.79,0.102,0.1379,0,8.195,1,0.6,4.5,0.75,0.35,0.0168,0.4,0,23.4,0,0,0,279.83,0,0,0,0,0,0,4.78,90.25,0.7482,-0.0068,-0.6635,7,90.4,0,0,0,0,0,0,3,0,0,0,69,0,0,0,90.4,1,0,0,0,0,3,0,0,0,11.5,-7.947,0,0,0,0,0,0,VALID,0,0,0,0,0,1,0,0,0,0,0,0,0,0,0,0,0,0,0,0,172.73,1254.74,2,0,0.105,0.105,3190,9.52,0.105,0.105,143.05,FLYING,X10-F,0:/Integrated Flight Computer/aircraft/x10_f_cfg.ks (inferred preloaded)
274.62,CRUISE,,200,80,-120,1256.1,0,9.32,9.32,279.79,0.104,0.1378,0,8.195,1,0.6,4.5,0.75,0.35,0.0168,0.4,0,23.4,0,0,0,279.83,0,0,0,0,0,0,4.77,90.25,0.7482,-0.0068,-0.6635,7,90.4,0,0,0,0,0,0,3,0,0,0,69,0,0,0,90.4,1,0,0,0,0,3,0,0,0,11.5,-7.947,0,0,0,0,0,0,VALID,0,0,0,0,0,1,0,0,0,0,0,0,0,0,0,0,0,0,0,0,172.75,1254.74,2,0,0.105,0.105,3193,9.52,0.105,0.105,143.36,FLYING,X10-F,0:/Integrated Flight Computer/aircraft/x10_f_cfg.ks (inferred preloaded)
274.94,CRUISE,,200,80,-120,1259.14,0,9.32,9.32,279.79,0.105,0.1377,0,8.194,1,0.6,4.5,0.75,0.35,0.0168,0.4,0,23.4,0,0,0,279.83,0,0,0,0,0,0,4.77,90.25,0.7482,-0.0068,-0.6635,7,90.4,0,0,0,0,0,0,3,0,0,0,69,0,0,0,90.4,1,0,0,0,0,3,0,0,0,11.5,-7.947,0,0,0,0,0,0,VALID,0,0,0,0,0,1,0,0,0,0,0,0,0,0,0,0,0,0,0,0,172.79,1254.74,2,0,0.105,0.105,3196,9.52,0.105,0.105,143.68,FLYING,X10-F,0:/Integrated Flight Computer/aircraft/x10_f_cfg.ks (inferred preloaded)
275.25,CRUISE,,200,80,-120,1260.77,0,9.32,9.32,279.79,0.105,0.1375,0,8.194,1,0.6,4.5,0.75,0.35,0.0168,0.4,0,23.4,0,0.001,0,279.84,0,0,0,0,0,0,4.76,90.25,0.7482,-0.0068,-0.6635,7,90.4,0,0,0,0,0,0,3,0,0,0,69,0,0,0,90.4,1,0,0,0,0,3,0,0,0,11.5,-7.947,0,0,0,0,0,0,VALID,0,0,0,0,0,1,0,0,0,0,0,0,0,0,0,0,0,0,0,0,172.61,1254.74,2,0,0.105,0.105,3199,9.52,0.105,0.105,143.99,FLYING,X10-F,0:/Integrated Flight Computer/aircraft/x10_f_cfg.ks (inferred preloaded)
275.57,CRUISE,,200,80,-120,1257.65,0,9.32,9.32,279.8,0.104,0.1377,0,8.194,1,0.6,4.5,0.75,0.35,0.0168,0.4,0,23.4,0,0,0,279.84,0,0,0,0,0,0,4.75,90.25,0.7482,-0.0068,-0.6635,7,90.4,0,0,0,0,0,0,3,0,0,0,69,0,0,0,90.4,1,0,0,0,0,3,0,0,0,11.5,-7.947,0,0,0,0,0,0,VALID,0,0,0,0,0,1,0,0,0,0,0,0,0,0,0,0,0,0,0,0,172.67,1254.74,2,0,0.105,0.105,3202,9.52,0.105,0.105,144.31,FLYING,X10-F,0:/Integrated Flight Computer/aircraft/x10_f_cfg.ks (inferred preloaded)
275.88,CRUISE,,200,80,-120,1255.86,0,9.32,9.32,279.8,0.106,0.1377,0,8.194,1,0.6,4.5,0.75,0.35,0.0168,0.4,0,23.4,0,0,0,279.84,0,0,0,0,0,0,4.75,90.25,0.7482,-0.0068,-0.6635,7,90.4,0,0,0,0,0,0,3,0,0,0,69,0,0,0,90.4,1,0,0,0,0,3,0,0,0,11.5,-7.947,0,0,0,0,0,0,VALID,0,0,0,0,0,1,0,0,0,0,0,0,0,0,0,0,0,0,0,0,172.89,1254.73,2,0,0.105,0.105,3205,9.52,0.105,0.105,144.62,FLYING,X10-F,0:/Integrated Flight Computer/aircraft/x10_f_cfg.ks (inferred preloaded)
276.2,CRUISE,,200,80,-120,1253.6,0,9.32,9.32,279.8,0.107,0.1374,0,8.194,1,0.6,4.5,0.75,0.35,0.0168,0.4,0,23.4,0,0.001,0,279.84,0,0,0,0,0,0,4.74,90.25,0.7482,-0.0068,-0.6635,7,90.4,0,0,0,0,0,0,3,0,0,0,69,0,0,0,90.4,1,0,0,0,0,3,0,0,0,11.5,-7.947,0,0,0,0,0,0,VALID,0,0,0,0,0,1,0,0,0,0,0,0,0,0,0,0,0,0,0,0,172.71,1254.74,2,0,0.105,0.105,3208,9.52,0.105,0.105,144.94,FLYING,X10-F,0:/Integrated Flight Computer/aircraft/x10_f_cfg.ks (inferred preloaded)
276.51,CRUISE,,200,80,-120,1253.47,0,9.32,9.32,279.8,0.106,0.1374,0,8.193,1,0.6,4.5,0.75,0.35,0.0168,0.4,0,23.4,0,0.001,0,279.84,0,0,0,0,0,0,4.74,90.25,0.7482,-0.0068,-0.6635,7,90.4,0,0,0,0,0,0,3,0,0,0,69,0,0,0,90.4,1,0,0,0,0,3,0,0,0,11.5,-7.947,0,0,0,0,0,0,VALID,0,0,0,0,0,1,0,0,0,0,0,0,0,0,0,0,0,0,0,0,172.68,1254.74,2,0,0.105,0.105,3211,9.52,0.105,0.105,145.25,FLYING,X10-F,0:/Integrated Flight Computer/aircraft/x10_f_cfg.ks (inferred preloaded)
276.83,CRUISE,,200,80,-120,1253.6,0,9.32,9.32,279.8,0.104,0.1375,0,8.193,1,0.6,4.5,0.75,0.35,0.0168,0.4,0,23.4,0,0.001,0,279.84,0,0,0,0,0,0,4.73,90.25,0.7482,-0.0068,-0.6635,7,90.4,0,0,0,0,0,0,3,0,0,0,69,0,0,0,90.4,1,0,0,0,0,3,0,0,0,11.5,-7.947,0,0,0,0,0,0,VALID,0,0,0,0,0,1,0,0,0,0,0,0,0,0,0,0,0,0,0,0,172.66,1254.73,2,0,0.105,0.105,3214,9.52,0.105,0.105,145.57,FLYING,X10-F,0:/Integrated Flight Computer/aircraft/x10_f_cfg.ks (inferred preloaded)
277.14,CRUISE,,200,80,-120,1253.62,0,9.32,9.32,279.8,0.106,0.1376,0,8.193,1,0.6,4.5,0.75,0.35,0.0168,0.4,0,23.4,0,0.001,0,279.84,0,0,0,0,0,0,4.72,90.25,0.7482,-0.0068,-0.6635,7,90.4,0,0,0,0,0,0,3,0,0,0,69,0,0,0,90.4,1,0,0,0,0,3,0,0,0,11.5,-7.947,0,0,0,0,0,0,VALID,0,0,0,0,0,1,0,0,0,0,0,0,0,0,0,0,0,0,0,0,172.66,1254.73,2,0,0.105,0.105,3217,9.52,0.105,0.105,145.88,FLYING,X10-F,0:/Integrated Flight Computer/aircraft/x10_f_cfg.ks (inferred preloaded)
277.46,CRUISE,,200,80,-120,1254.15,0,9.32,9.32,279.8,0.107,0.1377,0,8.193,1,0.6,4.5,0.75,0.35,0.0168,0.4,0,23.4,0,0,0,279.84,0,0,0,0,0,0,4.72,90.25,0.7482,-0.0068,-0.6635,7,90.4,0,0,0,0,0,0,3,0,0,0,69,0,0,0,90.4,1,0,0,0,0,3,0,0,0,11.5,-7.947,0,0,0,0,0,0,VALID,0,0,0,0,0,1,0,0,0,0,0,0,0,0,0,0,0,0,0,0,172.83,1254.73,2,0,0.105,0.105,3220,9.52,0.105,0.105,146.2,FLYING,X10-F,0:/Integrated Flight Computer/aircraft/x10_f_cfg.ks (inferred preloaded)
277.77,CRUISE,,200,80,-120,1252,0,9.32,9.32,279.8,0.108,0.1375,0,8.193,1,0.6,4.5,0.75,0.35,0.0168,0.4,0,23.4,0,0.001,0,279.84,0,0,0,0,0,0,4.71,90.25,0.7482,-0.0068,-0.6635,7,90.4,0,0,0,0,0,0,3,0,0,0,69,0,0,0,90.4,1,0,0,0,0,3,0,0,0,11.5,-7.947,0,0,0,0,0,0,VALID,0,0,0,0,0,1,0,0,0,0,0,0,0,0,0,0,0,0,0,0,172.6,1254.73,2,0,0.105,0.105,3223,9.52,0.105,0.105,146.51,FLYING,X10-F,0:/Integrated Flight Computer/aircraft/x10_f_cfg.ks (inferred preloaded)
278.09,CRUISE,,200,80,-120,1251.81,0,9.32,9.32,279.8,0.11,0.1376,0,8.192,1,0.6,4.5,0.75,0.35,0.0168,0.4,0,23.4,0,0.001,0,279.84,0,0,0,0,0,0,4.7,90.25,0.7482,-0.0068,-0.6635,7,90.4,0,0,0,0,0,0,3,0,0,0,69,0,0,0,90.4,1,0,0,0,0,3,0,0,0,11.5,-7.947,0,0,0,0,0,0,VALID,0,0,0,0,0,1,0,0,0,0,0,0,0,0,0,0,0,0,0,0,172.53,1254.73,2,0,0.105,0.105,3226,9.52,0.105,0.105,146.83,FLYING,X10-F,0:/Integrated Flight Computer/aircraft/x10_f_cfg.ks (inferred preloaded)
278.4,CRUISE,,200,80,-120,1252.08,0,9.32,9.31,279.8,0.109,0.138,0,8.192,1,0.6,4.5,0.75,0.35,0.0168,0.4,0,23.4,0,0,0,279.85,0,0,0,0,0,0,4.7,90.25,0.7482,-0.0068,-0.6635,7,90.4,0,0,0,0,0,0,3,0,0,0,69,0,0,0,90.4,1,0,0,0,0,3,0,0,0,11.5,-7.947,0,0,0,0,0,0,VALID,0,0,0,0,0,1,0,0,0,0,0,0,0,0,0,0,0,0,0,0,172.55,1254.73,2,0,0.105,0.105,3229,9.52,0.105,0.105,147.14,FLYING,X10-F,0:/Integrated Flight Computer/aircraft/x10_f_cfg.ks (inferred preloaded)
278.72,CRUISE,,200,80,-120,1249.77,0,9.32,9.32,279.8,0.11,0.1381,0,8.192,1,0.6,4.5,0.75,0.35,0.0168,0.4,0,23.4,0,0,0,279.85,0,0,0,0,0,0,4.69,90.25,0.7482,-0.0068,-0.6635,7,90.4,0,0,0,0,0,0,3,0,0,0,69,0,0,0,90.4,1,0,0,0,0,3,0,0,0,11.5,-7.947,0,0,0,0,0,0,VALID,0,0,0,0,0,1,0,0,0,0,0,0,0,0,0,0,0,0,0,0,172.58,1254.72,2,0,0.105,0.105,3232,9.52,0.105,0.105,147.46,FLYING,X10-F,0:/Integrated Flight Computer/aircraft/x10_f_cfg.ks (inferred preloaded)
279.03,CRUISE,,200,80,-120,1247.03,0,9.32,9.32,279.8,0.11,0.1381,0,8.193,1,0.6,4.5,0.75,0.35,0.0168,0.4,0,23.4,0,-0.001,0,279.85,0,0,0,0,0,0,4.68,90.25,0.7482,-0.0068,-0.6635,7,90.4,0,0,0,0,0,0,3,0,0,0,69,0,0,0,90.4,1,0,0,0,0,3,0,0,0,11.5,-7.947,0,0,0,0,0,0,VALID,0,0,0,0,0,1,0,0,0,0,0,0,0,0,0,0,0,0,0,0,172.62,1254.72,2,0,0.105,0.105,3235,9.52,0.105,0.105,147.77,FLYING,X10-F,0:/Integrated Flight Computer/aircraft/x10_f_cfg.ks (inferred preloaded)
279.35,CRUISE,,200,80,-120,1241.77,0,9.32,9.32,279.81,0.113,0.138,0,8.193,1,0.6,4.5,0.75,0.35,0.0168,0.4,0,23.4,0,-0.001,0,279.85,0,0,0,0,0,0,4.68,90.25,0.7482,-0.0068,-0.6635,7,90.4,0,0,0,0,0,0,3,0,0,0,69,0,0,0,90.4,1,0,0,0,0,3,0,0,0,11.5,-7.947,0,0,0,0,0,0,VALID,0,0,0,0,0,1,0,0,0,0,0,0,0,0,0,0,0,0,0,0,172.66,1254.72,2,0,0.105,0.105,3238,9.52,0.105,0.105,148.09,FLYING,X10-F,0:/Integrated Flight Computer/aircraft/x10_f_cfg.ks (inferred preloaded)
279.66,CRUISE,,200,80,-120,1232.95,0,9.32,9.31,279.81,0.114,0.1379,0,8.193,1,0.6,4.5,0.75,0.35,0.0168,0.4,0,23.4,0,-0.001,0,279.85,0,0,0,0,0,0,4.67,90.25,0.7482,-0.0068,-0.6635,7,90.4,0,0,0,0,0,0,3,0,0,0,69,0,0,0,90.4,1,0,0,0,0,3,0,0,0,11.5,-7.947,0,0,0,0,0,0,VALID,0,0,0,0,0,1,0,0,0,0,0,0,0,0,0,0,0,0,0,0,172.69,1254.72,2,0,0.105,0.105,3241,9.52,0.105,0.105,148.4,FLYING,X10-F,0:/Integrated Flight Computer/aircraft/x10_f_cfg.ks (inferred preloaded)
279.98,CRUISE,,200,80,-120,1227.35,0,9.32,9.31,279.81,0.115,0.1378,0,8.194,1,0.6,4.5,0.75,0.35,0.0168,0.4,0,23.4,0,-0.001,0,279.85,0,0,0,0,0,0,4.66,90.25,0.7482,-0.0068,-0.6635,7,90.4,0,0,0,0,0,0,3,0,0,0,69,0,0,0,90.4,1,0,0,0,0,3,0,0,0,11.5,-7.947,0,0,0,0,0,0,VALID,0,0,0,0,0,1,0,0,0,0,0,0,0,0,0,0,0,0,0,0,172.71,1254.72,2,0,0.105,0.105,3244,9.52,0.105,0.105,148.72,FLYING,X10-F,0:/Integrated Flight Computer/aircraft/x10_f_cfg.ks (inferred preloaded)
280.29,CRUISE,,200,80,-120,1225,0,9.31,9.31,279.81,0.116,0.1377,0,8.194,1,0.6,4.5,0.75,0.35,0.0168,0.4,0,23.4,0,-0.001,0,279.85,0,0,0,0,0,0,4.66,90.25,0.7482,-0.0068,-0.6635,7,90.4,0,0,0,0,0,0,3,0,0,0,69,0,0,0,90.4,1,0,0,0,0,3,0,0,0,11.5,-7.947,0,0,0,0,0,0,VALID,0,0,0,0,0,1,0,0,0,0,0,0,0,0,0,0,0,0,0,0,172.79,1254.72,2,0,0.105,0.105,3247,9.52,0.105,0.105,149.03,FLYING,X10-F,0:/Integrated Flight Computer/aircraft/x10_f_cfg.ks (inferred preloaded)
280.61,CRUISE,,200,80,-120,1222.84,0,9.32,9.31,279.81,0.112,0.1375,0,8.194,1,0.6,4.5,0.75,0.35,0.0168,0.4,0,23.4,0,-0.001,0,279.85,0,0,0,0,0,0,4.65,90.26,0.7482,-0.0068,-0.6635,7,90.4,0,0,0,0,0,0,3,0,0,0,69,0,0,0,90.4,1,0,0,0,0,3,0,0,0,11.5,-7.947,0,0,0,0,0,0,VALID,0,0,0,0,0,1,0,0,0,0,0,0,0,0,0,0,0,0,0,0,172.56,1254.72,2,0,0.105,0.105,3250,9.52,0.105,0.105,149.35,FLYING,X10-F,0:/Integrated Flight Computer/aircraft/x10_f_cfg.ks (inferred preloaded)
280.92,CRUISE,,200,80,-120,1219.45,0,9.31,9.31,279.81,0.115,0.1377,0,8.194,1,0.6,4.5,0.75,0.35,0.0168,0.4,0,23.4,0,-0.001,0,279.85,0,0,0,0,0,0,4.65,90.26,0.7482,-0.0068,-0.6635,7,90.4,0,0,0,0,0,0,3,0,0,0,69,0,0,0,90.4,1,0,0,0,0,3,0,0,0,11.5,-7.947,0,0,0,0,0,0,VALID,0,0,0,0,0,1,0,0,0,0,0,0,0,0,0,0,0,0,0,0,172.65,1254.72,2,0,0.105,0.105,3253,9.52,0.105,0.105,149.66,FLYING,X10-F,0:/Integrated Flight Computer/aircraft/x10_f_cfg.ks (inferred preloaded)
281.24,CRUISE,,200,80,-120,1215.27,0,9.32,9.31,279.81,0.114,0.1378,0,8.194,1,0.6,4.5,0.75,0.35,0.0168,0.4,0,23.4,0,-0.001,0,279.85,0,0,0,0,0,0,4.64,90.26,0.7482,-0.0068,-0.6635,7,90.4,0,0,0,0,0,0,3,0,0,0,69,0,0,0,90.4,1,0,0,0,0,3,0,0,0,11.5,-7.947,0,0,0,0,0,0,VALID,0,0,0,0,0,1,0,0,0,0,0,0,0,0,0,0,0,0,0,0,172.66,1254.71,2,0,0.105,0.105,3256,9.52,0.105,0.105,149.98,FLYING,X10-F,0:/Integrated Flight Computer/aircraft/x10_f_cfg.ks (inferred preloaded)
281.55,CRUISE,,200,80,-120,1210.54,0,9.32,9.31,279.81,0.115,0.1378,0,8.195,1,0.6,4.5,0.75,0.35,0.0168,0.4,0,23.4,0,-0.001,0,279.86,0,0,0,0,0,0,4.63,90.26,0.7482,-0.0068,-0.6635,7,90.4,0,0,0,0,0,0,3,0,0,0,69,0,0,0,90.4,1,0,0,0,0,3,0,0,0,11.5,-7.947,0,0,0,0,0,0,VALID,0,0,0,0,0,1,0,0,0,0,0,0,0,0,0,0,0,0,0,0,172.68,1254.71,2,0,0.105,0.105,3259,9.52,0.105,0.105,150.29,FLYING,X10-F,0:/Integrated Flight Computer/aircraft/x10_f_cfg.ks (inferred preloaded)
281.87,CRUISE,,200,80,-120,1203.75,0,9.31,9.31,279.81,0.118,0.1377,0,8.195,1,0.6,4.5,0.75,0.35,0.0168,0.4,0,23.4,0,-0.001,0,279.86,0,0,0,0,0,0,4.63,90.26,0.7482,-0.0068,-0.6635,7,90.4,0,0,0,0,0,0,3,0,0,0,69,0,0,0,90.4,1,0,0,0,0,3,0,0,0,11.5,-7.947,0,0,0,0,0,0,VALID,0,0,0,0,0,1,0,0,0,0,0,0,0,0,0,0,0,0,0,0,172.8,1254.71,2,0,0.105,0.105,3262,9.52,0.105,0.105,150.61,FLYING,X10-F,0:/Integrated Flight Computer/aircraft/x10_f_cfg.ks (inferred preloaded)
282.18,CRUISE,,200,80,-120,1197.39,0,9.31,9.31,279.81,0.118,0.1376,0,8.195,1,0.6,4.5,0.75,0.35,0.0168,0.4,0,23.4,0,-0.001,0,279.86,0,0,0,0,0,0,4.62,90.26,0.7482,-0.0068,-0.6635,7,90.4,0,0,0,0,0,0,3,0,0,0,69,0,0,0,90.4,1,0,0,0,0,3,0,0,0,11.5,-7.947,0,0,0,0,0,0,VALID,0,0,0,0,0,1,0,0,0,0,0,0,0,0,0,0,0,0,0,0,172.68,1254.71,2,0,0.105,0.105,3265,9.52,0.105,0.105,150.92,FLYING,X10-F,0:/Integrated Flight Computer/aircraft/x10_f_cfg.ks (inferred preloaded)
282.5,CRUISE,,200,80,-120,1190.07,0,9.31,9.31,279.81,0.119,0.1375,0,8.195,1,0.6,4.5,0.75,0.35,0.0168,0.4,0,23.4,0,0,0,279.86,0,0,0,0,0,0,4.61,90.26,0.7482,-0.0068,-0.6635,7,90.4,0,0,0,0,0,0,3,0,0,0,69,0,0,0,90.4,1,0,0,0,0,3,0,0,0,11.5,-7.947,0,0,0,0,0,0,VALID,0,0,0,0,0,1,0,0,0,0,0,0,0,0,0,0,0,0,0,0,172.52,1254.71,2,0,0.105,0.105,3268,9.52,0.105,0.105,151.24,FLYING,X10-F,0:/Integrated Flight Computer/aircraft/x10_f_cfg.ks (inferred preloaded)
282.81,CRUISE,,200,80,-120,1186.56,0,9.31,9.31,279.82,0.12,0.1378,0,8.195,1,0.6,4.5,0.75,0.35,0.0168,0.4,0,23.4,0,-0.001,0,279.86,0,0,0,0,0,0,4.61,90.26,0.7482,-0.0068,-0.6635,7,90.4,0,0,0,0,0,0,3,0,0,0,69,0,0,0,90.4,1,0,0,0,0,3,0,0,0,11.5,-7.947,0,0,0,0,0,0,VALID,0,0,0,0,0,1,0,0,0,0,0,0,0,0,0,0,0,0,0,0,172.67,1254.71,2,0,0.105,0.105,3271,9.52,0.105,0.105,151.55,FLYING,X10-F,0:/Integrated Flight Computer/aircraft/x10_f_cfg.ks (inferred preloaded)
283.13,CRUISE,,200,80,-120,1184.53,0,9.31,9.31,279.82,0.12,0.1378,0,8.196,1,0.6,4.5,0.75,0.35,0.0168,0.4,0,23.4,0,-0.001,0,279.86,0,0,0,0,0,0,4.6,90.26,0.7482,-0.0068,-0.6635,7,90.4,0,0,0,0,0,0,3,0,0,0,69,0,0,0,90.4,1,0,0,0,0,3,0,0,0,11.5,-7.947,0,0,0,0,0,0,VALID,0,0,0,0,0,1,0,0,0,0,0,0,0,0,0,0,0,0,0,0,172.69,1254.71,2,0,0.105,0.105,3274,9.52,0.105,0.105,151.87,FLYING,X10-F,0:/Integrated Flight Computer/aircraft/x10_f_cfg.ks (inferred preloaded)
283.44,CRUISE,,200,80,-120,1183.17,0,9.31,9.31,279.82,0.122,0.1376,0,8.196,1,0.6,4.5,0.75,0.35,0.0168,0.4,0,23.4,0,0,0,279.86,0,0,0,0,0,0,4.59,90.26,0.7482,-0.0068,-0.6635,7,90.4,0,0,0,0,0,0,3,0,0,0,69,0,0,0,90.4,1,0,0,0,0,3,0,0,0,11.5,-7.947,0,0,0,0,0,0,VALID,0,0,0,0,0,1,0,0,0,0,0,0,0,0,0,0,0,0,0,0,172.76,1254.71,2,0,0.105,0.105,3277,9.52,0.105,0.105,152.18,FLYING,X10-F,0:/Integrated Flight Computer/aircraft/x10_f_cfg.ks (inferred preloaded)
283.76,CRUISE,,200,80,-120,1184.21,0,9.31,9.31,279.82,0.124,0.1375,0,8.196,1,0.6,4.5,0.75,0.35,0.0168,0.4,0,23.4,0,0,0,279.86,0,0,0,0,0,0,4.59,90.26,0.7482,-0.0068,-0.6635,7,90.4,0,0,0,0,0,0,3,0,0,0,69,0,0,0,90.4,1,0,0,0,0,3,0,0,0,11.5,-7.947,0,0,0,0,0,0,VALID,0,0,0,0,0,1,0,0,0,0,0,0,0,0,0,0,0,0,0,0,172.49,1254.71,2,0,0.105,0.105,3280,9.52,0.105,0.105,152.5,FLYING,X10-F,0:/Integrated Flight Computer/aircraft/x10_f_cfg.ks (inferred preloaded)
284.07,CRUISE,,200,80,-120,1185.47,0,9.31,9.31,279.82,0.123,0.1377,0,8.196,1,0.6,4.5,0.75,0.35,0.0168,0.4,0,23.4,0,0,0,279.87,0,0,0,0,0,0,4.58,90.26,0.7482,-0.0068,-0.6635,7,90.4,0,0,0,0,0,0,3,0,0,0,69,0,0,0,90.4,1,0,0,0,0,3,0,0,0,11.5,-7.947,0,0,0,0,0,0,VALID,0,0,0,0,0,1,0,0,0,0,0,0,0,0,0,0,0,0,0,0,172.63,1254.71,2,0,0.105,0.105,3283,9.52,0.105,0.105,152.81,FLYING,X10-F,0:/Integrated Flight Computer/aircraft/x10_f_cfg.ks (inferred preloaded)
284.39,CRUISE,,200,80,-120,1185.76,0,9.31,9.31,279.82,0.126,0.1377,0,8.196,1,0.6,4.5,0.75,0.35,0.0168,0.4,0,23.4,0,0,0,279.87,0,0,0,0,0,0,4.57,90.26,0.7482,-0.0068,-0.6635,7,90.4,0,0,0,0,0,0,3,0,0,0,69,0,0,0,90.4,1,0,0,0,0,3,0,0,0,11.5,-7.947,0,0,0,0,0,0,VALID,0,0,0,0,0,1,0,0,0,0,0,0,0,0,0,0,0,0,0,0,172.88,1254.71,2,0,0.105,0.105,3286,9.52,0.105,0.105,153.13,FLYING,X10-F,0:/Integrated Flight Computer/aircraft/x10_f_cfg.ks (inferred preloaded)
284.7,CRUISE,,200,80,-120,1187.05,0,9.31,9.31,279.82,0.127,0.1373,0,8.196,1,0.6,4.5,0.75,0.35,0.0168,0.4,0,23.4,0,0,0,279.87,0,0,0,0,0,0,4.57,90.26,0.7482,-0.0068,-0.6635,7,90.4,0,0,0,0,0,0,3,0,0,0,69,0,0,0,90.4,1,0,0,0,0,3,0,0,0,11.5,-7.947,0,0,0,0,0,0,VALID,0,0,0,0,0,1,0,0,0,0,0,0,0,0,0,0,0,0,0,0,172.77,1254.71,2,0,0.105,0.105,3289,9.52,0.105,0.105,153.44,FLYING,X10-F,0:/Integrated Flight Computer/aircraft/x10_f_cfg.ks (inferred preloaded)
285.02,CRUISE,,200,80,-120,1186.12,0,9.31,9.31,279.82,0.128,0.1371,0,8.196,1,0.6,4.5,0.75,0.35,0.0168,0.4,0,23.4,0,0.001,0,279.87,0,0,0,0,0,0,4.56,90.26,0.7482,-0.0068,-0.6635,7,90.4,0,0,0,0,0,0,3,0,0,0,69,0,0,0,90.4,1,0,0,0,0,3,0,0,0,11.5,-7.947,0,0,0,0,0,0,VALID,0,0,0,0,0,1,0,0,0,0,0,0,0,0,0,0,0,0,0,0,172.7,1254.71,2,0,0.105,0.105,3292,9.52,0.105,0.105,153.76,FLYING,X10-F,0:/Integrated Flight Computer/aircraft/x10_f_cfg.ks (inferred preloaded)
285.33,CRUISE,,200,80,-120,1184.8,0,9.31,9.31,279.82,0.127,0.1372,0,8.195,1,0.6,4.5,0.75,0.35,0.0168,0.4,0,23.4,0,0.001,0,279.87,0,0,0,0,0,0,4.56,90.26,0.7482,-0.0068,-0.6635,7,90.4,0,0,0,0,0,0,3,0,0,0,69,0,0,0,90.4,1,0,0,0,0,3,0,0,0,11.5,-7.947,0,0,0,0,0,0,VALID,0,0,0,0,0,1,0,0,0,0,0,0,0,0,0,0,0,0,0,0,172.64,1254.71,2,0,0.105,0.105,3295,9.52,0.105,0.105,154.07,FLYING,X10-F,0:/Integrated Flight Computer/aircraft/x10_f_cfg.ks (inferred preloaded)
285.65,CRUISE,,200,80,-120,1185.33,0,9.31,9.31,279.83,0.129,0.1373,0,8.195,1,0.6,4.5,0.75,0.35,0.0168,0.4,0,23.4,0,0.001,0,279.87,0,0,0,0,0,0,4.55,90.26,0.7482,-0.0068,-0.6635,7,90.4,0,0,0,0,0,0,3,0,0,0,69,0,0,0,90.4,1,0,0,0,0,3,0,0,0,11.5,-7.947,0,0,0,0,0,0,VALID,0,0,0,0,0,1,0,0,0,0,0,0,0,0,0,0,0,0,0,0,172.58,1254.71,2,0,0.105,0.105,3298,9.52,0.105,0.105,154.39,FLYING,X10-F,0:/Integrated Flight Computer/aircraft/x10_f_cfg.ks (inferred preloaded)
285.96,CRUISE,,200,80,-120,1186.67,0,9.31,9.31,279.83,0.129,0.1374,0,8.194,1,0.6,4.5,0.75,0.35,0.0168,0.4,0,23.4,0,0.001,0,279.87,0,0,0,0,0,0,4.54,90.26,0.7482,-0.0068,-0.6635,7,90.4,0,0,0,0,0,0,3,0,0,0,69,0,0,0,90.4,1,0,0,0,0,3,0,0,0,11.5,-7.947,0,0,0,0,0,0,VALID,0,0,0,0,0,1,0,0,0,0,0,0,0,0,0,0,0,0,0,0,172.55,1254.71,2,0,0.105,0.105,3301,9.52,0.105,0.105,154.7,FLYING,X10-F,0:/Integrated Flight Computer/aircraft/x10_f_cfg.ks (inferred preloaded)
286.28,CRUISE,,200,80,-120,1185.13,0,9.31,9.31,279.83,0.132,0.1376,0,8.194,1,0.6,4.5,0.75,0.35,0.0168,0.4,0,23.4,0,0.001,0,279.88,0,0,0,0,0,0,4.54,90.26,0.7482,-0.0068,-0.6635,7,90.4,0,0,0,0,0,0,3,0,0,0,69,0,0,0,90.4,1,0,0,0,0,3,0,0,0,11.5,-7.947,0,0,0,0,0,0,VALID,0,0,0,0,0,1,0,0,0,0,0,0,0,0,0,0,0,0,0,0,172.6,1254.71,2,0,0.105,0.105,3304,9.52,0.105,0.105,155.02,FLYING,X10-F,0:/Integrated Flight Computer/aircraft/x10_f_cfg.ks (inferred preloaded)
286.59,CRUISE,,200,80,-120,1184.51,0,9.31,9.31,279.83,0.133,0.1376,0,8.194,1,0.6,4.5,0.75,0.35,0.0168,0.4,0,23.4,0,0.001,0,279.88,0,0,0,0,0,0,4.53,90.26,0.7482,-0.0068,-0.6635,7,90.4,0,0,0,0,0,0,3,0,0,0,69,0,0,0,90.4,1,0,0,0,0,3,0,0,0,11.5,-7.947,0,0,0,0,0,0,VALID,0,0,0,0,0,1,0,0,0,0,0,0,0,0,0,0,0,0,0,0,172.75,1254.71,2,0,0.105,0.105,3307,9.52,0.105,0.105,155.33,FLYING,X10-F,0:/Integrated Flight Computer/aircraft/x10_f_cfg.ks (inferred preloaded)
286.91,CRUISE,,200,80,-120,1181.28,0,9.31,9.31,279.83,0.134,0.1374,0,8.193,1,0.6,4.5,0.75,0.35,0.0168,0.4,0,23.4,0,0.001,0,279.88,0,0,0,0,0,0,4.52,90.26,0.7482,-0.0068,-0.6635,7,90.4,0,0,0,0,0,0,3,0,0,0,69,0,0,0,90.4,1,0,0,0,0,3,0,0,0,11.5,-7.947,0,0,0,0,0,0,VALID,0,0,0,0,0,1,0,0,0,0,0,0,0,0,0,0,0,0,0,0,172.48,1254.71,2,0,0.105,0.105,3310,9.52,0.105,0.105,155.65,FLYING,X10-F,0:/Integrated Flight Computer/aircraft/x10_f_cfg.ks (inferred preloaded)
287.22,CRUISE,,200,80,-120,1175.47,0,9.31,9.31,279.83,0.135,0.1376,0,8.193,1,0.6,4.5,0.75,0.35,0.0168,0.4,0,23.4,0,0.001,0,279.88,0,0,0,0,0,0,4.52,90.26,0.7482,-0.0068,-0.6635,7,90.4,0,0,0,0,0,0,3,0,0,0,69,0,0,0,90.4,1,0,0,0,0,3,0,0,0,11.5,-7.947,0,0,0,0,0,0,VALID,0,0,0,0,0,1,0,0,0,0,0,0,0,0,0,0,0,0,0,0,172.45,1254.71,2,0,0.105,0.105,3313,9.52,0.105,0.105,155.96,FLYING,X10-F,0:/Integrated Flight Computer/aircraft/x10_f_cfg.ks (inferred preloaded)
287.54,CRUISE,,200,80,-120,1168.72,0,9.31,9.31,279.83,0.137,0.1379,0,8.192,1,0.6,4.5,0.75,0.35,0.0168,0.4,0,23.4,0,0.001,0,279.88,0,0,0,0,0,0,4.51,90.26,0.7482,-0.0068,-0.6635,7,90.4,0,0,0,0,0,0,3,0,0,0,69,0,0,0,90.4,1,0,0,0,0,3,0,0,0,11.5,-7.947,0,0,0,0,0,0,VALID,0,0,0,0,0,1,0,0,0,0,0,0,0,0,0,0,0,0,0,0,172.47,1254.71,2,0,0.105,0.105,3316,9.52,0.105,0.105,156.28,FLYING,X10-F,0:/Integrated Flight Computer/aircraft/x10_f_cfg.ks (inferred preloaded)
287.85,CRUISE,,200,80,-120,1164.21,0,9.31,9.31,279.84,0.138,0.138,0,8.192,1,0.6,4.5,0.75,0.35,0.0168,0.4,0,23.4,0,0,0,279.88,0,0,0,0,0,0,4.5,90.26,0.7482,-0.0068,-0.6635,7,90.4,0,0,0,0,0,0,3,0,0,0,69,0,0,0,90.4,1,0,0,0,0,3,0,0,0,11.5,-7.947,0,0,0,0,0,0,VALID,0,0,0,0,0,1,0,0,0,0,0,0,0,0,0,0,0,0,0,0,172.5,1254.7,2,0,0.105,0.105,3319,9.52,0.105,0.105,156.59,FLYING,X10-F,0:/Integrated Flight Computer/aircraft/x10_f_cfg.ks (inferred preloaded)
288.2,CRUISE,,200,80,-120,1158.87,0,9.31,9.31,279.84,0.138,0.138,0,8.192,1,0.6,4.5,0.75,0.35,0.0168,0.4,0,23.4,0,0,0,279.89,0,0,0,0,0,0,4.5,90.26,0.7482,-0.0068,-0.6635,7,90.4,0,0,0,0,0,0,3,0,0,0,69,0,0,0,90.4,1,0,0,0,0,3,0,0,0,11.5,-7.947,0,0,0,0,0,0,VALID,0,0,0,0,0,1,0,0,0,0,0,0,0,0,0,0,0,0,0,0,172.55,1254.7,2,0,0.105,0.105,3322,8.57,0.14,0.105,156.94,FLYING,X10-F,0:/Integrated Flight Computer/aircraft/x10_f_cfg.ks (inferred preloaded)
288.52,CRUISE,,200,80,-120,1152.06,0,9.31,9.31,279.84,0.142,0.1379,0,8.192,1,0.6,4.5,0.75,0.35,0.0168,0.4,0,23.4,0,0,0,279.89,0,0,0,0,0,0,4.49,90.26,0.7482,-0.0068,-0.6635,7,90.4,0,0,0,0,0,0,3,0,0,0,69,0,0,0,90.4,1,0,0,0,0,3,0,0,0,11.5,-7.947,0,0,0,0,0,0,VALID,0,0,0,0,0,1,0,0,0,0,0,0,0,0,0,0,0,0,0,0,172.58,1254.7,2,0,0.105,0.105,3325,9.52,0.105,0.105,157.26,FLYING,X10-F,0:/Integrated Flight Computer/aircraft/x10_f_cfg.ks (inferred preloaded)
288.83,CRUISE,,200,80,-120,1146.96,0,9.31,9.31,279.84,0.146,0.1378,0,8.192,1,0.6,4.5,0.75,0.35,0.0168,0.4,0,23.4,0,0,0,279.89,0,0,0,0,0,0,4.48,90.26,0.7482,-0.0068,-0.6635,7,90.4,0,0,0,0,0,0,3,0,0,0,69,0,0,0,90.4,1,0,0,0,0,3,0,0,0,11.5,-7.947,0,0,0,0,0,0,VALID,0,0,0,0,0,1,0,0,0,0,0,0,0,0,0,0,0,0,0,0,172.61,1254.7,2,0,0.105,0.105,3328,9.52,0.105,0.105,157.57,FLYING,X10-F,0:/Integrated Flight Computer/aircraft/x10_f_cfg.ks (inferred preloaded)
289.15,CRUISE,,200,80,-120,1139.01,0,9.31,9.31,279.84,0.149,0.1376,0,8.192,1,0.6,4.5,0.75,0.35,0.0168,0.4,0,23.4,0,0,0,279.89,0,0,0,0,0,0,4.48,90.26,0.7482,-0.0068,-0.6635,7,90.4,0,0,0,0,0,0,3,0,0,0,69,0,0,0,90.4,1,0,0,0,0,3,0,0,0,11.5,-7.947,0,0,0,0,0,0,VALID,0,0,0,0,0,1,0,0,0,0,0,0,0,0,0,0,0,0,0,0,172.62,1254.7,2,0,0.105,0.105,3331,9.52,0.105,0.105,157.89,FLYING,X10-F,0:/Integrated Flight Computer/aircraft/x10_f_cfg.ks (inferred preloaded)
289.46,CRUISE,,200,80,-120,1133.14,0,9.31,9.31,279.84,0.15,0.1375,0,8.192,1,0.6,4.5,0.75,0.35,0.0168,0.4,0,23.4,0,0,0,279.89,0,0,0,0,0,0,4.47,90.26,0.7482,-0.0068,-0.6635,7,90.4,0,0,0,0,0,0,3,0,0,0,69,0,0,0,90.4,1,0,0,0,0,3,0,0,0,11.5,-7.947,0,0,0,0,0,0,VALID,0,0,0,0,0,1,0,0,0,0,0,0,0,0,0,0,0,0,0,0,172.56,1254.7,2,0,0.105,0.105,3334,9.52,0.105,0.105,158.2,FLYING,X10-F,0:/Integrated Flight Computer/aircraft/x10_f_cfg.ks (inferred preloaded)
289.78,CRUISE,,200,80,-120,1129.7,0,9.31,9.31,279.85,0.151,0.1375,0,8.192,1,0.6,4.5,0.75,0.35,0.0168,0.4,0,23.4,0,0,0,279.9,0,0,0,0,0,0,4.46,90.26,0.7482,-0.0068,-0.6635,7,90.4,0,0,0,0,0,0,3,0,0,0,69,0,0,0,90.4,1,0,0,0,0,3,0,0,0,11.5,-7.947,0,0,0,0,0,0,VALID,0,0,0,0,0,1,0,0,0,0,0,0,0,0,0,0,0,0,0,0,172.44,1254.7,2,0,0.105,0.105,3337,9.52,0.105,0.105,158.52,FLYING,X10-F,0:/Integrated Flight Computer/aircraft/x10_f_cfg.ks (inferred preloaded)
290.09,CRUISE,,200,80,-120,1128.38,0,9.31,9.31,279.85,0.153,0.1377,0,8.192,1,0.6,4.5,0.75,0.35,0.0168,0.4,0,23.4,0,0,0,279.9,0,0,0,0,0,0,4.46,90.26,0.7482,-0.0068,-0.6635,7,90.4,0,0,0,0,0,0,3,0,0,0,69,0,0,0,90.4,1,0,0,0,0,3,0,0,0,11.5,-7.947,0,0,0,0,0,0,VALID,0,0,0,0,0,1,0,0,0,0,0,0,0,0,0,0,0,0,0,0,172.73,1254.7,2,0,0.105,0.105,3340,9.52,0.105,0.105,158.83,FLYING,X10-F,0:/Integrated Flight Computer/aircraft/x10_f_cfg.ks (inferred preloaded)
290.41,CRUISE,,200,80,-120,1129.96,0,9.31,9.31,279.85,0.155,0.1375,0,8.192,1,0.6,4.5,0.75,0.35,0.0168,0.4,0,23.4,0,0,0,279.9,0,0,0,0,0,0,4.45,90.26,0.7482,-0.0068,-0.6635,7,90.4,0,0,0,0,0,0,3,0,0,0,69,0,0,0,90.4,1,0,0,0,0,3,0,0,0,11.5,-7.947,0,0,0,0,0,0,VALID,0,0,0,0,0,1,0,0,0,0,0,0,0,0,0,0,0,0,0,0,172.76,1254.7,2,0,0.105,0.105,3343,9.52,0.105,0.105,159.15,FLYING,X10-F,0:/Integrated Flight Computer/aircraft/x10_f_cfg.ks (inferred preloaded)
290.72,CRUISE,,200,80,-120,1133.72,0,9.31,9.31,279.85,0.158,0.137,0,8.192,1,0.6,4.5,0.75,0.35,0.0168,0.4,0,23.4,0,0.001,0,279.9,0,0,0,0,0,0,4.45,90.26,0.7482,-0.0068,-0.6635,7,90.4,0,0,0,0,0,0,3,0,0,0,69,0,0,0,90.4,1,0,0,0,0,3,0,0,0,11.5,-7.947,0,0,0,0,0,0,VALID,0,0,0,0,0,1,0,0,0,0,0,0,0,0,0,0,0,0,0,0,172.72,1254.7,2,0,0.105,0.105,3346,9.52,0.105,0.105,159.46,FLYING,X10-F,0:/Integrated Flight Computer/aircraft/x10_f_cfg.ks (inferred preloaded)
291.04,CRUISE,,200,80,-120,1137.72,0,9.31,9.31,279.85,0.162,0.1369,0,8.191,1,0.6,4.5,0.75,0.35,0.0168,0.4,0,23.4,0,0.002,0,279.91,0,0,0,0,0,0,4.44,90.26,0.7482,-0.0068,-0.6635,7,90.4,0,0,0,0,0,0,3,0,0,0,69,0,0,0,90.4,1,0,0,0,0,3,0,0,0,11.5,-7.947,0,0,0,0,0,0,VALID,0,0,0,0,0,1,0,0,0,0,0,0,0,0,0,0,0,0,0,0,172.63,1254.7,2,0,0.105,0.105,3349,9.52,0.105,0.105,159.78,FLYING,X10-F,0:/Integrated Flight Computer/aircraft/x10_f_cfg.ks (inferred preloaded)
291.35,CRUISE,,200,80,-120,1141.76,0,9.31,9.31,279.85,0.167,0.137,0,8.191,1,0.6,4.5,0.75,0.35,0.0168,0.4,0,23.4,0,0.002,0,279.91,0,0,0,0,0,0,4.43,90.26,0.7482,-0.0068,-0.6635,7,90.4,0,0,0,0,0,0,3,0,0,0,69,0,0,0,90.4,1,0,0,0,0,3,0,0,0,11.5,-7.947,0,0,0,0,0,0,VALID,0,0,0,0,0,1,0,0,0,0,0,0,0,0,0,0,0,0,0,0,172.54,1254.7,2,0,0.105,0.105,3352,9.52,0.105,0.105,160.09,FLYING,X10-F,0:/Integrated Flight Computer/aircraft/x10_f_cfg.ks (inferred preloaded)
291.67,CRUISE,,200,80,-120,1144.85,0,9.31,9.31,279.86,0.168,0.1371,0,8.19,1,0.6,4.5,0.75,0.35,0.0168,0.4,0,23.4,0,0.002,0,279.91,0,0,0,0,0,0,4.43,90.26,0.7482,-0.0068,-0.6635,7,90.4,0,0,0,0,0,0,3,0,0,0,69,0,0,0,90.4,1,0,0,0,0,3,0,0,0,11.5,-7.947,0,0,0,0,0,0,VALID,0,0,0,0,0,1,0,0,0,0,0,0,0,0,0,0,0,0,0,0,172.48,1254.7,2,0,0.105,0.105,3355,9.52,0.105,0.105,160.41,FLYING,X10-F,0:/Integrated Flight Computer/aircraft/x10_f_cfg.ks (inferred preloaded)
291.98,CRUISE,,200,80,-120,1148.77,0,9.31,9.31,279.86,0.17,0.1373,0,8.189,1,0.6,4.5,0.75,0.35,0.0168,0.4,0,23.4,0,0.002,0,279.91,0,0,0,0,0,0,4.42,90.26,0.7482,-0.0068,-0.6635,7,90.4,0,0,0,0,0,0,3,0,0,0,69,0,0,0,90.4,1,0,0,0,0,3,0,0,0,11.5,-7.947,0,0,0,0,0,0,VALID,0,0,0,0,0,1,0,0,0,0,0,0,0,0,0,0,0,0,0,0,172.43,1254.7,2,0,0.105,0.105,3358,9.52,0.105,0.105,160.72,FLYING,X10-F,0:/Integrated Flight Computer/aircraft/x10_f_cfg.ks (inferred preloaded)
292.3,CRUISE,,200,80,-120,1151.66,0,9.31,9.31,279.86,0.174,0.1375,0,8.189,1,0.6,4.5,0.75,0.35,0.0168,0.4,0,23.4,0,0.002,0,279.92,0,0,0,0,0,0,4.41,90.27,0.7482,-0.0068,-0.6635,7,90.4,0,0,0,0,0,0,3,0,0,0,69,0,0,0,90.4,1,0,0,0,0,3,0,0,0,11.5,-7.947,0,0,0,0,0,0,VALID,0,0,0,0,0,1,0,0,0,0,0,0,0,0,0,0,0,0,0,0,172.44,1254.7,2,0,0.105,0.105,3361,9.52,0.105,0.105,161.04,FLYING,X10-F,0:/Integrated Flight Computer/aircraft/x10_f_cfg.ks (inferred preloaded)
292.61,CRUISE,,200,80,-120,1153.85,0,9.31,9.31,279.86,0.175,0.1376,0,8.188,1,0.6,4.5,0.75,0.35,0.0168,0.4,0,23.4,0,0.002,0,279.92,0,0,0,0,0,0,4.41,90.27,0.7482,-0.0068,-0.6635,7,90.4,0,0,0,0,0,0,3,0,0,0,69,0,0,0,90.4,1,0,0,0,0,3,0,0,0,11.5,-7.947,0,0,0,0,0,0,VALID,0,0,0,0,0,1,0,0,0,0,0,0,0,0,0,0,0,0,0,0,172.71,1254.7,2,0,0.105,0.105,3364,9.52,0.105,0.105,161.35,FLYING,X10-F,0:/Integrated Flight Computer/aircraft/x10_f_cfg.ks (inferred preloaded)
292.93,CRUISE,,200,80,-120,1151.93,0,9.31,9.31,279.87,0.183,0.1373,0,8.188,1,0.6,4.5,0.75,0.35,0.0168,0.4,0,23.4,0,0.002,0,279.92,0,0,0,0,0,0,4.4,90.27,0.7482,-0.0068,-0.6635,7,90.4,0,0,0,0,0,0,3,0,0,0,69,0,0,0,90.4,1,0,0,0,0,3,0,0,0,11.5,-7.947,0,0,0,0,0,0,VALID,0,0,0,0,0,1,0,0,0,0,0,0,0,0,0,0,0,0,0,0,172.55,1254.7,2,0,0.105,0.105,3367,9.52,0.105,0.105,161.67,FLYING,X10-F,0:/Integrated Flight Computer/aircraft/x10_f_cfg.ks (inferred preloaded)
293.24,CRUISE,,200,80,-120,1148.12,0,9.31,9.31,279.87,0.187,0.1372,0,8.187,1,0.6,4.5,0.75,0.35,0.0168,0.4,0,23.4,0,0.002,0,279.93,0,0,0,0,0,0,4.39,90.27,0.7482,-0.0068,-0.6635,7,90.4,0,0,0,0,0,0,3,0,0,0,69,0,0,0,90.4,1,0,0,0,0,3,0,0,0,11.5,-7.947,0,0,0,0,0,0,VALID,0,0,0,0,0,1,0,0,0,0,0,0,0,0,0,0,0,0,0,0,172.52,1254.7,2,0,0.105,0.105,3370,9.52,0.105,0.105,161.98,FLYING,X10-F,0:/Integrated Flight Computer/aircraft/x10_f_cfg.ks (inferred preloaded)
293.56,CRUISE,,200,80,-120,1146.75,0,9.31,9.31,279.87,0.193,0.1373,0,8.186,1,0.6,4.5,0.75,0.35,0.0168,0.4,0,23.4,0,0.002,0,279.93,0,0,0,0,0,0,4.39,90.27,0.7482,-0.0068,-0.6635,7,90.4,0,0,0,0,0,0,3,0,0,0,69,0,0,0,90.4,1,0,0,0,0,3,0,0,0,11.5,-7.947,0,0,0,0,0,0,VALID,0,0,0,0,0,1,0,0,0,0,0,0,0,0,0,0,0,0,0,0,172.48,1254.7,2,0,0.105,0.105,3373,9.52,0.105,0.105,162.3,FLYING,X10-F,0:/Integrated Flight Computer/aircraft/x10_f_cfg.ks (inferred preloaded)
293.87,CRUISE,,200,80,-120,1149.24,0,9.31,9.31,279.87,0.2,0.1373,0,8.185,1,0.6,4.5,0.75,0.35,0.0168,0.4,0,23.4,0,0.002,0,279.93,0,0,0,0,0,0,4.38,90.27,0.7482,-0.0068,-0.6635,7,90.4,0,0,0,0,0,0,3,0,0,0,69,0,0,0,90.4,1,0,0,0,0,3,0,0,0,11.5,-7.947,0,0,0,0,0,0,VALID,0,0,0,0,0,1,0,0,0,0,0,0,0,0,0,0,0,0,0,0,172.46,1254.7,2,0,0.105,0.105,3376,9.52,0.105,0.105,162.61,FLYING,X10-F,0:/Integrated Flight Computer/aircraft/x10_f_cfg.ks (inferred preloaded)
294.19,CRUISE,,200,80,-120,1146.21,0,9.31,9.31,279.88,0.204,0.1374,0,8.185,1,0.6,4.5,0.75,0.35,0.0168,0.4,0,23.4,0,0.002,0,279.94,0,0,0,0,0,0,4.37,90.27,0.7482,-0.0068,-0.6635,7,90.4,0,0,0,0,0,0,3,0,0,0,69,0,0,0,90.4,1,0,0,0,0,3,0,0,0,11.5,-7.947,0,0,0,0,0,0,VALID,0,0,0,0,0,1,0,0,0,0,0,0,0,0,0,0,0,0,0,0,172.38,1254.69,2,0,0.105,0.105,3379,9.52,0.105,0.105,162.93,FLYING,X10-F,0:/Integrated Flight Computer/aircraft/x10_f_cfg.ks (inferred preloaded)
294.5,CRUISE,,200,80,-120,1143.53,0,9.31,9.31,279.88,0.212,0.1376,0,8.184,1,0.6,4.5,0.75,0.35,0.0168,0.4,0,23.4,0,0.002,0,279.94,0,0,0,0,0,0,4.37,90.27,0.7482,-0.0068,-0.6635,7,90.4,0,0,0,0,0,0,3,0,0,0,69,0,0,0,90.4,1,0,0,0,0,3,0,0,0,11.5,-7.947,0,0,0,0,0,0,VALID,0,0,0,0,0,1,0,0,0,0,0,0,0,0,0,0,0,0,0,0,172.57,1254.69,2,0,0.105,0.105,3382,9.52,0.105,0.105,163.24,FLYING,X10-F,0:/Integrated Flight Computer/aircraft/x10_f_cfg.ks (inferred preloaded)
294.82,CRUISE,,200,80,-120,1143.7,0,9.31,9.31,279.88,0.222,0.1374,0,8.184,1,0.6,4.5,0.75,0.35,0.0168,0.4,0,23.4,0,0.002,0,279.95,0,0,0,0,0,0,4.36,90.27,0.7482,-0.0068,-0.6635,7,90.4,0,0,0,0,0,0,3,0,0,0,69,0,0,0,90.4,1,0,0,0,0,3,0,0,0,11.5,-7.947,0,0,0,0,0,0,VALID,0,0,0,0,0,1,0,0,0,0,0,0,0,0,0,0,0,0,0,0,172.53,1254.69,2,0,0.105,0.105,3385,9.52,0.105,0.105,163.56,FLYING,X10-F,0:/Integrated Flight Computer/aircraft/x10_f_cfg.ks (inferred preloaded)
295.1,CRUISE,,200,80,-120,1146.26,0,9.31,9.31,279.89,0.22,0,0,0,1,0.6,0.9,0.75,0.35,0.0168,0.4,1.75,23.4,23.4,50.002,1,0,0,1,0,0,0,0,4.36,90.27,0.7482,-0.0068,-0.6635,7,90.4,0,0,0,0,0,0,3,0,0,0,69,0,0,0,90.4,1,0,0,0,0,3,0,0,0,11.5,-7.947,0,0,0,0,0,0,VALID,0,0,0,0,0,1,0,0,0,0,0,0,0,0,0,0,0,0,0,0,170.22,1254.69,2,0,0.07,0.07,3388,10.71,0.105,0.07,0.11,FLYING,X10-F,0:/Integrated Flight Computer/aircraft/x10_f_cfg.ks (inferred preloaded)
295.45,CRUISE,,199.96,80,-119.96,1148.5,0.12,9.33,9.3,279.99,2.12,0,0,0,1,0.6,3.747,0.75,0.35,0.0168,0.4,10.5,23.404,23.404,49.974,1,0,0,0,0,0.03,0,0,4.35,90.27,0.7482,-0.0068,-0.6635,7,90.4,0,0,0,0,0,0,3,0,0,0,69,0,0,0,90.4,1,0,0,0,0,3,0,0,0,11.5,-7.947,0,0,0,0,0,0,VALID,0,0,0,0,0,1,0,0,0,0,0,0,0,0,0,0,0,0,0,0,150.46,1254.49,2,0,0.105,0.105,3392,11.43,0.105,0.07,0.46,FLYING,X10-F,0:/Integrated Flight Computer/aircraft/x10_f_cfg.ks (inferred preloaded)
295.73,CRUISE,,199.82,80,-119.82,1146.23,0.16,9.15,9.09,280.41,8.434,0,0,0,1,0.6,4.5,0.75,0.35,0.0168,0.4,17.5,23.422,23.422,49.846,1,0,0,0,0,0.05,0,0,4.34,90.27,0.7482,-0.0068,-0.6635,7,90.4,0,0,0,0,0,0,3,0,0,0,69,0,0,0,90.4,1,0,0,0,0,3,0,0,0,11.5,-7.947,0,0,0,0,0,0,VALID,0,0,0,0,0,1,0,0,0,0,0,0,0,0,0,0,0,0,0,0,136.26,1253.78,2,0,0.07,0.07,3395,10.71,0.105,0.07,0.74,FLYING,X10-F,0:/Integrated Flight Computer/aircraft/x10_f_cfg.ks (inferred preloaded)
296.04,CRUISE,,199.59,80,-119.59,1145.03,0.05,8.69,8.61,281.35,19.979,0,0,0,1,0.6,4.5,0.75,0.35,0.0168,0.4,23.455,23.455,23.455,49.619,1,0,0,0,0,0.03,0,0,4.34,90.27,0.7482,-0.0068,-0.6635,7,90.4,0,0,0,0,0,0,3,0,0,0,69,0,0,0,90.4,1,0,0,0,0,3,0,0,0,11.5,-7.947,0,0,0,0,0,0,VALID,0,0,0,0,0,1,0,0,0,0,0,0,0,0,0,0,0,0,0,0,122.01,1252.59,2,0,0.068,0.068,3399,12.86,0.105,0.068,1.05,FLYING,X10-F,0:/Integrated Flight Computer/aircraft/x10_f_cfg.ks (inferred preloaded)
296.31,CRUISE,,199.38,80,-119.38,1143.39,-0.53,8.53,8.79,282.66,28.613,0,0,0,1,0.6,4.5,0.75,0.35,0.0168,0.4,23.487,23.487,23.487,49.403,1,0,0,0,0,-0.13,0,0,4.33,90.27,0.7482,-0.0068,-0.6635,7,90.4,0,0,0,0,0,0,3,0,0,0,69,0,0,0,90.4,1,0,0,0,0,3,0,0,0,11.5,-7.947,0,0,0,0,0,0,VALID,0,0,0,0,0,1,0,0,0,0,0,0,0,0,0,0,0,0,0,0,110.89,1251.49,2,0,0.058,0.058,3403,14.86,0.098,0.058,1.32,FLYING,X10-F,0:/Integrated Flight Computer/aircraft/x10_f_cfg.ks (inferred preloaded)
296.58,CRUISE,,198.99,80,-118.99,1142.06,-1.09,9.28,10.35,284.82,34.764,0,0,-11.177,1,0.6,4.5,0.75,0.35,0.0168,0.4,23.54,23.54,23.54,49.032,1,0,0,0,0,-0.31,0,0,4.33,90.27,0.7482,-0.0068,-0.6635,7,90.4,0,0,0,0,0,0,3,0,0,0,69,0,0,0,90.4,1,0,0,0,0,3,0,0,0,11.5,-7.947,0,0,0,0,0,0,VALID,0,0,0,0,0,1,0,0,0,0,0,0,0,0,0,0,0,0,0,0,100.63,1249.55,2,0,0.048,0.048,3408,18.4,0.083,0.048,1.59,FLYING,X10-F,0:/Integrated Flight Computer/aircraft/x10_f_cfg.ks (inferred preloaded)
296.88,CRUISE,,198.26,80,-118.26,1141.63,-0.94,10.27,12.3,287.63,40.106,0.0415,0,-20,1,0.6,4.5,0.899,0.35,0.0168,0.4,23.643,23.643,23.643,48.328,1,0,0,0,0,-0.27,0,0,4.32,90.27,0.7482,-0.0068,-0.6635,7,90.4,0,0,0,0,0,0,3,0,0,0,69,0,0,0,90.4,1,0,0,0,0,3,0,0,0,11.5,-7.947,0,0,0,0,0,0,VALID,0,0,0,0,0,1,0,0,0,0,0,0,0,0,0,0,0,0,0,0,90.64,1245.88,2,0,0.067,0.067,3413,16.76,0.071,0.046,1.89,FLYING,X10-F,0:/Integrated Flight Computer/aircraft/x10_f_cfg.ks (inferred preloaded)
297.16,CRUISE,,197.25,80,-117.25,1138.56,-0.78,10.48,13.35,289.83,43.771,0.1538,0,-20,1,0.6,4.5,1.036,0.35,0.0168,0.4,17.752,23.787,0,47.331,1,0,0,0,0,-0.23,0,0,4.31,90.27,0.7482,-0.0068,-0.6635,7,90.4,0,0,0,0,0,0,3,0,0,0,69,0,0,0,90.4,1,0,0,0,0,3,0,0,0,11.5,-7.947,0,0,0,0,0,0,VALID,0,0,0,0,0,1,0,0,0,0,0,0,0,0,0,0,0,0,0,0,90.09,1240.82,2,0,0.042,0.042,3419,23.2,0.067,0.042,2.16,FLYING,X10-F,0:/Integrated Flight Computer/aircraft/x10_f_cfg.ks (inferred preloaded)
297.44,CRUISE,,196.29,80,-116.29,1136.48,-0.71,10.32,13.87,291.55,44.956,0.2674,0,-20,1,0.6,4.5,1.036,0.35,0.0168,0.4,10.652,23.929,0,46.349,1,0,0,0,0,-0.21,0,0,4.31,90.27,0.7482,-0.0068,-0.6635,7,90.4,0,0,0,0,0,0,3,0,0,0,69,0,0,0,90.4,1,0,0,0,0,3,0,0,0,11.5,-7.947,0,0,0,0,0,0,VALID,0,0,0,0,0,1,0,0,0,0,0,0,0,0,0,0,0,0,0,0,97.88,1235.94,2,0,0.08,0.08,3424,19,0.08,0.041,2.45,FLYING,X10-F,0:/Integrated Flight Computer/aircraft/x10_f_cfg.ks (inferred preloaded)
297.76,CRUISE,,195.37,80,-115.37,1138.31,-0.67,9.91,13.98,293,45.215,0.3623,0,-20,1,0.6,4.5,1.036,0.35,0.0168,0.4,2.652,24.064,0,45.422,1,0,0,0,0,-0.19,0,0,4.3,90.27,0.7482,-0.0068,-0.6635,7,90.4,0,0,0,0,0,0,3,0,0,0,69,0,0,0,90.4,1,0,0,0,0,3,0,0,0,11.5,-7.947,0,0,0,0,0,0,VALID,0,0,0,0,0,1,0,0,0,0,0,0,0,0,0,0,0,0,0,0,115.21,1231.31,2,0,0.06,0.06,3429,16.67,0.08,0.06,2.77,FLYING,X10-F,0:/Integrated Flight Computer/aircraft/x10_f_cfg.ks (inferred preloaded)
298.04,CRUISE,,194.66,80,-114.66,1142.23,-0.8,9.66,13.98,293.96,45.131,0.2621,0,-20,1,0.6,4.5,1.036,0.35,0.0168,0.4,0,24.168,0,44.704,0,0,0,0,0,-0.23,0,0,4.3,90.27,0.7482,-0.0068,-0.6635,7,90.4,0,0,0,0,0,0,3,0,0,0,69,0,0,0,90.4,1,0,0,0,0,3,0,0,0,11.5,-7.947,0,0,0,0,0,0,VALID,0,0,0,0,0,1,0,0,0,0,0,0,0,0,0,0,0,0,0,0,130.88,1227.74,2,0,0.06,0.06,3433,15.38,0.08,0.06,3.05,FLYING,X10-F,0:/Integrated Flight Computer/aircraft/x10_f_cfg.ks (inferred preloaded)
298.36,CRUISE,,193.92,80,-113.92,1145.28,-0.88,9.64,14.01,294.86,44.899,0.1556,0,-20,1,0.6,4.5,1.036,0.35,0.0168,0.4,0,24.275,0,43.964,0,0,0,0,0,-0.26,0,0,4.29,90.27,0.7482,-0.0068,-0.6635,7,90.4,0,0,0,0,0,0,3,0,0,0,69,0,0,0,90.4,1,0,0,0,0,3,0,0,0,11.5,-7.947,0,0,0,0,0,0,VALID,0,0,0,0,0,1,0,0,0,0,0,0,0,0,0,0,0,0,0,0,139.42,1224.05,2,0,0.06,0.06,3438,16.67,0.08,0.06,3.37,FLYING,X10-F,0:/Integrated Flight Computer/aircraft/x10_f_cfg.ks (inferred preloaded)
298.62,CRUISE,,193.35,80,-113.35,1144.69,-0.91,9.68,14.03,295.52,44.657,0.1028,0,-20,1,0.6,4.5,1.036,0.35,0.0168,0.4,0,24.358,0,43.394,0,0,0,0,0,-0.27,0,0,4.29,90.27,0.7482,-0.0068,-0.6635,7,90.4,0,0,0,0,0,0,3,0,0,0,69,0,0,0,90.4,1,0,0,0,0,3,0,0,0,11.5,-7.947,0,0,0,0,0,0,VALID,0,0,0,0,0,1,0,0,0,0,0,0,0,0,0,0,0,0,0,0,140.62,1221.22,2,0,0.06,0.06,3442,15.38,0.08,0.06,3.63,FLYING,X10-F,0:/Integrated Flight Computer/aircraft/x10_f_cfg.ks (inferred preloaded)
298.86,CRUISE,,192.83,80,-112.83,1144.06,-0.93,9.73,14.06,296.13,44.421,0.0759,0,-20,1,0.6,4.5,1.036,0.35,0.0168,0.4,1.5,24.433,24.433,42.876,1,0,0,0,0,-0.28,0,0,4.28,90.27,0.7482,-0.0068,-0.6635,7,90.4,0,0,0,0,0,0,3,0,0,0,69,0,0,0,90.4,1,0,0,0,0,3,0,0,0,11.5,-7.947,0,0,0,0,0,0,VALID,0,0,0,0,0,1,0,0,0,0,0,0,0,0,0,0,0,0,0,0,138.19,1218.64,2,0,0.06,0.06,3446,15.38,0.06,0.06,3.87,FLYING,X10-F,0:/Integrated Flight Computer/aircraft/x10_f_cfg.ks (inferred preloaded)
299.16,CRUISE,,192.17,80,-112.17,1143.04,-0.95,9.79,14.09,296.87,44.11,0,0,-19.8,1,0.6,4.5,1.292,0.35,0.0168,0.4,9,24.528,24.528,42.218,1,0,0,0,0,-0.28,0,0,4.28,90.27,0.7482,-0.0068,-0.6635,7,90.4,0,0,0,0,0,0,3,0,0,0,69,0,0,0,90.4,1,0,0,0,0,3,0,0,0,11.5,-7.947,0,0,0,0,0,0,VALID,0,0,0,0,0,1,0,0,0,0,0,0,0,0,0,0,0,0,0,0,128.88,1215.36,2,0,0.06,0.06,3451,16.67,0.06,0.06,4.17,FLYING,X10-F,0:/Integrated Flight Computer/aircraft/x10_f_cfg.ks (inferred preloaded)
299.42,CRUISE,,191.57,80,-111.57,1144.58,-0.98,9.85,14.12,297.51,43.817,0,0,-19.407,1,0.6,4.5,1.468,0.35,0.0168,0.4,15.5,24.615,24.615,41.62,1,0,0,0,0,-0.29,0,0,4.27,90.27,0.7482,-0.0068,-0.6635,7,90.4,0,0,0,0,0,0,3,0,0,0,69,0,0,0,90.4,1,0,0,0,0,3,0,0,0,11.5,-7.947,0,0,0,0,0,0,VALID,0,0,0,0,0,1,0,0,0,0,0,0,0,0,0,0,0,0,0,0,117.35,1212.38,2,0,0.06,0.06,3455,15.38,0.08,0.06,4.43,FLYING,X10-F,0:/Integrated Flight Computer/aircraft/x10_f_cfg.ks (inferred preloaded)
299.68,CRUISE,,190.91,80,-110.91,1145.81,-1.01,9.93,14.16,298.14,43.5,0,0,-19.022,1,0.6,4.5,1.638,0.35,0.0168,0.4,22,24.71,24.71,40.968,1,0,0,0,0,-0.3,0,0,4.27,90.27,0.7482,-0.0068,-0.6635,7,90.4,0,0,0,0,0,0,3,0,0,0,69,0,0,0,90.4,1,0,0,0,0,3,0,0,0,11.5,-7.947,0,0,0,0,0,0,VALID,0,0,0,0,0,1,0,0,0,0,0,0,0,0,0,0,0,0,0,0,106.82,1209.13,2,0,0.06,0.06,3459,15.38,0.08,0.06,4.69,FLYING,X10-F,0:/Integrated Flight Computer/aircraft/x10_f_cfg.ks (inferred preloaded)
299.94,CRUISE,,190.14,80,-110.14,1146.34,-1.03,10,14.2,298.77,43.161,0,0,-20,1,0.6,4.5,1.825,0.35,0.0168,0.4,24.82,24.82,24.82,40.207,1,0,0,0,0,-0.31,0,0,4.26,90.27,0.7482,-0.0068,-0.6635,7,90.4,0,0,0,0,0,0,3,0,0,0,69,0,0,0,90.4,1,0,0,0,0,3,0,0,0,11.5,-7.947,0,0,0,0,0,0,VALID,0,0,0,0,0,1,0,0,0,0,0,0,0,0,0,0,0,0,0,0,97.2,1205.29,2,0,0.06,0.06,3463,15.38,0.08,0.06,4.95,FLYING,X10-F,0:/Integrated Flight Computer/aircraft/x10_f_cfg.ks (inferred preloaded)
300.22,CRUISE,,189.04,80,-109.04,1145.33,-1.06,10.1,14.26,299.44,42.769,0.1011,0,-20,1,0.6,4.5,2.077,0.35,0.0168,0.4,23.44,24.977,0,39.127,1,0,0,0,0,-0.32,0,0,4.26,90.27,0.7482,-0.0068,-0.6635,7,90.4,0,0,0,0,0,0,3,0,0,0,69,0,0,0,90.4,1,0,0,0,0,3,0,0,0,11.5,-7.947,0,0,0,0,0,0,VALID,0,0,0,0,0,1,0,0,0,0,0,0,0,0,0,0,0,0,0,0,90.97,1199.86,2,0,0.06,0.06,3467,14.29,0.08,0.06,5.23,FLYING,X10-F,0:/Integrated Flight Computer/aircraft/x10_f_cfg.ks (inferred preloaded)
300.54,CRUISE,,187.76,80,-107.76,1147.75,-1.08,10.21,14.32,300.2,42.282,0.2291,0,-20,1,0.6,4.5,2.077,0.35,0.0168,0.4,15.44,25.165,0,37.826,1,0,0,0,0,-0.33,0,0,4.25,90.27,0.7482,-0.0068,-0.6635,7,90.4,0,0,0,0,0,0,3,0,0,0,69,0,0,0,90.4,1,0,0,0,0,3,0,0,0,11.5,-7.947,0,0,0,0,0,0,VALID,0,0,0,0,0,1,0,0,0,0,0,0,0,0,0,0,0,0,0,0,95.6,1193.54,2,0,0.06,0.06,3472,16.67,0.08,0.06,5.55,FLYING,X10-F,0:/Integrated Flight Computer/aircraft/x10_f_cfg.ks (inferred preloaded)
300.84,CRUISE,,186.86,80,-106.86,1152.74,-1.11,10.3,14.35,300.86,41.803,0.1445,0,-20,1,0.6,4.5,2.077,0.35,0.0168,0.4,7.94,25.298,0,36.911,1,0,0,0,0,-0.34,0,0,4.24,90.27,0.7482,-0.0068,-0.6635,7,90.4,0,0,0,0,0,0,3,0,0,0,69,0,0,0,90.4,1,0,0,0,0,3,0,0,0,11.5,-7.947,0,0,0,0,0,0,VALID,0,0,0,0,0,1,0,0,0,0,0,0,0,0,0,0,0,0,0,0,104.36,1189.14,2,0,0.06,0.06,3477,17.86,0.06,0.06,5.85,FLYING,X10-F,0:/Integrated Flight Computer/aircraft/x10_f_cfg.ks (inferred preloaded)
301.1,CRUISE,,186.2,80,-106.2,1152.17,-1.13,10.39,14.38,301.44,41.401,0.0405,0,-19.701,1,0.6,4.5,2.119,0.35,0.0168,0.4,7.44,25.394,25.394,36.247,1,0,0,0,0,-0.35,0,0,4.24,90.27,0.7482,-0.0068,-0.6635,7,90.4,0,0,0,0,0,0,3,0,0,0,69,0,0,0,90.4,1,0,0,0,0,3,0,0,0,11.5,-7.947,0,0,0,0,0,0,VALID,0,0,0,0,0,1,0,0,0,0,0,0,0,0,0,0,0,0,0,0,105.43,1185.91,2,0,0.06,0.06,3481,15.38,0.08,0.06,6.11,FLYING,X10-F,0:/Integrated Flight Computer/aircraft/x10_f_cfg.ks (inferred preloaded)
301.38,CRUISE,,185.51,80,-105.51,1149.41,-1.15,10.48,14.42,302.06,40.983,0,0,-19.31,1,0.6,4.5,2.242,0.35,0.0168,0.4,14.44,25.494,25.494,35.561,1,0,0,0,0,-0.35,0,0,4.23,90.27,0.7482,-0.0068,-0.6635,7,90.4,0,0,0,0,0,0,3,0,0,0,69,0,0,0,90.4,1,0,0,0,0,3,0,0,0,11.5,-7.947,0,0,0,0,0,0,VALID,0,0,0,0,0,1,0,0,0,0,0,0,0,0,0,0,0,0,0,0,97.22,1182.57,2,0,0.06,0.06,3485,14.29,0.08,0.06,6.39,FLYING,X10-F,0:/Integrated Flight Computer/aircraft/x10_f_cfg.ks (inferred preloaded)
301.66,CRUISE,,184.77,80,-104.77,1144.61,-1.16,10.58,14.47,302.67,40.56,0,0,-18.927,1,0.6,4.5,2.335,0.35,0.0168,0.4,21.44,25.6,25.6,34.828,1,0,0,0,0,-0.36,0,0,4.23,90.27,0.7482,-0.0068,-0.6635,7,90.4,0,0,0,0,0,0,3,0,0,0,69,0,0,0,90.4,1,0,0,0,0,3,0,0,0,11.5,-7.947,0,0,0,0,0,0,VALID,0,0,0,0,0,1,0,0,0,0,0,0,0,0,0,0,0,0,0,0,87.85,1178.97,2,0,0.06,0.06,3489,14.29,0.08,0.06,6.67,FLYING,X10-F,0:/Integrated Flight Computer/aircraft/x10_f_cfg.ks (inferred preloaded)
301.94,CRUISE,,183.89,80,-103.89,1139.93,-1.18,10.68,14.52,303.28,40.124,0,0,-18.551,1,0.6,4.5,2.447,0.35,0.0168,0.4,25.726,25.726,25.726,33.96,1,0,0,0,0,-0.37,0,0,4.22,90.27,0.7482,-0.0068,-0.6635,7,90.4,0,0,0,0,0,0,3,0,0,0,69,0,0,0,90.4,1,0,0,0,0,3,0,0,0,11.5,-7.947,0,0,0,0,0,0,VALID,0,0,0,0,0,1,0,0,0,0,0,0,0,0,0,0,0,0,0,0,79.34,1174.68,2,0,0.06,0.06,3493,14.29,0.08,0.06,6.95,FLYING,X10-F,0:/Integrated Flight Computer/aircraft/x10_f_cfg.ks (inferred preloaded)
302.22,CRUISE,,182.74,80,-102.74,1136.05,-1.19,10.8,14.59,303.89,39.668,0.0142,0,-20,1,0.6,4.5,2.637,0.35,0.0168,0.4,25.89,25.89,25.89,32.83,1,0,0,0,0,-0.37,0,0,4.22,90.27,0.7482,-0.0068,-0.6635,7,90.4,0,0,0,0,0,0,3,0,0,0,69,0,0,0,90.4,1,0,0,0,0,3,0,0,0,11.5,-7.947,0,0,0,0,0,0,VALID,0,0,0,0,0,1,0,0,0,0,0,0,0,0,0,0,0,0,0,0,71.57,1169.12,2,0,0.06,0.06,3497,14.29,0.08,0.06,7.23,FLYING,X10-F,0:/Integrated Flight Computer/aircraft/x10_f_cfg.ks (inferred preloaded)
302.5,CRUISE,,181.48,80,-101.48,1133.06,-1.21,10.93,14.67,304.5,39.176,0.1185,0,-20,1,0.6,4.5,2.833,0.35,0.0168,0.4,22.481,26.073,0,31.567,1,0,0,0,0,-0.38,0,0,4.21,90.27,0.7482,-0.0068,-0.6635,7,90.4,0,0,0,0,0,0,3,0,0,0,69,0,0,0,90.4,1,0,0,0,0,3,0,0,0,11.5,-7.947,0,0,0,0,0,0,VALID,0,0,0,0,0,1,0,0,0,0,0,0,0,0,0,0,0,0,0,0,69.41,1163.01,2,0,0.06,0.06,3501,15.38,0.08,0.06,7.51,FLYING,X10-F,0:/Integrated Flight Computer/aircraft/x10_f_cfg.ks (inferred preloaded)
302.84,CRUISE,,180.12,80,-100.12,1129.95,-1.23,11.09,14.75,305.2,38.536,0.0879,0,-20,1,0.6,4.5,2.833,0.35,0.0168,0.4,13.981,26.273,0,30.186,1,0,0,0,0,-0.39,0,0,4.21,90.28,0.7482,-0.0068,-0.6635,7,90.4,0,0,0,0,0,0,3,0,0,0,69,0,0,0,90.4,1,0,0,0,0,3,0,0,0,11.5,-7.947,0,0,0,0,0,0,VALID,0,0,0,0,0,1,0,0,0,0,0,0,0,0,0,0,0,0,0,0,74.59,1156.47,2,0,0.08,0.08,3506,15.63,0.08,0.06,7.85,FLYING,X10-F,0:/Integrated Flight Computer/aircraft/x10_f_cfg.ks (inferred preloaded)
303.12,CRUISE,,179.25,80,-99.25,1127.57,-1.24,11.21,14.8,305.76,37.998,0,0,-19.701,1,0.6,4.5,2.964,0.35,0.0168,0.4,20.981,26.4,26.4,29.311,1,0,0,0,0,-0.4,0,0,4.2,90.28,0.7482,-0.0068,-0.6635,7,90.4,0,0,0,0,0,0,3,0,0,0,69,0,0,0,90.4,1,0,0,0,0,3,0,0,0,11.5,-7.947,0,0,0,0,0,0,VALID,0,0,0,0,0,1,0,0,0,0,0,0,0,0,0,0,0,0,0,0,72.71,1152.33,2,0,0.08,0.08,3510,14.29,0.08,0.06,8.13,FLYING,X10-F,0:/Integrated Flight Computer/aircraft/x10_f_cfg.ks (inferred preloaded)
303.4,CRUISE,,178.3,80,-98.3,1125.3,-1.26,11.34,14.87,306.31,37.465,0,0,-19.31,1,0.6,4.5,3.079,0.35,0.0168,0.4,26.536,26.536,26.536,28.374,1,0,0,0,0,-0.4,0,0,4.2,90.28,0.7482,-0.0068,-0.6635,7,90.4,0,0,0,0,0,0,3,0,0,0,69,0,0,0,90.4,1,0,0,0,0,3,0,0,0,11.5,-7.947,0,0,0,0,0,0,VALID,0,0,0,0,0,1,0,0,0,0,0,0,0,0,0,0,0,0,0,0,65.7,1147.78,2,0,0.08,0.08,3514,14.29,0.08,0.06,8.41,FLYING,X10-F,0:/Integrated Flight Computer/aircraft/x10_f_cfg.ks (inferred preloaded)
303.68,CRUISE,,177.1,80,-97.1,1122.27,-1.27,11.48,14.95,306.86,36.929,0,0,-18.927,1,0.6,4.5,3.232,0.35,0.0168,0.4,26.707,26.707,26.707,27.19,1,0,0,0,0,-0.41,0,0,4.19,90.28,0.7482,-0.0068,-0.6635,7,90.4,0,0,0,0,0,0,3,0,0,0,69,0,0,0,90.4,1,0,0,0,0,3,0,0,0,11.5,-7.947,0,0,0,0,0,0,VALID,0,0,0,0,0,1,0,0,0,0,0,0,0,0,0,0,0,0,0,0,59.26,1142.07,2,0,0.08,0.08,3518,14.29,0.08,0.06,8.69,FLYING,X10-F,0:/Integrated Flight Computer/aircraft/x10_f_cfg.ks (inferred preloaded)
303.96,CRUISE,,175.82,80,-95.82,1119.28,-1.28,11.64,15.05,307.41,36.364,0,0,-18.551,1,0.6,4.5,3.44,0.35,0.0168,0.4,26.893,26.893,26.893,25.909,1,0,0,0,0,-0.42,0,0,4.19,90.28,0.7482,-0.0068,-0.6635,7,90.4,0,0,0,0,0,0,3,0,0,0,69,0,0,0,90.4,1,0,0,0,0,3,0,0,0,11.5,-7.947,0,0,0,0,0,0,VALID,0,0,0,0,0,1,0,0,0,0,0,0,0,0,0,0,0,0,0,0,53.42,1135.99,2,0,0.08,0.08,3522,14.29,0.08,0.06,8.97,FLYING,X10-F,0:/Integrated Flight Computer/aircraft/x10_f_cfg.ks (inferred preloaded)
304.24,CRUISE,,174.52,80,-94.52,1116.24,-1.3,11.8,15.15,307.94,35.757,0,0,-18.183,1,0.6,4.5,3.657,0.35,0.0168,0.4,27.081,27.081,27.081,24.616,1,0,0,0,0,-0.43,0,0,4.19,90.28,0.7482,-0.0068,-0.6635,7,90.4,0,0,0,0,0,0,3,0,0,0,69,0,0,0,90.4,1,0,0,0,0,3,0,0,0,11.5,-7.947,0,0,0,0,0,0,VALID,0,0,0,0,0,1,0,0,0,0,0,0,0,0,0,0,0,0,0,0,48.16,1129.88,2,0,0.08,0.08,3526,14.29,0.08,0.06,9.25,FLYING,X10-F,0:/Integrated Flight Computer/aircraft/x10_f_cfg.ks (inferred preloaded)
304.52,CRUISE,,173.22,80,-93.22,1112.48,-1.32,11.97,15.25,308.45,35.114,0,0,-17.822,1,0.6,4.5,3.862,0.35,0.0168,0.4,27.27,27.27,27.27,23.312,1,0,0,0,0,-0.44,0,0,4.18,90.28,0.7482,-0.0068,-0.6635,7,90.4,0,0,0,0,0,0,3,0,0,0,69,0,0,0,90.4,1,0,0,0,0,3,0,0,0,11.5,-7.947,0,0,0,0,0,0,VALID,0,0,0,0,0,1,0,0,0,0,0,0,0,0,0,0,0,0,0,0,43.41,1123.74,2,0,0.08,0.08,3530,14.29,0.08,0.06,9.53,FLYING,X10-F,0:/Integrated Flight Computer/aircraft/x10_f_cfg.ks (inferred preloaded)
304.8,CRUISE,,171.9,80,-91.9,1107.78,-1.34,12.15,15.36,308.95,34.44,0,0,-17.468,1,0.6,4.5,4.047,0.35,0.0168,0.4,27.46,27.46,27.46,21.999,1,0,0,0,0,-0.44,0,0,4.18,90.28,0.7482,-0.0068,-0.6635,7,90.4,0,0,0,0,0,0,3,0,0,0,69,0,0,0,90.4,1,0,0,0,0,3,0,0,0,11.5,-7.947,0,0,0,0,0,0,VALID,0,0,0,0,0,1,0,0,0,0,0,0,0,0,0,0,0,0,0,0,39.13,1117.6,2,0,0.08,0.08,3534,14.29,0.08,0.06,9.81,FLYING,X10-F,0:/Integrated Flight Computer/aircraft/x10_f_cfg.ks (inferred preloaded)
305.08,CRUISE,,170.58,80,-90.58,1103.94,-1.36,12.34,15.47,309.43,33.739,0,0,-17.122,1,0.6,4.5,4.212,0.35,0.0168,0.4,27.652,27.652,27.652,20.679,1,0,0,0,0,-0.45,0,0,4.17,90.28,0.7482,-0.0068,-0.6635,7,90.4,0,0,0,0,0,0,3,0,0,0,69,0,0,0,90.4,1,0,0,0,0,3,0,0,0,11.5,-7.947,0,0,0,0,0,0,VALID,0,0,0,0,0,1,0,0,0,0,0,0,0,0,0,0,0,0,0,0,35.27,1111.45,2,0,0.08,0.08,3538,14.29,0.08,0.06,10.09,FLYING,X10-F,0:/Integrated Flight Computer/aircraft/x10_f_cfg.ks (inferred preloaded)
305.36,CRUISE,,169.26,80,-89.26,1100.71,-1.38,12.53,15.58,309.89,33.015,0,0,-18.414,1,0.6,4.5,4.358,0.35,0.0168,0.4,26.872,27.844,26.872,19.355,1,0,0,0,0,-0.46,0,0,4.17,90.28,0.7482,-0.0068,-0.6635,7,90.4,0,0,0,0,0,0,3,0,0,0,69,0,0,0,90.4,1,0,0,0,0,3,0,0,0,11.5,-7.947,0,0,0,0,0,0,VALID,0,0,0,0,0,1,0,0,0,0,0,0,0,0,0,0,0,0,0,0,31.79,1105.31,2,0,0.08,0.08,3542,14.29,0.08,0.06,10.37,FLYING,X10-F,0:/Integrated Flight Computer/aircraft/x10_f_cfg.ks (inferred preloaded)
305.64,CRUISE,,167.96,80,-87.96,1099.46,-1.38,12.71,15.68,310.32,32.191,0.0396,0,-20,1,0.6,4.5,4.48,0.35,0.0168,0.4,25.075,28.033,25.075,18.048,1,0,0,0,0,-0.47,0,0,4.16,90.28,0.7482,-0.0068,-0.6635,7,90.4,0,0,0,0,0,0,3,0,0,0,69,0,0,0,90.4,1,0,0,0,0,3,0,0,0,11.5,-7.947,0,0,0,0,0,0,VALID,0,0,0,0,0,1,0,0,0,0,0,0,0,0,0,0,0,0,0,0,29.17,1099.29,2,0,0.08,0.08,3546,14.29,0.08,0.06,10.65,FLYING,X10-F,0:/Integrated Flight Computer/aircraft/x10_f_cfg.ks (inferred preloaded)
305.92,CRUISE,,166.7,80,-86.7,1098.43,-1.34,12.86,15.71,310.69,31.242,0.0877,0,-20,1,0.6,4.5,4.57,0.35,0.0168,0.4,21.815,28.216,0,16.788,1,0,0,0,0,-0.46,0,0,4.16,90.28,0.7482,-0.0068,-0.6635,7,90.4,0,0,0,0,0,0,3,0,0,0,69,0,0,0,90.4,1,0,0,0,0,3,0,0,0,11.5,-7.947,0,0,0,0,0,0,VALID,0,0,0,0,0,1,0,0,0,0,0,0,0,0,0,0,0,0,0,0,30.7,1093.53,2,0,0.08,0.08,3550,14.29,0.08,0.06,10.93,FLYING,X10-F,0:/Integrated Flight Computer/aircraft/x10_f_cfg.ks (inferred preloaded)
306.18,CRUISE,,165.64,80,-85.64,1094.88,-1.39,12.86,15.61,310.94,30.625,0.0705,0,-20,1,0.6,4.5,4.57,0.35,0.0168,0.4,19.315,28.372,21.793,15.71,1,0,0,0,0,-0.48,0,0,4.16,90.28,0.7482,-0.0068,-0.6635,7,90.4,0,0,0,0,0,0,3,0,0,0,69,0,0,0,90.4,1,0,0,0,0,3,0,0,0,11.5,-7.947,0,0,0,0,0,0,VALID,0,0,0,0,0,1,0,0,0,0,0,0,0,0,0,0,0,0,0,0,33.99,1088.67,2,0,0.08,0.08,3554,15.38,0.08,0.06,11.19,FLYING,X10-F,0:/Integrated Flight Computer/aircraft/x10_f_cfg.ks (inferred preloaded)
306.46,CRUISE,,164.63,80,-84.63,1090.82,-1.5,13.14,15.85,311.38,29.965,0,0,-19.8,1,0.6,4.5,4.545,0.35,0.0168,0.4,20.355,28.518,20.355,14.705,1,0,0,0,0,-0.52,0,0,4.15,90.28,0.7482,-0.0068,-0.6635,7,90.4,0,0,0,0,0,0,3,0,0,0,69,0,0,0,90.4,1,0,0,0,0,3,0,0,0,11.5,-7.947,0,0,0,0,0,0,VALID,0,0,0,0,0,1,0,0,0,0,0,0,0,0,0,0,0,0,0,0,33.73,1084.1,2,0,0.08,0.08,3558,14.29,0.08,0.06,11.47,FLYING,X10-F,0:/Integrated Flight Computer/aircraft/x10_f_cfg.ks (inferred preloaded)
306.74,CRUISE,,163.59,80,-83.59,1087.67,-1.48,13.42,16.06,311.83,29.283,0.0339,0,-20,1,0.6,4.5,4.493,0.35,0.0168,0.4,18.846,28.669,18.846,13.662,1,0,0,0,0,-0.52,0,0,4.15,90.28,0.7482,-0.0068,-0.6635,7,90.4,0,0,0,0,0,0,3,0,0,0,69,0,0,0,90.4,1,0,0,0,0,3,0,0,0,11.5,-7.947,0,0,0,0,0,0,VALID,0,0,0,0,0,1,0,0,0,0,0,0,0,0,0,0,0,0,0,0,31.21,1079.38,2,0,0.08,0.08,3562,14.29,0.08,0.06,11.75,FLYING,X10-F,0:/Integrated Flight Computer/aircraft/x10_f_cfg.ks (inferred preloaded)
307.02,CRUISE,,162.59,80,-82.59,1084.31,-1.47,13.61,16.18,312.2,28.573,0.0622,0,-20,1,0.6,4.5,4.432,0.35,0.0168,0.4,17.375,28.815,17.375,12.655,1,0,0,0,0,-0.52,0,0,4.14,90.28,0.7482,-0.0068,-0.6635,7,90.4,0,0,0,0,0,0,3,0,0,0,69,0,0,0,90.4,1,0,0,0,0,3,0,0,0,11.5,-7.947,0,0,0,0,0,0,VALID,0,0,0,0,0,1,0,0,0,0,0,0,0,0,0,0,0,0,0,0,31.89,1074.86,2,0,0.08,0.08,3566,14.29,0.08,0.06,12.03,FLYING,X10-F,0:/Integrated Flight Computer/aircraft/x10_f_cfg.ks (inferred preloaded)
307.3,CRUISE,,161.63,80,-81.63,1079.61,-1.47,13.8,16.28,312.56,27.874,0.0737,0,-20,1,0.6,4.5,4.356,0.35,0.0168,0.4,15.964,28.953,15.964,11.7,1,0,0,0,0,-0.52,0,0,4.14,90.28,0.7482,-0.0068,-0.6635,7,90.4,0,0,0,0,0,0,3,0,0,0,69,0,0,0,90.4,1,0,0,0,0,3,0,0,0,11.5,-7.947,0,0,0,0,0,0,VALID,0,0,0,0,0,1,0,0,0,0,0,0,0,0,0,0,0,0,0,0,33.83,1070.59,2,0,0.08,0.08,3570,14.29,0.08,0.06,12.31,FLYING,X10-F,0:/Integrated Flight Computer/aircraft/x10_f_cfg.ks (inferred preloaded)
307.58,CRUISE,,160.73,80,-80.73,1075.27,-1.47,13.97,16.38,312.89,27.202,0.083,0,-20,1,0.6,4.5,4.265,0.35,0.0168,0.4,12.988,29.086,0,10.789,1,0,0,0,0,-0.52,0,0,4.14,90.28,0.7482,-0.0068,-0.6635,7,90.4,0,0,0,0,0,0,3,0,0,0,69,0,0,0,90.4,1,0,0,0,0,3,0,0,0,11.5,-7.947,0,0,0,0,0,0,VALID,0,0,0,0,0,1,0,0,0,0,0,0,0,0,0,0,0,0,0,0,36.26,1066.53,2,0,0.08,0.08,3574,14.29,0.08,0.06,12.59,FLYING,X10-F,0:/Integrated Flight Computer/aircraft/x10_f_cfg.ks (inferred preloaded)
307.9,CRUISE,,159.75,80,-79.75,1073.21,-1.45,14.17,16.48,313.26,26.468,0.0816,0,-20,1,0.6,4.5,4.265,0.35,0.0168,0.4,4.988,29.228,0,9.805,1,0,0,0,0,-0.52,0,0,4.13,90.28,0.7482,-0.0068,-0.6635,7,90.4,0,0,0,0,0,0,3,0,0,0,69,0,0,0,90.4,1,0,0,0,0,3,0,0,0,11.5,-7.947,0,0,0,0,0,0,VALID,0,0,0,0,0,1,0,0,0,0,0,0,0,0,0,0,0,0,0,0,39.34,1062.17,2,0,0.06,0.06,3579,16.67,0.08,0.06,12.91,FLYING,X10-F,0:/Integrated Flight Computer/aircraft/x10_f_cfg.ks (inferred preloaded)
308.16,CRUISE,,158.99,80,-78.99,1072.68,-1.44,14.32,16.56,313.56,25.898,0.0798,0,-20,1,0.6,4.5,4.226,0.35,0.0168,0.4,4.488,29.338,11.975,9.051,1,0,0,0,0,-0.52,0,0,4.13,90.28,0.7482,-0.0068,-0.6635,7,90.4,0,0,0,0,0,0,3,0,0,0,69,0,0,0,90.4,1,0,0,0,0,3,0,0,0,11.5,-7.947,0,0,0,0,0,0,VALID,0,0,0,0,0,1,0,0,0,0,0,0,0,0,0,0,0,0,0,0,41.6,1058.83,2,0,0.06,0.06,3583,15.38,0.08,0.06,13.17,FLYING,X10-F,0:/Integrated Flight Computer/aircraft/x10_f_cfg.ks (inferred preloaded)
308.44,CRUISE,,158.2,80,-78.2,1073.04,-1.42,14.49,16.65,313.87,25.311,0.1018,0,-20,1,0.6,4.5,4.188,0.35,0.0168,0.4,0,29.453,0,8.257,0,0,0,0,0,-0.52,0,0,4.12,90.28,0.7482,-0.0068,-0.6635,7,90.4,0,0,0,0,0,0,3,0,0,0,69,0,0,0,90.4,1,0,0,0,0,3,0,0,0,11.5,-7.947,0,0,0,0,0,0,VALID,0,0,0,0,0,1,0,0,0,0,0,0,0,0,0,0,0,0,0,0,44.15,1055.32,2,0,0.06,0.06,3587,15.38,0.08,0.06,13.45,FLYING,X10-F,0:/Integrated Flight Computer/aircraft/x10_f_cfg.ks (inferred preloaded)
308.72,CRUISE,,157.42,80,-77.42,1074.65,-1.4,14.64,16.74,314.18,24.747,0.1357,0,-20,1,0.6,4.5,4.188,0.35,0.0168,0.4,0,29.567,0,7.472,0,0,0,0,0,-0.51,0,0,4.12,90.28,0.7482,-0.0068,-0.6635,7,90.4,0,0,0,0,0,0,3,0,0,0,69,0,0,0,90.4,1,0,0,0,0,3,0,0,0,11.5,-7.947,0,0,0,0,0,0,VALID,0,0,0,0,0,1,0,0,0,0,0,0,0,0,0,0,0,0,0,0,48.04,1051.86,2,0,0.06,0.06,3591,15.38,0.08,0.06,13.73,FLYING,X10-F,0:/Integrated Flight Computer/aircraft/x10_f_cfg.ks (inferred preloaded)
309,CRUISE,,156.64,80,-76.64,1078.82,-1.38,14.79,16.82,314.48,24.205,0.1727,0,-20,1,0.6,4.5,4.188,0.35,0.0168,0.4,0,29.679,0,6.698,0,0,0,0,0,-0.5,0,0,4.12,90.28,0.7482,-0.0068,-0.6635,7,90.4,0,0,0,0,0,0,3,0,0,0,69,0,0,0,90.4,1,0,0,0,0,3,0,0,0,11.5,-7.947,0,0,0,0,0,0,VALID,0,0,0,0,0,1,0,0,0,0,0,0,0,0,0,0,0,0,0,0,53.7,1048.47,2,0,0.06,0.06,3595,15.38,0.08,0.06,14.01,FLYING,X10-F,0:/Integrated Flight Computer/aircraft/x10_f_cfg.ks (inferred preloaded)
309.34,CRUISE,,155.73,80,-75.73,1082.31,-1.34,14.97,16.91,314.84,23.578,0.2137,0,-20,1,0.6,4.5,4.188,0.35,0.0168,0.4,0,29.812,0,5.78,0,0,0,0,0,-0.49,0,0,4.11,90.28,0.7482,-0.0068,-0.6635,7,90.4,0,0,0,0,0,0,3,0,0,0,69,0,0,0,90.4,1,0,0,0,0,3,0,0,0,11.5,-7.947,0,0,0,0,0,0,VALID,0,0,0,0,0,1,0,0,0,0,0,0,0,0,0,0,0,0,0,0,62.87,1044.46,2,0,0.08,0.08,3600,15.63,0.08,0.06,14.35,FLYING,X10-F,0:/Integrated Flight Computer/aircraft/x10_f_cfg.ks (inferred preloaded)
309.62,CRUISE,,155,80,-75,1082.87,-1.31,15.11,16.99,315.12,23.091,0.2413,0,-20,1,0.6,4.5,4.188,0.35,0.0168,0.4,0,29.918,0,5.047,0,0,0,0,0,-0.49,0,0,4.11,90.28,0.7482,-0.0068,-0.6635,7,90.4,0,0,0,0,0,0,3,0,0,0,69,0,0,0,90.4,1,0,0,0,0,3,0,0,0,11.5,-7.947,0,0,0,0,0,0,VALID,0,0,0,0,0,1,0,0,0,0,0,0,0,0,0,0,0,0,0,0,71.87,1041.27,2,0,0.08,0.08,3604,15.38,0.08,0.06,14.63,FLYING,X10-F,0:/Integrated Flight Computer/aircraft/x10_f_cfg.ks (inferred preloaded)
309.92,CRUISE,,154.24,80,-74.24,1083.76,-1.28,15.24,17.06,315.43,22.596,0.2606,0,-20,1,0.6,4.5,4.188,0.35,0.0168,0.4,0,30.028,0,4.29,0,0,0,0,0,-0.47,0,0,4.11,90.28,0.7482,-0.0068,-0.6635,7,90.4,0,0,0,0,0,0,3,0,0,0,69,0,0,0,90.4,1,0,0,0,0,3,0,0,0,11.5,-7.947,0,0,0,0,0,0,VALID,0,0,0,0,0,1,0,0,0,0,0,0,0,0,0,0,0,0,0,0,82.48,1037.99,2,0,0.06,0.06,3609,17.86,0.08,0.06,14.93,FLYING,X10-F,0:/Integrated Flight Computer/aircraft/x10_f_cfg.ks (inferred preloaded)
310.24,CRUISE,,153.47,80,-73.47,1085.72,-1.23,15.39,17.13,315.74,22.094,0.277,0,-20,1,0.6,4.5,4.188,0.35,0.0168,0.4,0,30.14,0,3.517,0,0,0,0,0,-0.46,0,0,4.1,90.28,0.7482,-0.0068,-0.6635,7,90.4,0,0,0,0,0,0,3,0,0,0,69,0,0,0,90.4,1,0,0,0,0,3,0,0,0,11.5,-7.947,0,0,0,0,0,0,VALID,0,0,0,0,0,1,0,0,0,0,0,0,0,0,0,0,0,0,0,0,94.29,1034.66,2,0,0.06,0.06,3614,16.67,0.08,0.06,15.25,FLYING,X10-F,0:/Integrated Flight Computer/aircraft/x10_f_cfg.ks (inferred preloaded)
310.54,CRUISE,,152.78,80,-72.78,1087.25,-1.19,15.51,17.19,316.04,21.656,0.2871,0,-20,1,0.6,4.5,4.188,0.35,0.0168,0.4,0,30.24,0,2.826,0,0,0,0,0,-0.45,0,0,4.1,90.28,0.7482,-0.0068,-0.6635,7,90.4,0,0,0,0,0,0,3,0,0,0,69,0,0,0,90.4,1,0,0,0,0,3,0,0,0,11.5,-7.947,0,0,0,0,0,0,VALID,0,0,0,0,0,1,0,0,0,0,0,0,0,0,0,0,0,0,0,0,105.43,1031.69,2,0,0.06,0.06,3619,17.86,0.06,0.06,15.55,FLYING,X10-F,0:/Integrated Flight Computer/aircraft/x10_f_cfg.ks (inferred preloaded)
310.88,CRUISE,,152.04,80,-72.04,1088.2,-1.14,15.64,17.26,316.37,21.196,0.2989,0,-20,1,0.6,4.5,4.188,0.35,0.0168,0.4,0,30.348,0,2.084,0,0,0,0,0,-0.43,0,0,4.09,90.28,0.7482,-0.0068,-0.6635,7,90.4,0,0,0,0,0,0,3,0,0,0,69,0,0,0,90.4,1,0,0,0,0,3,0,0,0,11.5,-7.947,0,0,0,0,0,0,VALID,0,0,0,0,0,1,0,0,0,0,0,0,0,0,0,0,0,0,0,0,117.93,1028.5,2,0,0.08,0.08,3624,15.63,0.08,0.06,15.89,FLYING,X10-F,0:/Integrated Flight Computer/aircraft/x10_f_cfg.ks (inferred preloaded)
311.16,CRUISE,,151.46,80,-71.46,1088.25,-1.1,15.75,17.31,316.65,20.844,0.3057,0,-20,1,0.6,4.5,4.188,0.35,0.0168,0.4,0,30.432,0,1.503,0,0,0,0,0,-0.42,0,0,4.09,90.28,0.7482,-0.0068,-0.6635,7,90.4,0,0,0,0,0,0,3,0,0,0,69,0,0,0,90.4,1,0,0,0,0,3,0,0,0,11.5,-7.947,0,0,0,0,0,0,VALID,0,0,0,0,0,1,0,0,0,0,0,0,0,0,0,0,0,0,0,0,128.05,1026.02,2,0,0.08,0.08,3628,15.38,0.08,0.06,16.17,FLYING,X10-F,0:/Integrated Flight Computer/aircraft/x10_f_cfg.ks (inferred preloaded)
311.46,CRUISE,,150.87,80,-70.87,1087.34,-1.05,15.85,17.36,316.94,20.491,0.306,0,-20,1,0.6,4.5,4.188,0.35,0.0168,0.4,0,30.518,0,0.913,0,0,0,0,0,-0.4,0,0,4.09,90.28,0.7482,-0.0068,-0.6635,7,90.4,0,0,0,0,0,0,3,0,0,0,69,0,0,0,90.4,1,0,0,0,0,3,0,0,0,11.5,-7.947,0,0,0,0,0,0,VALID,0,0,0,0,0,1,0,0,0,0,0,0,0,0,0,0,0,0,0,0,138.53,1023.51,2,0,0.06,0.06,3633,17.86,0.08,0.06,16.47,FLYING,X10-F,0:/Integrated Flight Computer/aircraft/x10_f_cfg.ks (inferred preloaded)
311.74,CRUISE,,150.35,80,-70.35,1086.45,-1.01,15.93,17.4,317.22,20.182,0.3114,0,-20,1,0.6,4.5,4.188,0.35,0.0168,0.4,0,30.594,0,0.388,0,0,0,0,0,-0.38,0,0,4.08,90.28,0.7482,-0.0068,-0.6635,7,90.4,0,0,0,0,0,0,3,0,0,0,69,0,0,0,90.4,1,0,0,0,0,3,0,0,0,11.5,-7.947,0,0,0,0,0,0,VALID,0,0,0,0,0,1,0,0,0,0,0,0,0,0,0,0,0,0,0,0,147.86,1021.28,2,0,0.06,0.06,3637,14.29,0.08,0.06,16.75,FLYING,X10-F,0:/Integrated Flight Computer/aircraft/x10_f_cfg.ks (inferred preloaded)
312.02,CRUISE,,149.86,80,-69.86,1087.46,-0.96,16.02,17.43,317.49,19.886,0.3142,0,-19.993,1,0.6,4.5,4.188,0.35,0.0168,0.4,0,30.666,0,-0.11,0,0,0,0,0,-0.37,0,0,4.08,90.28,0.7482,-0.0068,-0.6635,7,90.4,0,0,0,0,0,0,3,0,0,0,69,0,0,0,90.4,1,0,0,0,0,3,0,0,0,11.5,-7.947,0,0,0,0,0,0,VALID,0,0,0,0,0,1,0,0,0,0,0,0,0,0,0,0,0,0,0,0,156.9,1019.16,2,0,0.06,0.06,3641,14.29,0.08,0.06,17.03,FLYING,X10-F,0:/Integrated Flight Computer/aircraft/x10_f_cfg.ks (inferred preloaded)
312.34,CRUISE,,149.32,80,-69.32,1088.66,-0.91,16.11,17.48,317.8,19.574,0.3161,0,-19.853,1,0.6,4.5,4.188,0.35,0.0168,0.4,0,30.744,0,-0.648,0,0,0,0,0,-0.35,0,0,4.08,90.29,0.7482,-0.0068,-0.6635,7,90.4,0,0,0,0,0,0,3,0,0,0,69,0,0,0,90.4,1,0,0,0,0,3,0,0,0,11.5,-7.947,0,0,0,0,0,0,VALID,0,0,0,0,0,1,0,0,0,0,0,0,0,0,0,0,0,0,0,0,166.72,1016.89,2,0,0.06,0.06,3646,16.67,0.08,0.06,17.35,FLYING,X10-F,0:/Integrated Flight Computer/aircraft/x10_f_cfg.ks (inferred preloaded)
312.66,CRUISE,,148.81,80,-68.81,1089.55,-0.85,16.2,17.52,318.12,19.28,0.3232,0,-19.547,1,0.6,4.5,4.188,0.35,0.0168,0.4,0,30.818,0,-1.157,0,0,0,0,0,-0.33,0,0,4.07,90.29,0.7482,-0.0068,-0.6635,7,90.4,0,0,0,0,0,0,3,0,0,0,69,0,0,0,90.4,1,0,0,0,0,3,0,0,0,11.5,-7.947,0,0,0,0,0,0,VALID,0,0,0,0,0,1,0,0,0,0,0,0,0,0,0,0,0,0,0,0,176.08,1014.74,2,0,0.06,0.06,3651,16.67,0.08,0.06,17.67,FLYING,X10-F,0:/Integrated Flight Computer/aircraft/x10_f_cfg.ks (inferred preloaded)
312.98,CRUISE,,148.33,80,-68.33,1090.39,-0.78,16.29,17.56,318.43,19.009,0.331,0,-19.084,1,0.6,4.5,4.188,0.35,0.0168,0.4,0,30.887,0,-1.636,0,0,0,0,0,-0.3,0,0,4.07,90.29,0.7482,-0.0068,-0.6635,7,90.4,0,0,0,0,0,0,3,0,0,0,69,0,0,0,90.4,1,0,0,0,0,3,0,0,0,11.5,-7.947,0,0,0,0,0,0,VALID,0,0,0,0,0,1,0,0,0,0,0,0,0,0,0,0,0,0,0,0,185.33,1012.72,2,0,0.06,0.06,3656,16.67,0.08,0.06,17.99,FLYING,X10-F,0:/Integrated Flight Computer/aircraft/x10_f_cfg.ks (inferred preloaded)
313.28,CRUISE,,147.91,80,-67.91,1091.73,-0.74,16.36,17.59,318.72,18.771,0.3392,0,-18.516,1,0.6,4.5,4.188,0.35,0.0168,0.4,0,30.949,0,-2.06,0,0,0,0,0,-0.29,0,0,4.06,90.29,0.7482,-0.0068,-0.6635,7,90.4,0,0,0,0,0,0,3,0,0,0,69,0,0,0,90.4,1,0,0,0,0,3,0,0,0,11.5,-7.947,0,0,0,0,0,0,VALID,0,0,0,0,0,1,0,0,0,0,0,0,0,0,0,0,0,0,0,0,193.92,1010.95,2,0,0.06,0.06,3661,17.86,0.06,0.06,18.29,FLYING,X10-F,0:/Integrated Flight Computer/aircraft/x10_f_cfg.ks (inferred preloaded)
313.62,CRUISE,,147.46,80,-67.46,1093.29,-0.68,16.45,17.64,319.06,18.52,0.354,0,-17.723,1,0.6,4.5,4.188,0.35,0.0168,0.4,0,31.014,0,-2.511,0,0,0,0,0,-0.27,0,0,4.06,90.29,0.7482,-0.0068,-0.6635,7,90.4,0,0,0,0,0,0,3,0,0,0,69,0,0,0,90.4,1,0,0,0,0,3,0,0,0,11.5,-7.947,0,0,0,0,0,0,VALID,0,0,0,0,0,1,0,0,0,0,0,0,0,0,0,0,0,0,0,0,203.71,1009.06,2,0,0.08,0.08,3666,15.63,0.08,0.06,18.63,FLYING,X10-F,0:/Integrated Flight Computer/aircraft/x10_f_cfg.ks (inferred preloaded)
313.92,CRUISE,,147.1,80,-67.1,1095.31,-0.63,16.51,17.66,319.35,18.316,0.3622,0,-16.902,1,0.6,4.5,4.188,0.35,0.0168,0.4,0,31.068,0,-2.881,0,0,0,0,0,-0.24,0,0,4.06,90.29,0.7482,-0.0068,-0.6635,7,90.4,0,0,0,0,0,0,3,0,0,0,69,0,0,0,90.4,1,0,0,0,0,3,0,0,0,11.5,-7.947,0,0,0,0,0,0,VALID,0,0,0,0,0,1,0,0,0,0,0,0,0,0,0,0,0,0,0,0,212.49,1007.51,2,0,0.06,0.06,3671,17.86,0.08,0.06,18.93,FLYING,X10-F,0:/Integrated Flight Computer/aircraft/x10_f_cfg.ks (inferred preloaded)
314.24,CRUISE,,146.73,80,-66.73,1097,-0.55,16.57,17.68,319.67,18.124,0.3726,0,-15.909,1,0.6,4.5,4.188,0.35,0.0168,0.4,0,31.121,0,-3.247,0,0,0,0,0,-0.22,0,0,4.05,90.29,0.7482,-0.0068,-0.6635,7,90.4,0,0,0,0,0,0,3,0,0,0,69,0,0,0,90.4,1,0,0,0,0,3,0,0,0,11.5,-7.947,0,0,0,0,0,0,VALID,0,0,0,0,0,1,0,0,0,0,0,0,0,0,0,0,0,0,0,0,221.9,1005.98,2,0,0.06,0.06,3676,16.67,0.08,0.06,19.25,FLYING,X10-F,0:/Integrated Flight Computer/aircraft/x10_f_cfg.ks (inferred preloaded)
314.56,CRUISE,,146.4,80,-66.4,1098.08,-0.51,16.63,17.7,319.98,17.957,0.3817,0,-14.804,1,0.6,4.5,4.188,0.35,0.0168,0.4,0,31.17,0,-3.583,0,0,0,0,0,-0.2,0,0,4.05,90.29,0.7482,-0.0068,-0.6635,7,90.4,0,0,0,0,0,0,3,0,0,0,69,0,0,0,90.4,1,0,0,0,0,3,0,0,0,11.5,-7.947,0,0,0,0,0,0,VALID,0,0,0,0,0,1,0,0,0,0,0,0,0,0,0,0,0,0,0,0,231.32,1004.58,2,0,0.06,0.06,3681,16.67,0.08,0.06,19.57,FLYING,X10-F,0:/Integrated Flight Computer/aircraft/x10_f_cfg.ks (inferred preloaded)
314.9,CRUISE,,146.07,80,-66.07,1098.61,-0.42,16.68,17.71,320.32,17.803,0.3932,0,-13.519,1,0.6,4.5,4.188,0.35,0.0168,0.4,0,31.217,0,-3.908,0,0,0,0,0,-0.17,0,0,4.05,90.29,0.7482,-0.0068,-0.6635,7,90.4,0,0,0,0,0,0,3,0,0,0,69,0,0,0,90.4,1,0,0,0,0,3,0,0,0,11.5,-7.947,0,0,0,0,0,0,VALID,0,0,0,0,0,1,0,0,0,0,0,0,0,0,0,0,0,0,0,0,241.36,1003.23,2,0,0.08,0.08,3686,15.63,0.08,0.06,19.91,FLYING,X10-F,0:/Integrated Flight Computer/aircraft/x10_f_cfg.ks (inferred preloaded)
315.18,CRUISE,,145.83,80,-65.83,1099.35,-0.38,16.71,17.72,320.6,17.703,0.4036,0,-12.381,1,0.6,4.5,4.188,0.35,0.0168,0.4,0,31.252,0,-4.152,0,0,0,0,0,-0.16,0,0,4.04,90.29,0.7482,-0.0068,-0.6635,7,90.4,0,0,0,0,0,0,3,0,0,0,69,0,0,0,90.4,1,0,0,0,0,3,0,0,0,11.5,-7.947,0,0,0,0,0,0,VALID,0,0,0,0,0,1,0,0,0,0,0,0,0,0,0,0,0,0,0,0,249.72,1002.22,2,0,0.08,0.08,3690,15.38,0.08,0.06,20.19,FLYING,X10-F,0:/Integrated Flight Computer/aircraft/x10_f_cfg.ks (inferred preloaded)
315.46,CRUISE,,145.61,80,-65.61,1101.31,-0.31,16.75,17.71,320.89,17.622,0.4103,0,-11.179,1,0.6,4.5,4.188,0.35,0.0168,0.4,0,31.284,0,-4.371,0,0,0,0,0,-0.12,0,0,4.04,90.29,0.7482,-0.0068,-0.6635,7,90.4,0,0,0,0,0,0,3,0,0,0,69,0,0,0,90.4,1,0,0,0,0,3,0,0,0,11.5,-7.947,0,0,0,0,0,0,VALID,0,0,0,0,0,1,0,0,0,0,0,0,0,0,0,0,0,0,0,0,257.99,1001.31,2,0,0.08,0.08,3694,15.38,0.08,0.06,20.47,FLYING,X10-F,0:/Integrated Flight Computer/aircraft/x10_f_cfg.ks (inferred preloaded)
315.78,CRUISE,,145.39,80,-65.39,1103.53,-0.27,16.78,17.72,321.22,17.549,0.4136,0,-9.737,1,0.6,4.5,4.188,0.35,0.0168,0.4,0,31.316,0,-4.593,0,0,0,0,0,-0.11,0,0,4.04,90.29,0.7482,-0.0068,-0.6635,7,90.4,0,0,0,0,0,0,3,0,0,0,69,0,0,0,90.4,1,0,0,0,0,3,0,0,0,11.5,-7.947,0,0,0,0,0,0,VALID,0,0,0,0,0,1,0,0,0,0,0,0,0,0,0,0,0,0,0,0,267.39,1000.39,2,0,0.06,0.06,3699,16.67,0.08,0.06,20.79,FLYING,X10-F,0:/Integrated Flight Computer/aircraft/x10_f_cfg.ks (inferred preloaded)
316.06,CRUISE,,145.22,80,-65.22,1104.07,-0.21,16.8,17.72,321.52,17.504,0.4251,0,-8.42,1,0.6,4.5,4.188,0.35,0.0168,0.4,0,31.341,0,-4.767,0,0,0,0,0,-0.08,0,0,4.03,90.29,0.7482,-0.0068,-0.6635,7,90.4,0,0,0,0,0,0,3,0,0,0,69,0,0,0,90.4,1,0,0,0,0,3,0,0,0,11.5,-7.947,0,0,0,0,0,0,VALID,0,0,0,0,0,1,0,0,0,0,0,0,0,0,0,0,0,0,0,0,275.34,999.67,2,0,0.06,0.06,3703,15.38,0.08,0.06,21.07,FLYING,X10-F,0:/Integrated Flight Computer/aircraft/x10_f_cfg.ks (inferred preloaded)
316.38,CRUISE,,145.06,80,-65.06,1104.04,-0.14,16.82,17.71,321.86,17.477,0.4269,0,-6.862,1,0.6,4.5,4.188,0.35,0.0168,0.4,0,31.365,0,-4.933,0,0,0,0,0,-0.06,0,0,4.03,90.29,0.7482,-0.0068,-0.6635,7,90.4,0,0,0,0,0,0,3,0,0,0,69,0,0,0,90.4,1,0,0,0,0,3,0,0,0,11.5,-7.947,0,0,0,0,0,0,VALID,0,0,0,0,0,1,0,0,0,0,0,0,0,0,0,0,0,0,0,0,284.42,998.98,2,0,0.06,0.06,3708,16.67,0.08,0.06,21.39,FLYING,X10-F,0:/Integrated Flight Computer/aircraft/x10_f_cfg.ks (inferred preloaded)
316.66,CRUISE,,144.92,80,-64.92,1103,-0.02,16.78,17.62,322.15,17.483,0.4421,0,-5.458,1,0.6,4.5,4.188,0.35,0.0168,0.4,0,31.384,0,-5.065,0,0,0,0,0,-0.01,0,0,4.03,90.29,0.7482,-0.0068,-0.6635,7,90.4,0,0,0,0,0,0,3,0,0,0,69,0,0,0,90.4,1,0,0,0,0,3,0,0,0,11.5,-7.947,0,0,0,0,0,0,VALID,0,0,0,0,0,1,0,0,0,0,0,0,0,0,0,0,0,0,0,0,292.09,998.43,2,0,0.08,0.08,3712,15.38,0.08,0.06,21.67,FLYING,X10-F,0:/Integrated Flight Computer/aircraft/x10_f_cfg.ks (inferred preloaded)
316.98,CRUISE,,144.83,80,-64.83,1102.43,-0.12,16.81,17.68,322.49,17.314,0.4246,0,-3.815,1,0.6,4.5,4.188,0.35,0.0168,0.4,0,31.399,0,-5.167,0,0,0,0,0,-0.05,0,0,4.02,90.29,0.7482,-0.0068,-0.6635,7,90.4,0,0,0,0,0,0,3,0,0,0,69,0,0,0,90.4,1,0,0,0,0,3,0,0,0,11.5,-7.947,0,0,0,0,0,0,VALID,0,0,0,0,0,1,0,0,0,0,0,0,0,0,0,0,0,0,0,0,301.2,998.02,2,0,0.06,0.06,3717,16.67,0.08,0.06,21.99,FLYING,X10-F,0:/Integrated Flight Computer/aircraft/x10_f_cfg.ks (inferred preloaded)
317.26,CRUISE,,144.73,80,-64.73,1102.12,0.13,17.03,17.81,322.8,17.193,0.4534,0,-2.355,1,0.6,4.5,4.188,0.35,0.0168,0.4,0,31.412,0,-5.257,0,0,0,0,0,0.04,0,0,4.02,90.29,0.7482,-0.0068,-0.6635,7,90.4,0,0,0,0,0,0,3,0,0,0,69,0,0,0,90.4,1,0,0,0,0,3,0,0,0,11.5,-7.947,0,0,0,0,0,0,VALID,0,0,0,0,0,1,0,0,0,0,0,0,0,0,0,0,0,0,0,0,307.78,997.62,2,0,0.06,0.06,3721,15.38,0.08,0.06,22.27,FLYING,X10-F,0:/Integrated Flight Computer/aircraft/x10_f_cfg.ks (inferred preloaded)
317.54,CRUISE,,144.61,80,-64.61,1100.8,0.21,16.7,17.43,323.01,17.343,0.4983,0,-0.857,1,0.6,4.5,4.188,0.35,0.0168,0.4,0,31.431,0,-5.384,0,0,0,0,0,0.09,0,0,4.02,90.29,0.7482,-0.0068,-0.6635,7,90.4,0,0,0,0,0,0,3,0,0,0,69,0,0,0,90.4,1,0,0,0,0,3,0,0,0,11.5,-7.947,0,0,0,0,0,0,VALID,0,0,0,0,0,1,0,0,0,0,0,0,0,0,0,0,0,0,0,0,316.9,997.12,2,0,0.06,0.06,3725,15.38,0.08,0.06,22.55,FLYING,X10-F,0:/Integrated Flight Computer/aircraft/x10_f_cfg.ks (inferred preloaded)
317.82,CRUISE,,144.63,80,-64.63,1099.52,0.05,16.64,17.45,323.34,17.476,0.4334,0,0.65,1,0.6,4.5,4.188,0.35,0.0168,0.4,0,31.43,0,-5.377,0,0,0,0,0,0.02,0,0,4.02,90.29,0.7482,-0.0068,-0.6635,7,90.4,0,0,0,0,0,0,3,0,0,0,69,0,0,0,90.4,1,0,0,0,0,3,0,0,0,11.5,-7.947,0,0,0,0,0,0,VALID,0,0,0,0,0,1,0,0,0,0,0,0,0,0,0,0,0,0,0,0,325.68,997.16,2,0,0.06,0.06,3729,15.38,0.08,0.06,22.83,FLYING,X10-F,0:/Integrated Flight Computer/aircraft/x10_f_cfg.ks (inferred preloaded)
318.1,CRUISE,,144.62,80,-64.62,1099.01,0.23,16.75,17.51,323.72,17.574,0.437,0,2.154,1,0.6,4.5,4.188,0.35,0.0168,0.4,0,31.43,0,-5.377,0,0,0,0,0,0.09,0,0,4.01,90.29,0.7482,-0.0068,-0.6635,7,90.4,0,0,0,0,0,0,3,0,0,0,69,0,0,0,90.4,1,0,0,0,0,3,0,0,0,11.5,-7.947,0,0,0,0,0,0,VALID,0,0,0,0,0,1,0,0,0,0,0,0,0,0,0,0,0,0,0,0,331.16,997.14,2,0,0.06,0.06,3733,15.38,0.08,0.06,23.11,FLYING,X10-F,0:/Integrated Flight Computer/aircraft/x10_f_cfg.ks (inferred preloaded)
318.38,CRUISE,,144.64,80,-64.64,1098.94,0.25,16.74,17.51,324.06,17.691,0.4332,0,3.66,1,0.6,4.5,4.188,0.35,0.0168,0.4,0,31.428,0,-5.366,0,0,0,0,0,0.09,0,0,4.01,90.29,0.7482,-0.0068,-0.6635,7,90.4,0,0,0,0,0,0,3,0,0,0,69,0,0,0,90.4,1,0,0,0,0,3,0,0,0,11.5,-7.947,0,0,0,0,0,0,VALID,0,0,0,0,0,1,0,0,0,0,0,0,0,0,0,0,0,0,0,0,337.11,997.2,2,0,0.06,0.06,3737,15.38,0.08,0.06,23.39,FLYING,X10-F,0:/Integrated Flight Computer/aircraft/x10_f_cfg.ks (inferred preloaded)
318.66,CRUISE,,144.66,80,-64.66,1098.81,0.29,16.62,17.37,324.38,17.86,0.4443,0,5.159,1,0.6,4.5,4.188,0.35,0.0168,0.4,0,31.425,0,-5.347,0,0,0,0,0,0.12,0,0,4.01,90.29,0.7482,-0.0068,-0.6635,7,90.4,0,0,0,0,0,0,3,0,0,0,69,0,0,0,90.4,1,0,0,0,0,3,0,0,0,11.5,-7.947,0,0,0,0,0,0,VALID,0,0,0,0,0,1,0,0,0,0,0,0,0,0,0,0,0,0,0,0,342.58,997.27,2,0,0.06,0.06,3741,15.38,0.08,0.06,23.67,FLYING,X10-F,0:/Integrated Flight Computer/aircraft/x10_f_cfg.ks (inferred preloaded)
318.94,CRUISE,,144.73,80,-64.73,1098.49,0.32,16.74,17.5,324.77,17.93,0.4195,0,6.643,1,0.6,4.5,4.188,0.35,0.0168,0.4,0,31.415,0,-5.273,0,0,0,0,0,0.12,0,0,4,90.29,0.7482,-0.0068,-0.6635,7,90.4,0,0,0,0,0,0,3,0,0,0,69,0,0,0,90.4,1,0,0,0,0,3,0,0,0,11.5,-7.947,0,0,0,0,0,0,VALID,0,0,0,0,0,1,0,0,0,0,0,0,0,0,0,0,0,0,0,0,347.64,997.57,2,0,0.06,0.06,3745,15.38,0.08,0.06,23.95,FLYING,X10-F,0:/Integrated Flight Computer/aircraft/x10_f_cfg.ks (inferred preloaded)
319.22,CRUISE,,144.75,80,-64.75,1098.14,0.44,16.54,17.25,325.06,18.108,0.4685,0,8.117,1,0.6,4.5,4.188,0.35,0.0168,0.4,0,31.413,0,-5.259,0,0,0,0,0,0.18,0,0,4,90.29,0.7482,-0.0068,-0.6635,7,90.4,0,0,0,0,0,0,3,0,0,0,69,0,0,0,90.4,1,0,0,0,0,3,0,0,0,11.5,-7.947,0,0,0,0,0,0,VALID,0,0,0,0,0,1,0,0,0,0,0,0,0,0,0,0,0,0,0,0,352.47,997.62,2,0,0.06,0.06,3749,15.38,0.08,0.06,24.23,FLYING,X10-F,0:/Integrated Flight Computer/aircraft/x10_f_cfg.ks (inferred preloaded)
319.5,CRUISE,,144.86,80,-64.86,1097.9,0.33,16.52,17.3,325.42,18.276,0.4217,0,9.572,1,0.6,4.5,4.188,0.35,0.0168,0.4,0,31.397,0,-5.15,0,0,0,0,0,0.13,0,0,4,90.29,0.7482,-0.0068,-0.6635,7,90.4,0,0,0,0,0,0,3,0,0,0,69,0,0,0,90.4,1,0,0,0,0,3,0,0,0,11.5,-7.947,0,0,0,0,0,0,VALID,0,0,0,0,0,1,0,0,0,0,0,0,0,0,0,0,0,0,0,0,358.2,998.09,2,0,0.06,0.06,3753,15.38,0.08,0.06,24.51,FLYING,X10-F,0:/Integrated Flight Computer/aircraft/x10_f_cfg.ks (inferred preloaded)
319.78,CRUISE,,144.93,80,-64.93,1097.67,0.47,16.45,17.18,325.77,18.444,0.4457,0,10.998,1,0.6,4.5,4.188,0.35,0.0168,0.4,0,31.385,0,-5.072,0,0,0,0,0,0.19,0,0,4,90.29,0.7482,-0.0068,-0.6635,7,90.4,0,0,0,0,0,0,3,0,0,0,69,0,0,0,90.4,1,0,0,0,0,3,0,0,0,11.5,-7.947,0,0,0,0,0,0,VALID,0,0,0,0,0,1,0,0,0,0,0,0,0,0,0,0,0,0,0,0,361.87,998.39,2,0,0.06,0.06,3757,15.38,0.08,0.06,24.79,FLYING,X10-F,0:/Integrated Flight Computer/aircraft/x10_f_cfg.ks (inferred preloaded)
320.06,CRUISE,,145.07,80,-65.07,1097.08,0.45,16.45,17.21,326.15,18.613,0.4161,0,12.397,1,0.6,4.5,4.188,0.35,0.0168,0.4,0,31.366,0,-4.941,0,0,0,0,0,0.17,0,0,3.99,90.29,0.7482,-0.0068,-0.6635,7,90.4,0,0,0,0,0,0,3,0,0,0,69,0,0,0,90.4,1,0,0,0,0,3,0,0,0,11.5,-7.947,0,0,0,0,0,0,VALID,0,0,0,0,0,1,0,0,0,0,0,0,0,0,0,0,0,0,0,0,366.16,998.94,2,0,0.06,0.06,3761,15.38,0.08,0.06,25.07,FLYING,X10-F,0:/Integrated Flight Computer/aircraft/x10_f_cfg.ks (inferred preloaded)
320.34,CRUISE,,145.19,80,-65.19,1095.58,0.5,16.39,17.15,326.51,18.784,0.4212,0,13.76,1,0.6,4.5,4.188,0.35,0.0168,0.4,0,31.349,0,-4.82,0,0,0,0,0,0.19,0,0,3.99,90.29,0.7482,-0.0068,-0.6635,7,90.4,0,0,0,0,0,0,3,0,0,0,69,0,0,0,90.4,1,0,0,0,0,3,0,0,0,11.5,-7.947,0,0,0,0,0,0,VALID,0,0,0,0,0,1,0,0,0,0,0,0,0,0,0,0,0,0,0,0,369.27,999.43,2,0,0.06,0.06,3765,15.38,0.08,0.06,25.35,FLYING,X10-F,0:/Integrated Flight Computer/aircraft/x10_f_cfg.ks (inferred preloaded)
320.62,CRUISE,,145.33,80,-65.33,1093.82,0.54,16.34,17.1,326.88,18.962,0.4124,0,15.084,1,0.6,4.5,4.188,0.35,0.0168,0.4,0,31.328,0,-4.676,0,0,0,0,0,0.21,0,0,3.99,90.29,0.7482,-0.0068,-0.6635,7,90.4,0,0,0,0,0,0,3,0,0,0,69,0,0,0,90.4,1,0,0,0,0,3,0,0,0,11.5,-7.947,0,0,0,0,0,0,VALID,0,0,0,0,0,1,0,0,0,0,0,0,0,0,0,0,0,0,0,0,372.21,1000.03,2,0,0.06,0.06,3769,15.38,0.08,0.06,25.63,FLYING,X10-F,0:/Integrated Flight Computer/aircraft/x10_f_cfg.ks (inferred preloaded)
320.9,CRUISE,,145.49,80,-65.49,1091.91,0.49,16.28,17.07,327.25,19.15,0.4099,0,16.368,1,0.6,4.5,4.188,0.35,0.0168,0.4,0,31.306,0,-4.527,0,0,0,0,0,0.19,0,0,3.98,90.29,0.7482,-0.0068,-0.6635,7,90.4,0,0,0,0,0,0,3,0,0,0,69,0,0,0,90.4,1,0,0,0,0,3,0,0,0,11.5,-7.947,0,0,0,0,0,0,VALID,0,0,0,0,0,1,0,0,0,0,0,0,0,0,0,0,0,0,0,0,374.8,1000.65,2,0,0.06,0.06,3773,15.38,0.08,0.06,25.91,FLYING,X10-F,0:/Integrated Flight Computer/aircraft/x10_f_cfg.ks (inferred preloaded)
321.18,CRUISE,,145.64,80,-65.64,1090.06,0.54,16.23,17.02,327.62,19.331,0.413,0,17.608,1,0.6,4.5,4.188,0.35,0.0168,0.4,0,31.284,0,-4.37,0,0,0,0,0,0.21,0,0,3.98,90.29,0.7482,-0.0068,-0.6635,7,90.4,0,0,0,0,0,0,3,0,0,0,69,0,0,0,90.4,1,0,0,0,0,3,0,0,0,11.5,-7.947,0,0,0,0,0,0,VALID,0,0,0,0,0,1,0,0,0,0,0,0,0,0,0,0,0,0,0,0,376.94,1001.29,2,0,0.06,0.06,3777,15.38,0.08,0.06,26.19,FLYING,X10-F,0:/Integrated Flight Computer/aircraft/x10_f_cfg.ks (inferred preloaded)
321.46,CRUISE,,145.82,80,-65.82,1089.1,0.59,16.21,17,328.01,19.509,0.4039,0,18.801,1,0.6,4.5,4.188,0.35,0.0168,0.4,0,31.258,0,-4.196,0,0,0,0,0,0.23,0,0,3.98,90.29,0.7482,-0.0068,-0.6635,7,90.4,0,0,0,0,0,0,3,0,0,0,69,0,0,0,90.4,1,0,0,0,0,3,0,0,0,11.5,-7.947,0,0,0,0,0,0,VALID,0,0,0,0,0,1,0,0,0,0,0,0,0,0,0,0,0,0,0,0,379.01,1002.01,2,0,0.06,0.06,3781,15.38,0.08,0.06,26.47,FLYING,X10-F,0:/Integrated Flight Computer/aircraft/x10_f_cfg.ks (inferred preloaded)
321.74,CRUISE,,145.99,80,-65.99,1088.46,0.59,16.13,16.94,328.38,19.691,0.4054,0,19.947,1,0.6,4.5,4.188,0.35,0.0168,0.4,0,31.234,0,-4.028,0,0,0,0,0,0.23,0,0,3.98,90.3,0.7482,-0.0068,-0.6635,7,90.4,0,0,0,0,0,0,3,0,0,0,69,0,0,0,90.4,1,0,0,0,0,3,0,0,0,11.5,-7.947,0,0,0,0,0,0,VALID,0,0,0,0,0,1,0,0,0,0,0,0,0,0,0,0,0,0,0,0,380.91,1002.71,2,0,0.06,0.06,3785,15.38,0.08,0.06,26.75,FLYING,X10-F,0:/Integrated Flight Computer/aircraft/x10_f_cfg.ks (inferred preloaded)
322.02,CRUISE,,146.17,80,-66.17,1087.61,0.62,16.1,16.91,328.77,19.869,0.3825,0,20,1,0.6,4.5,4.188,0.35,0.0168,0.4,0,31.207,0,-3.843,0,0,0,0,0,0.24,0,0,3.97,90.3,0.7482,-0.0068,-0.6635,7,90.4,0,0,0,0,0,0,3,0,0,0,69,0,0,0,90.4,1,0,0,0,0,3,0,0,0,11.5,-7.947,0,0,0,0,0,0,VALID,0,0,0,0,0,1,0,0,0,0,0,0,0,0,0,0,0,0,0,0,382.18,1003.47,2,0,0.06,0.06,3789,15.38,0.08,0.06,27.03,FLYING,X10-F,0:/Integrated Flight Computer/aircraft/x10_f_cfg.ks (inferred preloaded)
322.3,CRUISE,,146.35,80,-66.35,1086.22,0.62,16.04,16.87,329.15,20.045,0.3653,0,20,1,0.6,4.5,4.188,0.35,0.0168,0.4,0,31.181,0,-3.66,0,0,0,0,0,0.24,0,0,3.97,90.3,0.7482,-0.0068,-0.6635,7,90.4,0,0,0,0,0,0,3,0,0,0,69,0,0,0,90.4,1,0,0,0,0,3,0,0,0,11.5,-7.947,0,0,0,0,0,0,VALID,0,0,0,0,0,1,0,0,0,0,0,0,0,0,0,0,0,0,0,0,382.3,1004.22,2,0,0.06,0.06,3793,15.38,0.08,0.06,27.31,FLYING,X10-F,0:/Integrated Flight Computer/aircraft/x10_f_cfg.ks (inferred preloaded)
322.58,CRUISE,,146.53,80,-66.53,1085.22,0.67,15.97,16.79,329.53,20.219,0.3538,0,20,1,0.6,4.5,4.188,0.35,0.0168,0.4,0,31.154,0,-3.478,0,0,0,0,0,0.26,0,0,3.97,90.3,0.7482,-0.0068,-0.6635,7,90.4,0,0,0,0,0,0,3,0,0,0,69,0,0,0,90.4,1,0,0,0,0,3,0,0,0,11.5,-7.947,0,0,0,0,0,0,VALID,0,0,0,0,0,1,0,0,0,0,0,0,0,0,0,0,0,0,0,0,380.64,1004.97,2,0,0.06,0.06,3797,15.38,0.08,0.06,27.59,FLYING,X10-F,0:/Integrated Flight Computer/aircraft/x10_f_cfg.ks (inferred preloaded)
322.86,CRUISE,,146.73,80,-66.73,1085.34,0.57,15.95,16.83,329.93,20.378,0.3288,0,20,1,0.6,4.5,4.188,0.35,0.0168,0.4,0,31.127,0,-3.288,0,0,0,0,0,0.22,0,0,3.97,90.3,0.7482,-0.0068,-0.6635,7,90.4,0,0,0,0,0,0,3,0,0,0,69,0,0,0,90.4,1,0,0,0,0,3,0,0,0,11.5,-7.947,0,0,0,0,0,0,VALID,0,0,0,0,0,1,0,0,0,0,0,0,0,0,0,0,0,0,0,0,378.33,1005.77,2,0,0.06,0.06,3801,15.38,0.08,0.06,27.87,FLYING,X10-F,0:/Integrated Flight Computer/aircraft/x10_f_cfg.ks (inferred preloaded)
323.14,CRUISE,,146.89,80,-66.89,1085.27,0.59,15.93,16.81,330.32,20.514,0.3366,0,20,1,0.6,4.5,4.188,0.35,0.0168,0.4,0,31.103,0,-3.121,0,0,0,0,0,0.23,0,0,3.96,90.3,0.7482,-0.0068,-0.6635,7,90.4,0,0,0,0,0,0,3,0,0,0,69,0,0,0,90.4,1,0,0,0,0,3,0,0,0,11.5,-7.947,0,0,0,0,0,0,VALID,0,0,0,0,0,1,0,0,0,0,0,0,0,0,0,0,0,0,0,0,374.22,1006.45,2,0,0.06,0.06,3805,15.38,0.08,0.06,28.15,FLYING,X10-F,0:/Integrated Flight Computer/aircraft/x10_f_cfg.ks (inferred preloaded)
323.42,CRUISE,,147.06,80,-67.06,1082.27,0.61,15.9,16.79,330.71,20.633,0.3344,0,20,1,0.6,4.5,4.188,0.35,0.0168,0.4,0,31.079,0,-2.956,0,0,0,0,0,0.24,0,0,3.96,90.3,0.7482,-0.0068,-0.6635,7,90.4,0,0,0,0,0,0,3,0,0,0,69,0,0,0,90.4,1,0,0,0,0,3,0,0,0,11.5,-7.947,0,0,0,0,0,0,VALID,0,0,0,0,0,1,0,0,0,0,0,0,0,0,0,0,0,0,0,0,370.77,1007.13,2,0,0.06,0.06,3809,15.38,0.08,0.06,28.43,FLYING,X10-F,0:/Integrated Flight Computer/aircraft/x10_f_cfg.ks (inferred preloaded)
323.7,CRUISE,,147.22,80,-67.22,1077.97,0.62,15.89,16.8,331.11,20.74,0.3279,0,20,1,0.6,4.5,4.188,0.35,0.0168,0.4,0,31.055,0,-2.795,0,0,0,0,0,0.24,0,0,3.96,90.3,0.7482,-0.0068,-0.6635,7,90.4,0,0,0,0,0,0,3,0,0,0,69,0,0,0,90.4,1,0,0,0,0,3,0,0,0,11.5,-7.947,0,0,0,0,0,0,VALID,0,0,0,0,0,1,0,0,0,0,0,0,0,0,0,0,0,0,0,0,367.55,1007.79,2,0,0.06,0.06,3813,15.38,0.08,0.06,28.71,FLYING,X10-F,0:/Integrated Flight Computer/aircraft/x10_f_cfg.ks (inferred preloaded)
323.98,CRUISE,,147.36,80,-67.36,1074.89,0.58,15.85,16.77,331.48,20.845,0.3316,0,20,1,0.6,4.5,4.188,0.35,0.0168,0.4,0,31.034,0,-2.651,0,0,0,0,0,0.23,0,0,3.96,90.3,0.7482,-0.0068,-0.6635,7,90.4,0,0,0,0,0,0,3,0,0,0,69,0,0,0,90.4,1,0,0,0,0,3,0,0,0,11.5,-7.947,0,0,0,0,0,0,VALID,0,0,0,0,0,1,0,0,0,0,0,0,0,0,0,0,0,0,0,0,364.49,1008.39,2,0,0.06,0.06,3817,15.38,0.08,0.06,28.99,FLYING,X10-F,0:/Integrated Flight Computer/aircraft/x10_f_cfg.ks (inferred preloaded)
324.26,CRUISE,,147.49,80,-67.49,1072.23,0.65,15.81,16.71,331.86,20.941,0.3414,0,20,1,0.6,4.5,4.188,0.35,0.0168,0.4,0,31.015,0,-2.519,0,0,0,0,0,0.26,0,0,3.95,90.3,0.7482,-0.0068,-0.6635,7,90.4,0,0,0,0,0,0,3,0,0,0,69,0,0,0,90.4,1,0,0,0,0,3,0,0,0,11.5,-7.947,0,0,0,0,0,0,VALID,0,0,0,0,0,1,0,0,0,0,0,0,0,0,0,0,0,0,0,0,361.66,1008.92,2,0,0.06,0.06,3821,15.38,0.08,0.06,29.27,FLYING,X10-F,0:/Integrated Flight Computer/aircraft/x10_f_cfg.ks (inferred preloaded)
324.54,CRUISE,,147.63,80,-67.63,1070.39,0.62,15.8,16.72,332.25,21.04,0.3269,0,20,1,0.6,4.5,4.188,0.35,0.0168,0.4,0,30.995,0,-2.377,0,0,0,0,0,0.24,0,0,3.95,90.3,0.7482,-0.0068,-0.6635,7,90.4,0,0,0,0,0,0,3,0,0,0,69,0,0,0,90.4,1,0,0,0,0,3,0,0,0,11.5,-7.947,0,0,0,0,0,0,VALID,0,0,0,0,0,1,0,0,0,0,0,0,0,0,0,0,0,0,0,0,359.87,1009.51,2,0,0.06,0.06,3825,15.38,0.08,0.06,29.55,FLYING,X10-F,0:/Integrated Flight Computer/aircraft/x10_f_cfg.ks (inferred preloaded)
324.82,CRUISE,,147.76,80,-67.76,1069,0.61,15.79,16.73,332.64,21.122,0.3291,0,20,1,0.6,4.5,4.188,0.35,0.0168,0.4,0,30.976,0,-2.25,0,0,0,0,0,0.24,0,0,3.95,90.3,0.7482,-0.0068,-0.6635,7,90.4,0,0,0,0,0,0,3,0,0,0,69,0,0,0,90.4,1,0,0,0,0,3,0,0,0,11.5,-7.947,0,0,0,0,0,0,VALID,0,0,0,0,0,1,0,0,0,0,0,0,0,0,0,0,0,0,0,0,357.23,1010.03,2,0,0.06,0.06,3829,15.38,0.08,0.06,29.83,FLYING,X10-F,0:/Integrated Flight Computer/aircraft/x10_f_cfg.ks (inferred preloaded)
325.1,CRUISE,,147.88,80,-67.88,1068.93,0.6,15.77,16.72,333.02,21.188,0.3314,0,20,1,0.6,4.5,4.188,0.35,0.0168,0.4,0,30.959,0,-2.132,0,0,0,0,0,0.24,0,0,3.95,90.3,0.7482,-0.0068,-0.6635,7,90.4,0,0,0,0,0,0,3,0,0,0,69,0,0,0,90.4,1,0,0,0,0,3,0,0,0,11.5,-7.947,0,0,0,0,0,0,VALID,0,0,0,0,0,1,0,0,0,0,0,0,0,0,0,0,0,0,0,0,355.08,1010.52,2,0,0.06,0.06,3833,15.38,0.08,0.06,30.11,FLYING,X10-F,0:/Integrated Flight Computer/aircraft/x10_f_cfg.ks (inferred preloaded)
325.38,CRUISE,,147.99,80,-67.99,1070.29,0.59,15.76,16.72,333.41,21.256,0.3306,0,20,1,0.6,4.5,4.188,0.35,0.0168,0.4,0,30.942,0,-2.017,0,0,0,0,0,0.23,0,0,3.94,90.3,0.7482,-0.0068,-0.6635,7,90.4,0,0,0,0,0,0,3,0,0,0,69,0,0,0,90.4,1,0,0,0,0,3,0,0,0,11.5,-7.947,0,0,0,0,0,0,VALID,0,0,0,0,0,1,0,0,0,0,0,0,0,0,0,0,0,0,0,0,353.15,1010.99,2,0,0.06,0.06,3837,15.38,0.08,0.06,30.39,FLYING,X10-F,0:/Integrated Flight Computer/aircraft/x10_f_cfg.ks (inferred preloaded)
325.66,CRUISE,,148.09,80,-68.09,1070.57,0.64,15.7,16.64,333.77,21.334,0.3388,0,20,1,0.6,4.5,4.188,0.35,0.0168,0.4,0,30.928,0,-1.916,0,0,0,0,0,0.25,0,0,3.94,90.3,0.7482,-0.0068,-0.6635,7,90.4,0,0,0,0,0,0,3,0,0,0,69,0,0,0,90.4,1,0,0,0,0,3,0,0,0,11.5,-7.947,0,0,0,0,0,0,VALID,0,0,0,0,0,1,0,0,0,0,0,0,0,0,0,0,0,0,0,0,351.46,1011.4,2,0,0.06,0.06,3841,15.38,0.08,0.06,30.67,FLYING,X10-F,0:/Integrated Flight Computer/aircraft/x10_f_cfg.ks (inferred preloaded)
325.94,CRUISE,,148.21,80,-68.21,1068.96,0.58,15.69,16.66,334.17,21.426,0.3199,0,20,1,0.6,4.5,4.188,0.35,0.0168,0.4,0,30.911,0,-1.799,0,0,0,0,0,0.23,0,0,3.94,90.3,0.7482,-0.0068,-0.6635,7,90.4,0,0,0,0,0,0,3,0,0,0,69,0,0,0,90.4,1,0,0,0,0,3,0,0,0,11.5,-7.947,0,0,0,0,0,0,VALID,0,0,0,0,0,1,0,0,0,0,0,0,0,0,0,0,0,0,0,0,350.28,1011.89,2,0,0.06,0.06,3845,15.38,0.08,0.06,30.95,FLYING,X10-F,0:/Integrated Flight Computer/aircraft/x10_f_cfg.ks (inferred preloaded)
326.22,CRUISE,,148.3,80,-68.3,1067.56,0.63,15.67,16.63,334.56,21.496,0.3279,0,20,1,0.6,4.5,4.188,0.35,0.0168,0.4,0,30.897,0,-1.701,0,0,0,0,0,0.24,0,0,3.94,90.3,0.7482,-0.0068,-0.6635,7,90.4,0,0,0,0,0,0,3,0,0,0,69,0,0,0,90.4,1,0,0,0,0,3,0,0,0,11.5,-7.947,0,0,0,0,0,0,VALID,0,0,0,0,0,1,0,0,0,0,0,0,0,0,0,0,0,0,0,0,347.92,1012.28,2,0,0.06,0.06,3849,15.38,0.08,0.06,31.23,FLYING,X10-F,0:/Integrated Flight Computer/aircraft/x10_f_cfg.ks (inferred preloaded)
326.5,CRUISE,,148.41,80,-68.41,1066.78,0.55,15.74,16.75,334.98,21.525,0.3146,0,20,1,0.6,4.5,4.188,0.35,0.0168,0.4,0,30.881,0,-1.594,0,0,0,0,0,0.21,0,0,3.93,90.3,0.7482,-0.0068,-0.6635,7,90.4,0,0,0,0,0,0,3,0,0,0,69,0,0,0,90.4,1,0,0,0,0,3,0,0,0,11.5,-7.947,0,0,0,0,0,0,VALID,0,0,0,0,0,1,0,0,0,0,0,0,0,0,0,0,0,0,0,0,346.3,1012.73,2,0,0.06,0.06,3853,15.38,0.08,0.06,31.51,FLYING,X10-F,0:/Integrated Flight Computer/aircraft/x10_f_cfg.ks (inferred preloaded)
326.78,CRUISE,,148.46,80,-68.46,1066.4,0.74,15.61,16.54,335.31,21.6,0.3599,0,20,1,0.6,4.5,4.188,0.35,0.0168,0.4,0,30.874,0,-1.545,0,0,0,0,0,0.28,0,0,3.93,90.3,0.7482,-0.0068,-0.6635,7,90.4,0,0,0,0,0,0,3,0,0,0,69,0,0,0,90.4,1,0,0,0,0,3,0,0,0,11.5,-7.947,0,0,0,0,0,0,VALID,0,0,0,0,0,1,0,0,0,0,0,0,0,0,0,0,0,0,0,0,344.56,1012.9,2,0,0.06,0.06,3857,15.38,0.08,0.06,31.79,FLYING,X10-F,0:/Integrated Flight Computer/aircraft/x10_f_cfg.ks (inferred preloaded)
327.06,CRUISE,,148.55,80,-68.55,1067.56,0.57,15.34,16.32,335.61,21.732,0.3309,0,20,1,0.6,4.5,4.188,0.35,0.0168,0.4,0,30.861,0,-1.457,0,0,0,0,0,0.23,0,0,3.93,90.3,0.7482,-0.0068,-0.6635,7,90.4,0,0,0,0,0,0,3,0,0,0,69,0,0,0,90.4,1,0,0,0,0,3,0,0,0,11.5,-7.947,0,0,0,0,0,0,VALID,0,0,0,0,0,1,0,0,0,0,0,0,0,0,0,0,0,0,0,0,345.7,1013.28,2,0,0.06,0.06,3861,15.38,0.08,0.06,32.07,FLYING,X10-F,0:/Integrated Flight Computer/aircraft/x10_f_cfg.ks (inferred preloaded)
327.34,CRUISE,,148.69,80,-68.69,1069.51,0.41,15.58,16.67,336.13,21.909,0.2837,0,20,1,0.6,4.5,4.188,0.35,0.0168,0.4,0,30.841,0,-1.319,0,0,0,0,0,0.15,0,0,3.93,90.3,0.7482,-0.0068,-0.6635,7,90.4,0,0,0,0,0,0,3,0,0,0,69,0,0,0,90.4,1,0,0,0,0,3,0,0,0,11.5,-7.947,0,0,0,0,0,0,VALID,0,0,0,0,0,1,0,0,0,0,0,0,0,0,0,0,0,0,0,0,343.25,1013.86,2,0,0.06,0.06,3865,15.38,0.08,0.06,32.35,FLYING,X10-F,0:/Integrated Flight Computer/aircraft/x10_f_cfg.ks (inferred preloaded)
327.62,CRUISE,,148.72,80,-68.72,1071.62,0.6,15.64,16.66,336.56,21.889,0.3496,0,20,1,0.6,4.5,4.188,0.35,0.0168,0.4,0,30.836,0,-1.283,0,0,0,0,0,0.23,0,0,3.93,90.3,0.7482,-0.0068,-0.6635,7,90.4,0,0,0,0,0,0,3,0,0,0,69,0,0,0,90.4,1,0,0,0,0,3,0,0,0,11.5,-7.947,0,0,0,0,0,0,VALID,0,0,0,0,0,1,0,0,0,0,0,0,0,0,0,0,0,0,0,0,339.27,1013.96,2,0,0.06,0.06,3869,15.38,0.08,0.06,32.63,FLYING,X10-F,0:/Integrated Flight Computer/aircraft/x10_f_cfg.ks (inferred preloaded)
327.9,CRUISE,,148.78,80,-68.78,1073.37,0.48,15.53,16.58,336.87,21.756,0.3401,0,20,1,0.6,4.5,4.188,0.35,0.0168,0.4,0,30.828,0,-1.225,0,0,0,0,0,0.19,0,0,3.92,90.3,0.7482,-0.0068,-0.6635,7,90.4,0,0,0,0,0,0,3,0,0,0,69,0,0,0,90.4,1,0,0,0,0,3,0,0,0,11.5,-7.947,0,0,0,0,0,0,VALID,0,0,0,0,0,1,0,0,0,0,0,0,0,0,0,0,0,0,0,0,340.42,1014.23,2,0,0.06,0.06,3873,15.38,0.08,0.06,32.91,FLYING,X10-F,0:/Integrated Flight Computer/aircraft/x10_f_cfg.ks (inferred preloaded)
328.18,CRUISE,,148.87,80,-68.87,1076.05,0.47,15.83,16.91,337.35,21.854,0.315,0,20,1,0.6,4.5,4.188,0.35,0.0168,0.4,0,30.814,0,-1.132,0,0,0,0,0,0.17,0,0,3.92,90.3,0.7482,-0.0068,-0.6635,7,90.4,0,0,0,0,0,0,3,0,0,0,69,0,0,0,90.4,1,0,0,0,0,3,0,0,0,11.5,-7.947,0,0,0,0,0,0,VALID,0,0,0,0,0,1,0,0,0,0,0,0,0,0,0,0,0,0,0,0,339.83,1014.6,2,0,0.06,0.06,3877,15.38,0.08,0.06,33.19,FLYING,X10-F,0:/Integrated Flight Computer/aircraft/x10_f_cfg.ks (inferred preloaded)
328.46,CRUISE,,148.86,80,-68.86,1078.84,0.66,15.75,16.8,337.82,22.437,0.3876,0,20,1,0.6,4.5,4.188,0.35,0.0168,0.4,0,30.816,0,-1.143,0,0,0,0,0,0.25,0,0,3.92,90.3,0.7482,-0.0068,-0.6635,7,90.4,0,0,0,0,0,0,3,0,0,0,69,0,0,0,90.4,1,0,0,0,0,3,0,0,0,11.5,-7.947,0,0,0,0,0,0,VALID,0,0,0,0,0,1,0,0,0,0,0,0,0,0,0,0,0,0,0,0,339.51,1014.53,2,0,0.06,0.06,3881,15.38,0.08,0.06,33.47,FLYING,X10-F,0:/Integrated Flight Computer/aircraft/x10_f_cfg.ks (inferred preloaded)
328.74,CRUISE,,148.92,80,-68.92,1081.35,0.55,15.68,16.83,338.36,22.929,0.3513,0,20,1,0.6,4.5,4.188,0.35,0.0168,0.4,0,30.807,0,-1.083,0,0,0,0,0,0.21,0,0,3.92,90.3,0.7482,-0.0068,-0.6635,7,90.4,0,0,0,0,0,0,3,0,0,0,69,0,0,0,90.4,1,0,0,0,0,3,0,0,0,11.5,-7.947,0,0,0,0,0,0,VALID,0,0,0,0,0,1,0,0,0,0,0,0,0,0,0,0,0,0,0,0,342.08,1014.79,2,0,0.06,0.06,3885,15.38,0.08,0.06,33.75,FLYING,X10-F,0:/Integrated Flight Computer/aircraft/x10_f_cfg.ks (inferred preloaded)
329.02,CRUISE,,148.95,80,-68.95,1084.44,0.65,15.58,16.71,338.81,23.069,0.3654,0,20,1,0.6,4.5,4.188,0.35,0.0168,0.4,0,30.802,0,-1.05,0,0,0,0,0,0.25,0,0,3.92,90.3,0.7482,-0.0068,-0.6635,7,90.4,0,0,0,0,0,0,3,0,0,0,69,0,0,0,90.4,1,0,0,0,0,3,0,0,0,11.5,-7.947,0,0,0,0,0,0,VALID,0,0,0,0,0,1,0,0,0,0,0,0,0,0,0,0,0,0,0,0,342.87,1014.9,2,0,0.06,0.06,3889,15.38,0.08,0.06,34.03,FLYING,X10-F,0:/Integrated Flight Computer/aircraft/x10_f_cfg.ks (inferred preloaded)
329.3,CRUISE,,149.04,80,-69.04,1085.57,0.52,15.59,16.8,339.28,23.274,0.3225,0,20,1,0.6,4.5,4.188,0.35,0.0168,0.4,0,30.791,0,-0.97,0,0,0,0,0,0.2,0,0,3.91,90.3,0.7482,-0.0068,-0.6635,7,90.4,0,0,0,0,0,0,3,0,0,0,69,0,0,0,90.4,1,0,0,0,0,3,0,0,0,11.5,-7.947,0,0,0,0,0,0,VALID,0,0,0,0,0,1,0,0,0,0,0,0,0,0,0,0,0,0,0,0,343.87,1015.25,2,0,0.06,0.06,3893,15.38,0.08,0.06,34.31,FLYING,X10-F,0:/Integrated Flight Computer/aircraft/x10_f_cfg.ks (inferred preloaded)
329.58,CRUISE,,149.08,80,-69.08,1086.7,0.62,15.62,16.83,339.78,23.549,0.3347,0,20,1,0.6,4.5,4.188,0.35,0.0168,0.4,0,30.783,0,-0.919,0,0,0,0,0,0.24,0,0,3.91,90.3,0.7482,-0.0068,-0.6635,7,90.4,0,0,0,0,0,0,3,0,0,0,69,0,0,0,90.4,1,0,0,0,0,3,0,0,0,11.5,-7.947,0,0,0,0,0,0,VALID,0,0,0,0,0,1,0,0,0,0,0,0,0,0,0,0,0,0,0,0,342.21,1015.43,2,0,0.06,0.06,3897,15.38,0.08,0.06,34.59,FLYING,X10-F,0:/Integrated Flight Computer/aircraft/x10_f_cfg.ks (inferred preloaded)
329.86,CRUISE,,149.11,80,-69.11,1087.08,0.71,15.4,16.57,340.13,23.533,0.3496,0,20,1,0.6,4.5,4.188,0.35,0.0168,0.4,0,30.779,0,-0.887,0,0,0,0,0,0.27,0,0,3.91,90.3,0.7482,-0.0068,-0.6635,7,90.4,0,0,0,0,0,0,3,0,0,0,69,0,0,0,90.4,1,0,0,0,0,3,0,0,0,11.5,-7.947,0,0,0,0,0,0,VALID,0,0,0,0,0,1,0,0,0,0,0,0,0,0,0,0,0,0,0,0,342.18,1015.55,2,0,0.06,0.06,3901,15.38,0.08,0.06,34.87,FLYING,X10-F,0:/Integrated Flight Computer/aircraft/x10_f_cfg.ks (inferred preloaded)
330.14,CRUISE,,149.19,80,-69.19,1087.47,0.57,15.12,16.28,340.36,23.272,0.3125,0,20,1,0.6,4.5,4.188,0.35,0.0168,0.4,0,30.768,0,-0.814,0,0,0,0,0,0.22,0,0,3.91,90.3,0.7482,-0.0068,-0.6635,7,90.4,0,0,0,0,0,0,3,0,0,0,69,0,0,0,90.4,1,0,0,0,0,3,0,0,0,11.5,-7.947,0,0,0,0,0,0,VALID,0,0,0,0,0,1,0,0,0,0,0,0,0,0,0,0,0,0,0,0,342.65,1015.87,2,0,0.06,0.06,3905,15.38,0.08,0.06,35.15,FLYING,X10-F,0:/Integrated Flight Computer/aircraft/x10_f_cfg.ks (inferred preloaded)
330.42,CRUISE,,149.32,80,-69.32,1090.24,0.38,15.26,16.48,340.72,22.829,0.2577,0,20,1,0.6,4.5,4.188,0.35,0.0168,0.4,0,30.75,0,-0.687,0,0,0,0,0,0.14,0,0,3.91,90.3,0.7482,-0.0068,-0.6635,7,90.4,0,0,0,0,0,0,3,0,0,0,69,0,0,0,90.4,1,0,0,0,0,3,0,0,0,11.5,-7.947,0,0,0,0,0,0,VALID,0,0,0,0,0,1,0,0,0,0,0,0,0,0,0,0,0,0,0,0,338.71,1016.4,2,0,0.06,0.06,3909,15.38,0.08,0.06,35.43,FLYING,X10-F,0:/Integrated Flight Computer/aircraft/x10_f_cfg.ks (inferred preloaded)
330.7,CRUISE,,149.37,80,-69.37,1092.94,0.46,15.36,16.49,341.03,22.455,0.2935,0,20,1,0.6,4.5,4.188,0.35,0.0168,0.4,0,30.742,0,-0.632,0,0,0,0,0,0.18,0,0,3.9,90.31,0.7482,-0.0068,-0.6635,7,90.4,0,0,0,0,0,0,3,0,0,0,69,0,0,0,90.4,1,0,0,0,0,3,0,0,0,11.5,-7.947,0,0,0,0,0,0,VALID,0,0,0,0,0,1,0,0,0,0,0,0,0,0,0,0,0,0,0,0,332.14,1016.6,2,0,0.06,0.06,3913,15.38,0.08,0.06,35.71,FLYING,X10-F,0:/Integrated Flight Computer/aircraft/x10_f_cfg.ks (inferred preloaded)
330.98,CRUISE,,149.44,80,-69.44,1094.37,0.38,15.5,16.66,341.42,22.475,0.2881,0,20,1,0.6,4.5,4.188,0.35,0.0168,0.4,0,30.732,0,-0.564,0,0,0,0,0,0.14,0,0,3.9,90.31,0.7482,-0.0068,-0.6635,7,90.4,0,0,0,0,0,0,3,0,0,0,69,0,0,0,90.4,1,0,0,0,0,3,0,0,0,11.5,-7.947,0,0,0,0,0,0,VALID,0,0,0,0,0,1,0,0,0,0,0,0,0,0,0,0,0,0,0,0,329.07,1016.89,2,0,0.06,0.06,3917,15.38,0.08,0.06,35.99,FLYING,X10-F,0:/Integrated Flight Computer/aircraft/x10_f_cfg.ks (inferred preloaded)
331.26,CRUISE,,149.47,80,-69.47,1095.57,0.43,15.64,16.83,341.92,22.778,0.3171,0,20,1,0.6,4.5,4.188,0.35,0.0168,0.4,0,30.727,0,-0.534,0,0,0,0,0,0.16,0,0,3.9,90.31,0.7482,-0.0068,-0.6635,7,90.4,0,0,0,0,0,0,3,0,0,0,69,0,0,0,90.4,1,0,0,0,0,3,0,0,0,11.5,-7.947,0,0,0,0,0,0,VALID,0,0,0,0,0,1,0,0,0,0,0,0,0,0,0,0,0,0,0,0,326.48,1017,2,0,0.06,0.06,3921,15.38,0.08,0.06,36.27,FLYING,X10-F,0:/Integrated Flight Computer/aircraft/x10_f_cfg.ks (inferred preloaded)
331.54,CRUISE,,149.47,80,-69.47,1095.81,0.52,15.68,16.89,342.46,23.186,0.3472,0,20,1,0.6,4.5,4.188,0.35,0.0168,0.4,0,30.726,0,-0.527,0,0,0,0,0,0.19,0,0,3.9,90.31,0.7482,-0.0068,-0.6635,7,90.4,0,0,0,0,0,0,3,0,0,0,69,0,0,0,90.4,1,0,0,0,0,3,0,0,0,11.5,-7.947,0,0,0,0,0,0,VALID,0,0,0,0,0,1,0,0,0,0,0,0,0,0,0,0,0,0,0,0,326.62,1017.01,2,0,0.06,0.06,3925,15.38,0.08,0.06,36.55,FLYING,X10-F,0:/Integrated Flight Computer/aircraft/x10_f_cfg.ks (inferred preloaded)
331.82,CRUISE,,149.47,80,-69.47,1096.4,0.58,15.52,16.72,342.87,23.296,0.3686,0,20,1,0.6,4.5,4.188,0.35,0.0168,0.4,0,30.728,0,-0.535,0,0,0,0,0,0.22,0,0,3.9,90.31,0.7482,-0.0068,-0.6635,7,90.4,0,0,0,0,0,0,3,0,0,0,69,0,0,0,90.4,1,0,0,0,0,3,0,0,0,11.5,-7.947,0,0,0,0,0,0,VALID,0,0,0,0,0,1,0,0,0,0,0,0,0,0,0,0,0,0,0,0,328.48,1016.96,2,0,0.06,0.06,3929,15.38,0.08,0.06,36.83,FLYING,X10-F,0:/Integrated Flight Computer/aircraft/x10_f_cfg.ks (inferred preloaded)
332.1,CRUISE,,149.5,80,-69.5,1098.38,0.49,15.37,16.57,343.19,23.153,0.3427,0,20,1,0.6,4.5,4.188,0.35,0.0168,0.4,0,30.723,0,-0.504,0,0,0,0,0,0.19,0,0,3.89,90.31,0.7482,-0.0068,-0.6635,7,90.4,0,0,0,0,0,0,3,0,0,0,69,0,0,0,90.4,1,0,0,0,0,3,0,0,0,11.5,-7.947,0,0,0,0,0,0,VALID,0,0,0,0,0,1,0,0,0,0,0,0,0,0,0,0,0,0,0,0,330.77,1017.09,2,0,0.06,0.06,3933,15.38,0.08,0.06,37.11,FLYING,X10-F,0:/Integrated Flight Computer/aircraft/x10_f_cfg.ks (inferred preloaded)
332.38,CRUISE,,149.56,80,-69.56,1099.93,0.46,15.52,16.74,343.64,23.171,0.3105,0,20,1,0.6,4.5,4.188,0.35,0.0168,0.4,0,30.714,0,-0.442,0,0,0,0,0,0.17,0,0,3.89,90.31,0.7482,-0.0068,-0.6635,7,90.4,0,0,0,0,0,0,3,0,0,0,69,0,0,0,90.4,1,0,0,0,0,3,0,0,0,11.5,-7.947,0,0,0,0,0,0,VALID,0,0,0,0,0,1,0,0,0,0,0,0,0,0,0,0,0,0,0,0,331.04,1017.34,2,0,0.06,0.06,3937,15.38,0.08,0.06,37.39,FLYING,X10-F,0:/Integrated Flight Computer/aircraft/x10_f_cfg.ks (inferred preloaded)
332.66,CRUISE,,149.57,80,-69.57,1099.15,0.5,15.46,16.65,344.01,23.108,0.3394,0,20,1,0.6,4.5,4.188,0.35,0.0168,0.4,0,30.713,0,-0.436,0,0,0,0,0,0.19,0,0,3.89,90.31,0.7482,-0.0068,-0.6635,7,90.4,0,0,0,0,0,0,3,0,0,0,69,0,0,0,90.4,1,0,0,0,0,3,0,0,0,11.5,-7.947,0,0,0,0,0,0,VALID,0,0,0,0,0,1,0,0,0,0,0,0,0,0,0,0,0,0,0,0,330.52,1017.35,2,0,0.06,0.06,3941,15.38,0.08,0.06,37.67,FLYING,X10-F,0:/Integrated Flight Computer/aircraft/x10_f_cfg.ks (inferred preloaded)
332.94,CRUISE,,149.61,80,-69.61,1099.06,0.54,15.51,16.69,344.39,22.923,0.3185,0,20,1,0.6,4.5,4.188,0.35,0.0168,0.4,0,30.706,0,-0.389,0,0,0,0,0,0.2,0,0,3.89,90.31,0.7482,-0.0068,-0.6635,7,90.4,0,0,0,0,0,0,3,0,0,0,69,0,0,0,90.4,1,0,0,0,0,3,0,0,0,11.5,-7.947,0,0,0,0,0,0,VALID,0,0,0,0,0,1,0,0,0,0,0,0,0,0,0,0,0,0,0,0,330.84,1017.54,2,0,0.06,0.06,3945,15.38,0.08,0.06,37.95,FLYING,X10-F,0:/Integrated Flight Computer/aircraft/x10_f_cfg.ks (inferred preloaded)
333.22,CRUISE,,149.62,80,-69.62,1101.05,0.49,15.34,16.49,344.68,22.929,0.3329,0,20,1,0.6,4.5,4.188,0.35,0.0168,0.4,0,30.705,0,-0.381,0,0,0,0,0,0.19,0,0,3.89,90.31,0.7482,-0.0068,-0.6635,7,90.4,0,0,0,0,0,0,3,0,0,0,69,0,0,0,90.4,1,0,0,0,0,3,0,0,0,11.5,-7.947,0,0,0,0,0,0,VALID,0,0,0,0,0,1,0,0,0,0,0,0,0,0,0,0,0,0,0,0,331.07,1017.57,2,0,0.06,0.06,3949,15.38,0.08,0.06,38.23,FLYING,X10-F,0:/Integrated Flight Computer/aircraft/x10_f_cfg.ks (inferred preloaded)
333.5,CRUISE,,149.69,80,-69.69,1101.93,0.51,15.39,16.54,345.07,22.749,0.3003,0,20,1,0.6,4.5,4.188,0.35,0.0168,0.4,0,30.696,0,-0.316,0,0,0,0,0,0.19,0,0,3.89,90.31,0.7482,-0.0068,-0.6635,7,90.4,0,0,0,0,0,0,3,0,0,0,69,0,0,0,90.4,1,0,0,0,0,3,0,0,0,11.5,-7.947,0,0,0,0,0,0,VALID,0,0,0,0,0,1,0,0,0,0,0,0,0,0,0,0,0,0,0,0,330.38,1017.83,2,0,0.06,0.06,3953,15.38,0.08,0.06,38.51,FLYING,X10-F,0:/Integrated Flight Computer/aircraft/x10_f_cfg.ks (inferred preloaded)
333.78,CRUISE,,149.72,80,-69.72,1101.5,0.42,15.29,16.44,345.35,22.541,0.3061,0,20,1,0.6,4.5,4.188,0.35,0.0168,0.4,0,30.692,0,-0.287,0,0,0,0,0,0.17,0,0,3.88,90.31,0.7482,-0.0068,-0.6635,7,90.4,0,0,0,0,0,0,3,0,0,0,69,0,0,0,90.4,1,0,0,0,0,3,0,0,0,11.5,-7.947,0,0,0,0,0,0,VALID,0,0,0,0,0,1,0,0,0,0,0,0,0,0,0,0,0,0,0,0,328.95,1017.96,2,0,0.06,0.06,3957,15.38,0.08,0.06,38.79,FLYING,X10-F,0:/Integrated Flight Computer/aircraft/x10_f_cfg.ks (inferred preloaded)
334.06,CRUISE,,149.79,80,-69.79,1099.89,0.32,15.6,16.78,345.8,22.286,0.2789,0,20,1,0.6,4.5,4.188,0.35,0.0168,0.4,0,30.681,0,-0.215,0,0,0,0,0,0.12,0,0,3.88,90.31,0.7482,-0.0068,-0.6635,7,90.4,0,0,0,0,0,0,3,0,0,0,69,0,0,0,90.4,1,0,0,0,0,3,0,0,0,11.5,-7.947,0,0,0,0,0,0,VALID,0,0,0,0,0,1,0,0,0,0,0,0,0,0,0,0,0,0,0,0,326.38,1018.25,2,0,0.06,0.06,3961,15.38,0.08,0.06,39.07,FLYING,X10-F,0:/Integrated Flight Computer/aircraft/x10_f_cfg.ks (inferred preloaded)
334.34,CRUISE,,149.73,80,-69.73,1097.66,0.62,15.56,16.62,346.14,22.335,0.3633,0,20,1,0.6,4.5,4.188,0.35,0.0168,0.4,0,30.688,0,-0.264,0,0,0,0,0,0.24,0,0,3.88,90.31,0.7482,-0.0068,-0.6635,7,90.4,0,0,0,0,0,0,3,0,0,0,69,0,0,0,90.4,1,0,0,0,0,3,0,0,0,11.5,-7.947,0,0,0,0,0,0,VALID,0,0,0,0,0,1,0,0,0,0,0,0,0,0,0,0,0,0,0,0,324.02,1017.98,2,0,0.06,0.06,3965,15.38,0.08,0.06,39.35,FLYING,X10-F,0:/Integrated Flight Computer/aircraft/x10_f_cfg.ks (inferred preloaded)
334.62,CRUISE,,149.74,80,-69.74,1095.34,0.5,15.21,16.28,346.38,22.418,0.351,0,20,1,0.6,4.5,4.188,0.35,0.0168,0.4,0,30.688,0,-0.265,0,0,0,0,0,0.2,0,0,3.88,90.31,0.7482,-0.0068,-0.6635,7,90.4,0,0,0,0,0,0,3,0,0,0,69,0,0,0,90.4,1,0,0,0,0,3,0,0,0,11.5,-7.947,0,0,0,0,0,0,VALID,0,0,0,0,0,1,0,0,0,0,0,0,0,0,0,0,0,0,0,0,327.15,1018.01,2,0,0.06,0.06,3969,15.38,0.08,0.06,39.63,FLYING,X10-F,0:/Integrated Flight Computer/aircraft/x10_f_cfg.ks (inferred preloaded)
334.9,CRUISE,,149.82,80,-69.82,1092.82,0.29,15.3,16.51,346.92,23.042,0.2872,0,20,1,0.6,4.5,4.188,0.35,0.0168,0.4,0,30.677,0,-0.184,0,0,0,0,0,0.12,0,0,3.88,90.31,0.7482,-0.0068,-0.6635,7,90.4,0,0,0,0,0,0,3,0,0,0,69,0,0,0,90.4,1,0,0,0,0,3,0,0,0,11.5,-7.947,0,0,0,0,0,0,VALID,0,0,0,0,0,1,0,0,0,0,0,0,0,0,0,0,0,0,0,0,327.46,1018.35,2,0,0.06,0.06,3973,15.38,0.08,0.06,39.91,FLYING,X10-F,0:/Integrated Flight Computer/aircraft/x10_f_cfg.ks (inferred preloaded)
335.18,CRUISE,,149.84,80,-69.84,1092.15,0.48,15.66,16.93,347.68,23.584,0.3108,0,20,1,0.6,4.5,4.188,0.35,0.0168,0.4,0,30.672,0,-0.155,0,0,0,0,0,0.17,0,0,3.88,90.31,0.7482,-0.0068,-0.6635,7,90.4,0,0,0,0,0,0,3,0,0,0,69,0,0,0,90.4,1,0,0,0,0,3,0,0,0,11.5,-7.947,0,0,0,0,0,0,VALID,0,0,0,0,0,1,0,0,0,0,0,0,0,0,0,0,0,0,0,0,323.9,1018.42,2,0,0.06,0.06,3977,15.38,0.08,0.06,40.19,FLYING,X10-F,0:/Integrated Flight Computer/aircraft/x10_f_cfg.ks (inferred preloaded)
335.46,CRUISE,,149.68,80,-69.68,1092.17,0.77,15.07,16.27,348.06,25.336,0.4228,0,20,1,0.6,4.5,4.188,0.35,0.0168,0.4,0,30.695,0,-0.31,0,0,0,0,0,0.29,0,0,3.87,90.31,0.7482,-0.0068,-0.6635,7,90.4,0,0,0,0,0,0,3,0,0,0,69,0,0,0,90.4,1,0,0,0,0,3,0,0,0,11.5,-7.947,0,0,0,0,0,0,VALID,0,0,0,0,0,1,0,0,0,0,0,0,0,0,0,0,0,0,0,0,325.02,1017.72,2,0,0.06,0.06,3981,15.38,0.08,0.06,40.47,FLYING,X10-F,0:/Integrated Flight Computer/aircraft/x10_f_cfg.ks (inferred preloaded)
335.74,CRUISE,,149.7,80,-69.7,1087.87,0.61,13.99,15.34,348.47,27.416,0.3921,0,20,1,0.6,4.5,4.188,0.35,0.0168,0.4,0,30.694,0,-0.305,0,0,0,0,0,0.24,0,0,3.87,90.31,0.7482,-0.0068,-0.6635,7,90.4,0,0,0,0,0,0,3,0,0,0,69,0,0,0,90.4,1,0,0,0,0,3,0,0,0,11.5,-7.947,0,0,0,0,0,0,VALID,0,0,0,0,0,1,0,0,0,0,0,0,0,0,0,0,0,0,0,0,331.36,1017.78,2,0,0.06,0.06,3985,15.38,0.08,0.06,40.75,FLYING,X10-F,0:/Integrated Flight Computer/aircraft/x10_f_cfg.ks (inferred preloaded)
336.02,CRUISE,,149.86,80,-69.86,1084.24,0.12,13.29,14.87,348.93,26.419,0.2801,0,20,1,0.6,4.5,4.188,0.35,0.0168,0.4,0,30.672,0,-0.154,0,0,0,0,0,0.06,0,0,3.87,90.31,0.7482,-0.0068,-0.6635,7,90.4,0,0,0,0,0,0,3,0,0,0,69,0,0,0,90.4,1,0,0,0,0,3,0,0,0,11.5,-7.947,0,0,0,0,0,0,VALID,0,0,0,0,0,1,0,0,0,0,0,0,0,0,0,0,0,0,0,0,333.21,1018.43,2,0,0.06,0.06,3989,15.38,0.08,0.06,41.03,FLYING,X10-F,0:/Integrated Flight Computer/aircraft/x10_f_cfg.ks (inferred preloaded)
336.3,CRUISE,,150.05,80,-70.05,1082.87,-0.48,13.38,15.07,349.25,24.06,0.1681,0,19.998,1,0.6,4.5,4.188,0.35,0.0168,0.4,0,30.645,0,0.037,0,0,0,0,0,-0.17,0,0,3.87,90.31,0.7482,-0.0068,-0.6635,7,90.4,0,0,0,0,0,0,3,0,0,0,69,0,0,0,90.4,1,0,0,0,0,3,0,0,0,11.5,-7.947,0,0,0,0,0,0,VALID,0,0,0,0,0,1,0,0,0,0,0,0,0,0,0,0,0,0,0,0,325.68,1019.25,2,0,0.06,0.06,3993,15.38,0.08,0.06,41.31,FLYING,X10-F,0:/Integrated Flight Computer/aircraft/x10_f_cfg.ks (inferred preloaded)
336.64,CRUISE,,150.22,80,-70.22,1080.63,-0.75,14.47,16.12,349.61,22.657,0.14,0,19.945,1,0.6,4.5,4.188,0.35,0.0168,0.4,0,30.618,0,0.218,0,0,0,0,0,-0.29,0,0,3.87,90.31,0.7482,-0.0068,-0.6635,7,90.4,0,0,0,0,0,0,3,0,0,0,69,0,0,0,90.4,1,0,0,0,0,3,0,0,0,11.5,-7.947,0,0,0,0,0,0,VALID,0,0,0,0,0,1,0,0,0,0,0,0,0,0,0,0,0,0,0,0,305.66,1020.01,2,0,0.08,0.08,3998,15.63,0.08,0.06,41.65,FLYING,X10-F,0:/Integrated Flight Computer/aircraft/x10_f_cfg.ks (inferred preloaded)
336.94,CRUISE,,150.21,80,-70.21,1078.53,-0.6,15.16,16.67,349.94,21.795,0.257,0,19.877,1,0.6,4.5,4.188,0.35,0.0168,0.4,0,30.619,0,0.211,0,0,0,0,0,-0.23,0,0,3.87,90.31,0.7482,-0.0068,-0.6635,7,90.4,0,0,0,0,0,0,3,0,0,0,69,0,0,0,90.4,1,0,0,0,0,3,0,0,0,11.5,-7.947,0,0,0,0,0,0,VALID,0,0,0,0,0,1,0,0,0,0,0,0,0,0,0,0,0,0,0,0,293.43,1019.96,2,0,0.06,0.06,4003,17.86,0.08,0.06,41.95,FLYING,X10-F,0:/Integrated Flight Computer/aircraft/x10_f_cfg.ks (inferred preloaded)
337.22,CRUISE,,150.13,80,-70.13,1077.46,-0.5,15.4,16.78,350.12,21.165,0.3622,0,19.832,1,0.6,4.5,4.188,0.35,0.0168,0.4,0,30.631,0,0.134,0,0,0,0,0,-0.19,0,0,3.87,90.31,0.7482,-0.0068,-0.6635,7,90.4,0,0,0,0,0,0,3,0,0,0,69,0,0,0,90.4,1,0,0,0,0,3,0,0,0,11.5,-7.947,0,0,0,0,0,0,VALID,0,0,0,0,0,1,0,0,0,0,0,0,0,0,0,0,0,0,0,0,293.02,1019.64,2,0,0.06,0.06,4007,15.38,0.08,0.06,42.23,FLYING,X10-F,0:/Integrated Flight Computer/aircraft/x10_f_cfg.ks (inferred preloaded)
337.54,CRUISE,,150.06,80,-70.06,1076.48,-0.44,15.57,16.87,350.38,20.84,0.3887,0,19.803,1,0.6,4.5,4.188,0.35,0.0168,0.4,0,30.64,0,0.066,0,0,0,0,0,-0.17,0,0,3.86,90.31,0.7482,-0.0068,-0.6635,7,90.4,0,0,0,0,0,0,3,0,0,0,69,0,0,0,90.4,1,0,0,0,0,3,0,0,0,11.5,-7.947,0,0,0,0,0,0,VALID,0,0,0,0,0,1,0,0,0,0,0,0,0,0,0,0,0,0,0,0,298.41,1019.36,2,0,0.06,0.06,4012,16.67,0.08,0.06,42.55,FLYING,X10-F,0:/Integrated Flight Computer/aircraft/x10_f_cfg.ks (inferred preloaded)
337.82,CRUISE,,150,80,-70,1075.14,-0.3,15.58,16.8,350.66,20.703,0.4051,0,19.795,1,0.6,4.5,4.188,0.35,0.0168,0.4,0,30.65,0,0.003,0,0,0,0,0,-0.12,0,0,3.86,90.31,0.7482,-0.0068,-0.6635,7,90.4,0,0,0,0,0,0,3,0,0,0,69,0,0,0,90.4,1,0,0,0,0,3,0,0,0,11.5,-7.947,0,0,0,0,0,0,VALID,0,0,0,0,0,1,0,0,0,0,0,0,0,0,0,0,0,0,0,0,303.9,1019.09,2,0,0.08,0.08,4016,15.38,0.08,0.06,42.83,FLYING,X10-F,0:/Integrated Flight Computer/aircraft/x10_f_cfg.ks (inferred preloaded)
338.1,CRUISE,,149.97,80,-69.97,1072.85,-0.24,15.61,16.79,350.96,20.531,0.384,0,19.8,1,0.6,4.5,4.188,0.35,0.0168,0.4,0,30.654,0,-0.026,0,0,0,0,0,-0.1,0,0,3.86,90.31,0.7482,-0.0068,-0.6635,7,90.4,0,0,0,0,0,0,3,0,0,0,69,0,0,0,90.4,1,0,0,0,0,3,0,0,0,11.5,-7.947,0,0,0,0,0,0,VALID,0,0,0,0,0,1,0,0,0,0,0,0,0,0,0,0,0,0,0,0,309.48,1018.97,2,0,0.08,0.08,4020,15.38,0.08,0.06,43.11,FLYING,X10-F,0:/Integrated Flight Computer/aircraft/x10_f_cfg.ks (inferred preloaded)
338.42,CRUISE,,149.95,80,-69.95,1069.23,-0.23,15.6,16.75,351.29,20.334,0.3646,0,19.815,1,0.6,4.5,4.188,0.35,0.0168,0.4,0,30.657,0,-0.051,0,0,0,0,0,-0.09,0,0,3.86,90.31,0.7482,-0.0068,-0.6635,7,90.4,0,0,0,0,0,0,3,0,0,0,69,0,0,0,90.4,1,0,0,0,0,3,0,0,0,11.5,-7.947,0,0,0,0,0,0,VALID,0,0,0,0,0,1,0,0,0,0,0,0,0,0,0,0,0,0,0,0,314.5,1018.88,2,0,0.06,0.06,4025,16.67,0.08,0.06,43.43,FLYING,X10-F,0:/Integrated Flight Computer/aircraft/x10_f_cfg.ks (inferred preloaded)
338.76,CRUISE,,149.94,80,-69.94,1065.6,-0.15,15.58,16.67,351.63,20.143,0.3554,0,19.834,1,0.6,4.5,4.188,0.35,0.0168,0.4,0,30.659,0,-0.061,0,0,0,0,0,-0.05,0,0,3.86,90.31,0.7482,-0.0068,-0.6635,7,90.4,0,0,0,0,0,0,3,0,0,0,69,0,0,0,90.4,1,0,0,0,0,3,0,0,0,11.5,-7.947,0,0,0,0,0,0,VALID,0,0,0,0,0,1,0,0,0,0,0,0,0,0,0,0,0,0,0,0,317.99,1018.84,2,0,0.08,0.08,4030,15.63,0.08,0.06,43.77,FLYING,X10-F,0:/Integrated Flight Computer/aircraft/x10_f_cfg.ks (inferred preloaded)
339.08,CRUISE,,149.94,80,-69.94,1062.41,0.04,15.65,16.67,351.99,19.945,0.3433,0,19.85,1,0.6,4.5,4.188,0.35,0.0168,0.4,0,30.658,0,-0.053,0,0,0,0,0,0.01,0,0,3.86,90.31,0.7482,-0.0068,-0.6635,7,90.4,0,0,0,0,0,0,3,0,0,0,69,0,0,0,90.4,1,0,0,0,0,3,0,0,0,11.5,-7.947,0,0,0,0,0,0,VALID,0,0,0,0,0,1,0,0,0,0,0,0,0,0,0,0,0,0,0,0,319.73,1018.85,2,0,0.06,0.06,4035,16.67,0.08,0.06,44.09,FLYING,X10-F,0:/Integrated Flight Computer/aircraft/x10_f_cfg.ks (inferred preloaded)
339.36,CRUISE,,149.95,80,-69.95,1061.66,-0.02,15.53,16.54,352.24,19.845,0.3323,0,19.867,1,0.6,4.5,4.188,0.35,0.0168,0.4,0,30.658,0,-0.053,0,0,0,0,0,-0.01,0,0,3.86,90.31,0.7482,-0.0068,-0.6635,7,90.4,0,0,0,0,0,0,3,0,0,0,69,0,0,0,90.4,1,0,0,0,0,3,0,0,0,11.5,-7.947,0,0,0,0,0,0,VALID,0,0,0,0,0,1,0,0,0,0,0,0,0,0,0,0,0,0,0,0,321.68,1018.87,2,0,0.06,0.06,4039,15.38,0.08,0.06,44.37,FLYING,X10-F,0:/Integrated Flight Computer/aircraft/x10_f_cfg.ks (inferred preloaded)
339.64,CRUISE,,149.98,80,-69.98,1060.58,0.12,15.68,16.64,352.59,19.669,0.3106,0,19.874,1,0.6,4.5,4.188,0.35,0.0168,0.4,0,30.652,0,-0.016,0,0,0,0,0,0.04,0,0,3.86,90.32,0.7482,-0.0068,-0.6635,7,90.4,0,0,0,0,0,0,3,0,0,0,69,0,0,0,90.4,1,0,0,0,0,3,0,0,0,11.5,-7.947,0,0,0,0,0,0,VALID,0,0,0,0,0,1,0,0,0,0,0,0,0,0,0,0,0,0,0,0,321.77,1019.01,2,0,0.06,0.06,4043,15.38,0.08,0.06,44.65,FLYING,X10-F,0:/Integrated Flight Computer/aircraft/x10_f_cfg.ks (inferred preloaded)
339.92,CRUISE,,149.97,80,-69.97,1058.15,0.18,15.42,16.33,352.78,19.577,0.3367,0,19.884,1,0.6,4.5,4.188,0.35,0.0168,0.4,0,30.655,0,-0.037,0,0,0,0,0,0.07,0,0,3.86,90.32,0.7482,-0.0068,-0.6635,7,90.4,0,0,0,0,0,0,3,0,0,0,69,0,0,0,90.4,1,0,0,0,0,3,0,0,0,11.5,-7.947,0,0,0,0,0,0,VALID,0,0,0,0,0,1,0,0,0,0,0,0,0,0,0,0,0,0,0,0,322.25,1018.93,2,0,0.06,0.06,4047,15.38,0.08,0.06,44.93,FLYING,X10-F,0:/Integrated Flight Computer/aircraft/x10_f_cfg.ks (inferred preloaded)
340.2,CRUISE,,150.04,80,-70.04,1055.83,0,15.48,16.43,353.1,19.413,0.279,0,19.883,1,0.6,4.5,4.188,0.35,0.0168,0.4,0,30.645,0,0.032,0,0,0,0,0,0.01,0,0,3.85,90.32,0.7482,-0.0068,-0.6635,7,90.4,0,0,0,0,0,0,3,0,0,0,69,0,0,0,90.4,1,0,0,0,0,3,0,0,0,11.5,-7.947,0,0,0,0,0,0,VALID,0,0,0,0,0,1,0,0,0,0,0,0,0,0,0,0,0,0,0,0,322.19,1019.23,2,0,0.06,0.06,4051,15.38,0.08,0.06,45.21,FLYING,X10-F,0:/Integrated Flight Computer/aircraft/x10_f_cfg.ks (inferred preloaded)
340.48,CRUISE,,150.05,80,-70.05,1053.42,0.27,15.71,16.57,353.45,19.205,0.3038,0,19.867,1,0.6,4.5,4.188,0.35,0.0168,0.4,0,30.642,0,0.053,0,0,0,0,0,0.1,0,0,3.85,90.32,0.7482,-0.0068,-0.6635,7,90.4,0,0,0,0,0,0,3,0,0,0,69,0,0,0,90.4,1,0,0,0,0,3,0,0,0,11.5,-7.947,0,0,0,0,0,0,VALID,0,0,0,0,0,1,0,0,0,0,0,0,0,0,0,0,0,0,0,0,318.33,1019.27,2,0,0.06,0.06,4055,15.38,0.08,0.06,45.49,FLYING,X10-F,0:/Integrated Flight Computer/aircraft/x10_f_cfg.ks (inferred preloaded)
340.76,CRUISE,,150.03,80,-70.03,1052.78,0.24,15.53,16.36,353.66,19.085,0.3273,0,19.859,1,0.6,4.5,4.188,0.35,0.0168,0.4,0,30.645,0,0.031,0,0,0,0,0,0.1,0,0,3.85,90.32,0.7482,-0.0068,-0.6635,7,90.4,0,0,0,0,0,0,3,0,0,0,69,0,0,0,90.4,1,0,0,0,0,3,0,0,0,11.5,-7.947,0,0,0,0,0,0,VALID,0,0,0,0,0,1,0,0,0,0,0,0,0,0,0,0,0,0,0,0,318.71,1019.2,2,0,0.06,0.06,4059,15.38,0.08,0.06,45.77,FLYING,X10-F,0:/Integrated Flight Computer/aircraft/x10_f_cfg.ks (inferred preloaded)
341.04,CRUISE,,150.08,80,-70.08,1052.91,0.31,15.64,16.46,353.98,18.929,0.2934,0,19.842,1,0.6,4.5,4.188,0.35,0.0168,0.4,0,30.639,0,0.079,0,0,0,0,0,0.11,0,0,3.85,90.32,0.7482,-0.0068,-0.6635,7,90.4,0,0,0,0,0,0,3,0,0,0,69,0,0,0,90.4,1,0,0,0,0,3,0,0,0,11.5,-7.947,0,0,0,0,0,0,VALID,0,0,0,0,0,1,0,0,0,0,0,0,0,0,0,0,0,0,0,0,318.51,1019.39,2,0,0.06,0.06,4063,15.38,0.08,0.06,46.05,FLYING,X10-F,0:/Integrated Flight Computer/aircraft/x10_f_cfg.ks (inferred preloaded)
341.32,CRUISE,,150.08,80,-70.08,1051.64,0.35,15.53,16.3,354.21,18.824,0.3085,0,19.82,1,0.6,4.5,4.188,0.35,0.0168,0.4,0,30.638,0,0.081,0,0,0,0,0,0.13,0,0,3.85,90.32,0.7482,-0.0068,-0.6635,7,90.4,0,0,0,0,0,0,3,0,0,0,69,0,0,0,90.4,1,0,0,0,0,3,0,0,0,11.5,-7.947,0,0,0,0,0,0,VALID,0,0,0,0,0,1,0,0,0,0,0,0,0,0,0,0,0,0,0,0,317.66,1019.4,2,0,0.06,0.06,4067,15.38,0.08,0.06,46.33,FLYING,X10-F,0:/Integrated Flight Computer/aircraft/x10_f_cfg.ks (inferred preloaded)
341.6,CRUISE,,150.13,80,-70.13,1050.62,0.37,15.6,16.37,354.53,18.711,0.2794,0,19.789,1,0.6,4.5,4.188,0.35,0.0168,0.4,0,30.631,0,0.131,0,0,0,0,0,0.13,0,0,3.85,90.32,0.7482,-0.0068,-0.6635,7,90.4,0,0,0,0,0,0,3,0,0,0,69,0,0,0,90.4,1,0,0,0,0,3,0,0,0,11.5,-7.947,0,0,0,0,0,0,VALID,0,0,0,0,0,1,0,0,0,0,0,0,0,0,0,0,0,0,0,0,316.4,1019.59,2,0,0.06,0.06,4071,15.38,0.08,0.06,46.61,FLYING,X10-F,0:/Integrated Flight Computer/aircraft/x10_f_cfg.ks (inferred preloaded)
341.88,CRUISE,,150.14,80,-70.14,1053.93,0.39,15.5,16.23,354.77,18.642,0.2989,0,19.752,1,0.6,4.5,4.188,0.35,0.0168,0.4,0,30.63,0,0.135,0,0,0,0,0,0.15,0,0,3.85,90.32,0.7482,-0.0068,-0.6635,7,90.4,0,0,0,0,0,0,3,0,0,0,69,0,0,0,90.4,1,0,0,0,0,3,0,0,0,11.5,-7.947,0,0,0,0,0,0,VALID,0,0,0,0,0,1,0,0,0,0,0,0,0,0,0,0,0,0,0,0,314.44,1019.61,2,0,0.06,0.06,4075,15.38,0.08,0.06,46.89,FLYING,X10-F,0:/Integrated Flight Computer/aircraft/x10_f_cfg.ks (inferred preloaded)
342.16,CRUISE,,150.18,80,-70.18,1055.82,0.42,15.66,16.4,355.13,18.582,0.2761,0,19.705,1,0.6,4.5,4.188,0.35,0.0168,0.4,0,30.624,0,0.182,0,0,0,0,0,0.15,0,0,3.85,90.32,0.7482,-0.0068,-0.6635,7,90.4,0,0,0,0,0,0,3,0,0,0,69,0,0,0,90.4,1,0,0,0,0,3,0,0,0,11.5,-7.947,0,0,0,0,0,0,VALID,0,0,0,0,0,1,0,0,0,0,0,0,0,0,0,0,0,0,0,0,312.6,1019.79,2,0,0.06,0.06,4079,15.38,0.08,0.06,47.17,FLYING,X10-F,0:/Integrated Flight Computer/aircraft/x10_f_cfg.ks (inferred preloaded)
342.44,CRUISE,,150.16,80,-70.16,1054.75,0.49,15.53,16.22,355.37,18.538,0.3192,0,19.659,1,0.6,4.5,4.188,0.35,0.0168,0.4,0,30.627,0,0.157,0,0,0,0,0,0.19,0,0,3.85,90.32,0.7482,-0.0068,-0.6635,7,90.4,0,0,0,0,0,0,3,0,0,0,69,0,0,0,90.4,1,0,0,0,0,3,0,0,0,11.5,-7.947,0,0,0,0,0,0,VALID,0,0,0,0,0,1,0,0,0,0,0,0,0,0,0,0,0,0,0,0,311.23,1019.67,2,0,0.06,0.06,4083,15.38,0.08,0.06,47.45,FLYING,X10-F,0:/Integrated Flight Computer/aircraft/x10_f_cfg.ks (inferred preloaded)
342.72,CRUISE,,150.2,80,-70.2,1054.47,0.44,15.63,16.35,355.71,18.5,0.2844,0,19.608,1,0.6,4.5,4.188,0.35,0.0168,0.4,0,30.621,0,0.198,0,0,0,0,0,0.16,0,0,3.85,90.32,0.7482,-0.0068,-0.6635,7,90.4,0,0,0,0,0,0,3,0,0,0,69,0,0,0,90.4,1,0,0,0,0,3,0,0,0,11.5,-7.947,0,0,0,0,0,0,VALID,0,0,0,0,0,1,0,0,0,0,0,0,0,0,0,0,0,0,0,0,311.26,1019.84,2,0,0.06,0.06,4087,15.38,0.08,0.06,47.73,FLYING,X10-F,0:/Integrated Flight Computer/aircraft/x10_f_cfg.ks (inferred preloaded)
343,CRUISE,,150.16,80,-70.16,1052.94,0.61,15.44,16.08,355.95,18.518,0.3361,0,19.557,1,0.6,4.5,4.188,0.35,0.0168,0.4,0,30.627,0,0.162,0,0,0,0,0,0.24,0,0,3.85,90.32,0.7482,-0.0068,-0.6635,7,90.4,0,0,0,0,0,0,3,0,0,0,69,0,0,0,90.4,1,0,0,0,0,3,0,0,0,11.5,-7.947,0,0,0,0,0,0,VALID,0,0,0,0,0,1,0,0,0,0,0,0,0,0,0,0,0,0,0,0,310.34,1019.65,2,0,0.06,0.06,4091,15.38,0.08,0.06,48.01,FLYING,X10-F,0:/Integrated Flight Computer/aircraft/x10_f_cfg.ks (inferred preloaded)
343.28,CRUISE,,150.21,80,-70.21,1051.81,0.43,15.31,16.01,356.25,18.661,0.2845,0,19.506,1,0.6,4.5,4.188,0.35,0.0168,0.4,0,30.62,0,0.204,0,0,0,0,0,0.17,0,0,3.84,90.32,0.7482,-0.0068,-0.6635,7,90.4,0,0,0,0,0,0,3,0,0,0,69,0,0,0,90.4,1,0,0,0,0,3,0,0,0,11.5,-7.947,0,0,0,0,0,0,VALID,0,0,0,0,0,1,0,0,0,0,0,0,0,0,0,0,0,0,0,0,311.4,1019.85,2,0,0.06,0.06,4095,15.38,0.08,0.06,48.29,FLYING,X10-F,0:/Integrated Flight Computer/aircraft/x10_f_cfg.ks (inferred preloaded)
343.56,CRUISE,,150.26,80,-70.26,1050.74,0.41,15.71,16.47,356.75,18.758,0.2607,0,19.438,1,0.6,4.5,4.188,0.35,0.0168,0.4,0,30.613,0,0.258,0,0,0,0,0,0.15,0,0,3.84,90.32,0.7482,-0.0068,-0.6635,7,90.4,0,0,0,0,0,0,3,0,0,0,69,0,0,0,90.4,1,0,0,0,0,3,0,0,0,11.5,-7.947,0,0,0,0,0,0,VALID,0,0,0,0,0,1,0,0,0,0,0,0,0,0,0,0,0,0,0,0,308.31,1020.05,2,0,0.06,0.06,4099,15.38,0.08,0.06,48.57,FLYING,X10-F,0:/Integrated Flight Computer/aircraft/x10_f_cfg.ks (inferred preloaded)
343.84,CRUISE,,150.19,80,-70.19,1052.81,0.62,15.72,16.41,357.11,18.972,0.3464,0,19.376,1,0.6,4.5,4.188,0.35,0.0168,0.4,0,30.622,0,0.191,0,0,0,0,0,0.24,0,0,3.84,90.32,0.7482,-0.0068,-0.6635,7,90.4,0,0,0,0,0,0,3,0,0,0,69,0,0,0,90.4,1,0,0,0,0,3,0,0,0,11.5,-7.947,0,0,0,0,0,0,VALID,0,0,0,0,0,1,0,0,0,0,0,0,0,0,0,0,0,0,0,0,306.41,1019.73,2,0,0.06,0.06,4103,15.38,0.08,0.06,48.85,FLYING,X10-F,0:/Integrated Flight Computer/aircraft/x10_f_cfg.ks (inferred preloaded)
344.12,CRUISE,,150.19,80,-70.19,1054.86,0.54,15.71,16.45,357.49,19.122,0.3248,0,19.325,1,0.6,4.5,4.188,0.35,0.0168,0.4,0,30.623,0,0.186,0,0,0,0,0,0.2,0,0,3.84,90.32,0.7482,-0.0068,-0.6635,7,90.4,0,0,0,0,0,0,3,0,0,0,69,0,0,0,90.4,1,0,0,0,0,3,0,0,0,11.5,-7.947,0,0,0,0,0,0,VALID,0,0,0,0,0,1,0,0,0,0,0,0,0,0,0,0,0,0,0,0,308.8,1019.72,2,0,0.06,0.06,4107,15.38,0.08,0.06,49.13,FLYING,X10-F,0:/Integrated Flight Computer/aircraft/x10_f_cfg.ks (inferred preloaded)
344.4,CRUISE,,150.15,80,-70.15,1055.11,0.76,15.64,16.3,357.8,19.126,0.3501,0,19.276,1,0.6,4.5,4.188,0.35,0.0168,0.4,0,30.628,0,0.153,0,0,0,0,0,0.29,0,0,3.84,90.32,0.7482,-0.0068,-0.6635,7,90.4,0,0,0,0,0,0,3,0,0,0,69,0,0,0,90.4,1,0,0,0,0,3,0,0,0,11.5,-7.947,0,0,0,0,0,0,VALID,0,0,0,0,0,1,0,0,0,0,0,0,0,0,0,0,0,0,0,0,309.99,1019.54,2,0,0.06,0.06,4111,15.38,0.08,0.06,49.41,FLYING,X10-F,0:/Integrated Flight Computer/aircraft/x10_f_cfg.ks (inferred preloaded)
344.68,CRUISE,,150.16,80,-70.16,1055.2,0.64,15.41,16.11,358.07,19.264,0.3182,0,19.236,1,0.6,4.5,4.188,0.35,0.0168,0.4,0,30.628,0,0.154,0,0,0,0,0,0.25,0,0,3.84,90.32,0.7482,-0.0068,-0.6635,7,90.4,0,0,0,0,0,0,3,0,0,0,69,0,0,0,90.4,1,0,0,0,0,3,0,0,0,11.5,-7.947,0,0,0,0,0,0,VALID,0,0,0,0,0,1,0,0,0,0,0,0,0,0,0,0,0,0,0,0,312.44,1019.56,2,0,0.06,0.06,4115,15.38,0.08,0.06,49.69,FLYING,X10-F,0:/Integrated Flight Computer/aircraft/x10_f_cfg.ks (inferred preloaded)
344.96,CRUISE,,150.21,80,-70.21,1054.75,0.57,15.68,16.44,358.54,19.357,0.2747,0,19.184,1,0.6,4.5,4.188,0.35,0.0168,0.4,0,30.62,0,0.205,0,0,0,0,0,0.21,0,0,3.84,90.32,0.7482,-0.0068,-0.6635,7,90.4,0,0,0,0,0,0,3,0,0,0,69,0,0,0,90.4,1,0,0,0,0,3,0,0,0,11.5,-7.947,0,0,0,0,0,0,VALID,0,0,0,0,0,1,0,0,0,0,0,0,0,0,0,0,0,0,0,0,311.81,1019.76,2,0,0.06,0.06,4119,15.38,0.08,0.06,49.97,FLYING,X10-F,0:/Integrated Flight Computer/aircraft/x10_f_cfg.ks (inferred preloaded)
345.24,CRUISE,,150.14,80,-70.14,1054.06,0.8,15.61,16.27,358.82,19.277,0.3475,0,19.134,1,0.6,4.5,4.188,0.35,0.0168,0.4,0,30.629,0,0.146,0,0,0,0,0,0.31,0,0,3.84,90.32,0.7482,-0.0068,-0.6635,7,90.4,0,0,0,0,0,0,3,0,0,0,69,0,0,0,90.4,1,0,0,0,0,3,0,0,0,11.5,-7.947,0,0,0,0,0,0,VALID,0,0,0,0,0,1,0,0,0,0,0,0,0,0,0,0,0,0,0,0,310.27,1019.46,2,0,0.06,0.06,4123,15.38,0.08,0.06,50.25,FLYING,X10-F,0:/Integrated Flight Computer/aircraft/x10_f_cfg.ks (inferred preloaded)
345.52,CRUISE,,150.16,80,-70.16,1052.24,0.65,15.43,16.12,359.06,19.242,0.31,0,19.094,1,0.6,4.5,4.188,0.35,0.0168,0.4,0,30.627,0,0.155,0,0,0,0,0,0.26,0,0,3.84,90.32,0.7482,-0.0068,-0.6635,7,90.4,0,0,0,0,0,0,3,0,0,0,69,0,0,0,90.4,1,0,0,0,0,3,0,0,0,11.5,-7.947,0,0,0,0,0,0,VALID,0,0,0,0,0,1,0,0,0,0,0,0,0,0,0,0,0,0,0,0,312.42,1019.52,2,0,0.06,0.06,4127,15.38,0.08,0.06,50.53,FLYING,X10-F,0:/Integrated Flight Computer/aircraft/x10_f_cfg.ks (inferred preloaded)
345.8,CRUISE,,150.19,80,-70.19,1051.27,0.71,15.66,16.35,359.45,19.121,0.2812,0,19.042,1,0.6,4.5,4.188,0.35,0.0168,0.4,0,30.622,0,0.195,0,0,0,0,0,0.26,0,0,3.84,90.32,0.7482,-0.0068,-0.6635,7,90.4,0,0,0,0,0,0,3,0,0,0,69,0,0,0,90.4,1,0,0,0,0,3,0,0,0,11.5,-7.947,0,0,0,0,0,0,VALID,0,0,0,0,0,1,0,0,0,0,0,0,0,0,0,0,0,0,0,0,311.29,1019.66,2,0,0.06,0.06,4131,15.38,0.08,0.06,50.81,FLYING,X10-F,0:/Integrated Flight Computer/aircraft/x10_f_cfg.ks (inferred preloaded)
346.08,CRUISE,,150.16,80,-70.16,1048.77,0.77,15.48,16.12,359.68,19.039,0.3249,0,18.996,1,0.6,4.5,4.188,0.35,0.0168,0.4,0,30.628,0,0.154,0,0,0,0,0,0.3,0,0,3.84,90.32,0.7482,-0.0068,-0.6635,7,90.4,0,0,0,0,0,0,3,0,0,0,69,0,0,0,90.4,1,0,0,0,0,3,0,0,0,11.5,-7.947,0,0,0,0,0,0,VALID,0,0,0,0,0,1,0,0,0,0,0,0,0,0,0,0,0,0,0,0,310.6,1019.47,2,0,0.06,0.06,4135,15.38,0.08,0.06,51.09,FLYING,X10-F,0:/Integrated Flight Computer/aircraft/x10_f_cfg.ks (inferred preloaded)
346.36,CRUISE,,150.2,80,-70.2,1048.23,0.61,15.58,16.27,360,18.895,0.2768,0,18.945,1,0.6,4.5,4.188,0.35,0.0168,0.4,0,30.621,0,0.199,0,0,0,0,0,0.23,0,0,3.84,90.32,0.7482,-0.0068,-0.6635,7,90.4,0,0,0,0,0,0,3,0,0,0,69,0,0,0,90.4,1,0,0,0,0,3,0,0,0,11.5,-7.947,0,0,0,0,0,0,VALID,0,0,0,0,0,1,0,0,0,0,0,0,0,0,0,0,0,0,0,0,310.75,1019.66,2,0,0.06,0.06,4139,15.38,0.08,0.06,51.37,FLYING,X10-F,0:/Integrated Flight Computer/aircraft/x10_f_cfg.ks (inferred preloaded)
346.64,CRUISE,,150.18,80,-70.18,1047.75,0.83,15.62,16.22,0.29,18.797,0.3143,0,18.89,1,0.6,4.5,4.188,0.35,0.0168,0.4,0,30.624,0,0.182,0,0,0,0,0,0.32,0,0,3.84,90.32,0.7482,-0.0068,-0.6635,7,90.4,0,0,0,0,0,0,3,0,0,0,69,0,0,0,90.4,1,0,0,0,0,3,0,0,0,11.5,-7.947,0,0,0,0,0,0,VALID,0,0,0,0,0,1,0,0,0,0,0,0,0,0,0,0,0,0,0,0,308.36,1019.54,2,0,0.06,0.06,4143,15.38,0.08,0.06,51.65,FLYING,X10-F,0:/Integrated Flight Computer/aircraft/x10_f_cfg.ks (inferred preloaded)
346.92,CRUISE,,150.19,80,-70.19,1045.08,0.7,15.52,16.16,0.56,18.795,0.2971,0,18.84,1,0.6,4.5,4.188,0.35,0.0168,0.4,0,30.623,0,0.186,0,0,0,0,0,0.27,0,0,3.84,90.32,0.7482,-0.0068,-0.6635,7,90.4,0,0,0,0,0,0,3,0,0,0,69,0,0,0,90.4,1,0,0,0,0,3,0,0,0,11.5,-7.947,0,0,0,0,0,0,VALID,0,0,0,0,0,1,0,0,0,0,0,0,0,0,0,0,0,0,0,0,309.08,1019.57,2,0,0.06,0.06,4147,15.38,0.08,0.06,51.93,FLYING,X10-F,0:/Integrated Flight Computer/aircraft/x10_f_cfg.ks (inferred preloaded)
347.2,CRUISE,,150.2,80,-70.2,1047.43,0.84,15.64,16.23,0.89,18.689,0.2959,0,18.783,1,0.6,4.5,4.188,0.35,0.0168,0.4,0,30.621,0,0.2,0,0,0,0,0,0.32,0,0,3.84,90.32,0.7482,-0.0068,-0.6635,7,90.4,0,0,0,0,0,0,3,0,0,0,69,0,0,0,90.4,1,0,0,0,0,3,0,0,0,11.5,-7.947,0,0,0,0,0,0,VALID,0,0,0,0,0,1,0,0,0,0,0,0,0,0,0,0,0,0,0,0,307.67,1019.58,2,0,0.06,0.06,4151,15.38,0.08,0.06,52.21,FLYING,X10-F,0:/Integrated Flight Computer/aircraft/x10_f_cfg.ks (inferred preloaded)
347.48,CRUISE,,150.19,80,-70.19,1050.62,0.74,15.57,16.18,1.17,18.66,0.2982,0,18.731,1,0.6,4.5,4.188,0.35,0.0168,0.4,0,30.622,0,0.192,0,0,0,0,0,0.29,0,0,3.84,90.32,0.7482,-0.0068,-0.6635,7,90.4,0,0,0,0,0,0,3,0,0,0,69,0,0,0,90.4,1,0,0,0,0,3,0,0,0,11.5,-7.947,0,0,0,0,0,0,VALID,0,0,0,0,0,1,0,0,0,0,0,0,0,0,0,0,0,0,0,0,307.73,1019.55,2,0,0.06,0.06,4155,15.38,0.08,0.06,52.49,FLYING,X10-F,0:/Integrated Flight Computer/aircraft/x10_f_cfg.ks (inferred preloaded)
347.76,CRUISE,,150.2,80,-70.2,1050.6,0.87,15.64,16.21,1.49,18.577,0.2995,0,18.674,1,0.6,4.5,4.188,0.35,0.0168,0.4,0,30.621,0,0.199,0,0,0,0,0,0.33,0,0,3.84,90.32,0.7482,-0.0068,-0.6635,7,90.4,0,0,0,0,0,0,3,0,0,0,69,0,0,0,90.4,1,0,0,0,0,3,0,0,0,11.5,-7.947,0,0,0,0,0,0,VALID,0,0,0,0,0,1,0,0,0,0,0,0,0,0,0,0,0,0,0,0,306.65,1019.54,2,0,0.06,0.06,4159,15.38,0.08,0.06,52.77,FLYING,X10-F,0:/Integrated Flight Computer/aircraft/x10_f_cfg.ks (inferred preloaded)
348.04,CRUISE,,150.2,80,-70.2,1050.14,0.76,15.59,16.18,1.77,18.558,0.2952,0,18.621,1,0.6,4.5,4.188,0.35,0.0168,0.4,0,30.622,0,0.196,0,0,0,0,0,0.3,0,0,3.84,90.32,0.7482,-0.0068,-0.6635,7,90.4,0,0,0,0,0,0,3,0,0,0,69,0,0,0,90.4,1,0,0,0,0,3,0,0,0,11.5,-7.947,0,0,0,0,0,0,VALID,0,0,0,0,0,1,0,0,0,0,0,0,0,0,0,0,0,0,0,0,306.87,1019.54,2,0,0.06,0.06,4163,15.38,0.08,0.06,53.05,FLYING,X10-F,0:/Integrated Flight Computer/aircraft/x10_f_cfg.ks (inferred preloaded)
348.32,CRUISE,,150.19,80,-70.19,1051.53,0.95,15.71,16.25,2.1,18.453,0.3016,0,18.564,1,0.6,4.5,4.188,0.35,0.0168,0.4,0,30.621,0,0.199,0,0,0,0,0,0.35,0,0,3.84,90.32,0.7482,-0.0068,-0.6635,7,90.4,0,0,0,0,0,0,3,0,0,0,69,0,0,0,90.4,1,0,0,0,0,3,0,0,0,11.5,-7.947,0,0,0,0,0,0,VALID,0,0,0,0,0,1,0,0,0,0,0,0,0,0,0,0,0,0,0,0,305.68,1019.5,2,0,0.06,0.06,4167,15.38,0.08,0.06,53.33,FLYING,X10-F,0:/Integrated Flight Computer/aircraft/x10_f_cfg.ks (inferred preloaded)
348.6,CRUISE,,150.15,80,-70.15,1052.85,0.97,15.32,15.8,2.22,18.156,0.3312,0,18.519,1,0.6,4.5,4.188,0.35,0.0168,0.4,0,30.628,0,0.149,0,0,0,0,0,0.37,0,0,3.84,90.32,0.7482,-0.0068,-0.6635,7,90.4,0,0,0,0,0,0,3,0,0,0,69,0,0,0,90.4,1,0,0,0,0,3,0,0,0,11.5,-7.947,0,0,0,0,0,0,VALID,0,0,0,0,0,1,0,0,0,0,0,0,0,0,0,0,0,0,0,0,306.78,1019.29,2,0,0.06,0.06,4171,15.38,0.08,0.06,53.61,FLYING,X10-F,0:/Integrated Flight Computer/aircraft/x10_f_cfg.ks (inferred preloaded)
348.88,CRUISE,,150.21,80,-70.21,1054.2,0.8,15.14,15.63,2.32,17.288,0.2643,0,18.469,1,0.6,4.5,4.188,0.35,0.0168,0.4,0,30.62,0,0.204,0,0,0,0,0,0.31,0,0,3.84,90.33,0.7482,-0.0068,-0.6635,7,90.4,0,0,0,0,0,0,3,0,0,0,69,0,0,0,90.4,1,0,0,0,0,3,0,0,0,11.5,-7.947,0,0,0,0,0,0,VALID,0,0,0,0,0,1,0,0,0,0,0,0,0,0,0,0,0,0,0,0,307.29,1019.52,2,0,0.06,0.06,4175,15.38,0.08,0.06,53.89,FLYING,X10-F,0:/Integrated Flight Computer/aircraft/x10_f_cfg.ks (inferred preloaded)
349.16,CRUISE,,150.23,80,-70.23,1055.03,0.86,15.03,15.38,2.23,15.262,0.2654,0,18.405,1,0.6,4.5,4.188,0.35,0.0168,0.4,0,30.616,0,0.232,0,0,0,0,0,0.33,0,0,3.84,90.33,0.7482,-0.0068,-0.6635,7,90.4,0,0,0,0,0,0,3,0,0,0,69,0,0,0,90.4,1,0,0,0,0,3,0,0,0,11.5,-7.947,0,0,0,0,0,0,VALID,0,0,0,0,0,1,0,0,0,0,0,0,0,0,0,0,0,0,0,0,303.17,1019.6,2,0,0.06,0.06,4179,15.38,0.08,0.06,54.17,FLYING,X10-F,0:/Integrated Flight Computer/aircraft/x10_f_cfg.ks (inferred preloaded)
349.44,CRUISE,,150.31,80,-70.31,1054.98,0.65,14.96,15.24,2,13.608,0.2182,0,18.33,1,0.6,4.5,4.188,0.35,0.0168,0.4,0,30.606,0,0.301,0,0,0,0,0,0.25,0,0,3.84,90.33,0.7482,-0.0068,-0.6635,7,90.4,0,0,0,0,0,0,3,0,0,0,69,0,0,0,90.4,1,0,0,0,0,3,0,0,0,11.5,-7.947,0,0,0,0,0,0,VALID,0,0,0,0,0,1,0,0,0,0,0,0,0,0,0,0,0,0,0,0,299.25,1019.9,2,0,0.06,0.06,4183,15.38,0.08,0.06,54.45,FLYING,X10-F,0:/Integrated Flight Computer/aircraft/x10_f_cfg.ks (inferred preloaded)
349.72,CRUISE,,150.39,80,-70.39,1053.7,0.59,15.31,15.56,1.95,12.841,0.1937,0,18.231,1,0.6,4.5,4.188,0.35,0.0168,0.4,0,30.594,0,0.383,0,0,0,0,0,0.22,0,0,3.83,90.33,0.7482,-0.0068,-0.6635,7,90.4,0,0,0,0,0,0,3,0,0,0,69,0,0,0,90.4,1,0,0,0,0,3,0,0,0,11.5,-7.947,0,0,0,0,0,0,VALID,0,0,0,0,0,1,0,0,0,0,0,0,0,0,0,0,0,0,0,0,291.07,1020.23,2,0,0.06,0.06,4187,15.38,0.08,0.06,54.73,FLYING,X10-F,0:/Integrated Flight Computer/aircraft/x10_f_cfg.ks (inferred preloaded)
350,CRUISE,,150.38,80,-70.38,1051.43,0.69,15.44,15.59,1.91,12.094,0.2448,0,18.122,1,0.6,4.5,4.188,0.35,0.0168,0.4,0,30.594,0,0.385,0,0,0,0,0,0.26,0,0,3.83,90.33,0.7482,-0.0068,-0.6635,7,90.4,0,0,0,0,0,0,3,0,0,0,69,0,0,0,90.4,1,0,0,0,0,3,0,0,0,11.5,-7.947,0,0,0,0,0,0,VALID,0,0,0,0,0,1,0,0,0,0,0,0,0,0,0,0,0,0,0,0,283.73,1020.21,2,0,0.06,0.06,4191,15.38,0.08,0.06,55.01,FLYING,X10-F,0:/Integrated Flight Computer/aircraft/x10_f_cfg.ks (inferred preloaded)
350.28,CRUISE,,150.38,80,-70.38,1051.46,0.76,15.37,15.45,1.84,11.141,0.2672,0,18.015,1,0.6,4.5,4.188,0.35,0.0168,0.4,0,30.595,0,0.379,0,0,0,0,0,0.29,0,0,3.83,90.33,0.7482,-0.0068,-0.6635,7,90.4,0,0,0,0,0,0,3,0,0,0,69,0,0,0,90.4,1,0,0,0,0,3,0,0,0,11.5,-7.947,0,0,0,0,0,0,VALID,0,0,0,0,0,1,0,0,0,0,0,0,0,0,0,0,0,0,0,0,281.19,1020.16,2,0,0.06,0.06,4195,15.38,0.08,0.06,55.29,FLYING,X10-F,0:/Integrated Flight Computer/aircraft/x10_f_cfg.ks (inferred preloaded)
350.56,CRUISE,,150.36,80,-70.36,1051.8,0.78,15.09,15.08,1.62,9.359,0.2813,0,17.913,1,0.6,4.5,4.188,0.35,0.0168,0.4,0,30.597,0,0.363,0,0,0,0,0,0.3,0,0,3.83,90.33,0.7482,-0.0068,-0.6635,7,90.4,0,0,0,0,0,0,3,0,0,0,69,0,0,0,90.4,1,0,0,0,0,3,0,0,0,11.5,-7.947,0,0,0,0,0,0,VALID,0,0,0,0,0,1,0,0,0,0,0,0,0,0,0,0,0,0,0,0,281.03,1020.08,2,0,0.06,0.06,4199,15.38,0.08,0.06,55.57,FLYING,X10-F,0:/Integrated Flight Computer/aircraft/x10_f_cfg.ks (inferred preloaded)
350.84,CRUISE,,150.41,80,-70.41,1055.35,0.57,14.85,14.84,1.39,8.541,0.2389,0,17.806,1,0.6,4.5,4.188,0.35,0.0168,0.4,0,30.592,0,0.403,0,0,0,0,0,0.23,0,0,3.83,90.33,0.7482,-0.0068,-0.6635,7,90.4,0,0,0,0,0,0,3,0,0,0,69,0,0,0,90.4,1,0,0,0,0,3,0,0,0,11.5,-7.947,0,0,0,0,0,0,VALID,0,0,0,0,0,1,0,0,0,0,0,0,0,0,0,0,0,0,0,0,280.75,1020.25,2,0,0.06,0.06,4203,15.38,0.08,0.06,55.85,FLYING,X10-F,0:/Integrated Flight Computer/aircraft/x10_f_cfg.ks (inferred preloaded)
351.12,CRUISE,,150.48,80,-70.48,1057.71,0.27,15.2,15.27,1.32,7.834,0.1954,0,17.679,1,0.6,4.5,4.188,0.35,0.0168,0.4,0,30.581,0,0.479,0,0,0,0,0,0.11,0,0,3.83,90.33,0.7482,-0.0068,-0.6635,7,90.4,0,0,0,0,0,0,3,0,0,0,69,0,0,0,90.4,1,0,0,0,0,3,0,0,0,11.5,-7.947,0,0,0,0,0,0,VALID,0,0,0,0,0,1,0,0,0,0,0,0,0,0,0,0,0,0,0,0,275.81,1020.57,2,0,0.06,0.06,4207,15.38,0.08,0.06,56.13,FLYING,X10-F,0:/Integrated Flight Computer/aircraft/x10_f_cfg.ks (inferred preloaded)
351.4,CRUISE,,150.46,80,-70.46,1058.94,0.52,15.67,15.64,1.3,7.138,0.2498,0,17.544,1,0.6,4.5,4.188,0.35,0.0168,0.4,0,30.582,0,0.467,0,0,0,0,0,0.19,0,0,3.83,90.33,0.7482,-0.0068,-0.6635,7,90.4,0,0,0,0,0,0,3,0,0,0,69,0,0,0,90.4,1,0,0,0,0,3,0,0,0,11.5,-7.947,0,0,0,0,0,0,VALID,0,0,0,0,0,1,0,0,0,0,0,0,0,0,0,0,0,0,0,0,269.38,1020.46,2,0,0.06,0.06,4211,15.38,0.08,0.06,56.41,FLYING,X10-F,0:/Integrated Flight Computer/aircraft/x10_f_cfg.ks (inferred preloaded)
351.68,CRUISE,,150.38,80,-70.38,1060.07,0.57,15.53,15.44,1.19,6.437,0.3213,0,17.43,1,0.6,4.5,4.188,0.35,0.0168,0.4,0,30.595,0,0.38,0,0,0,0,0,0.22,0,0,3.83,90.33,0.7482,-0.0068,-0.6635,7,90.4,0,0,0,0,0,0,3,0,0,0,69,0,0,0,90.4,1,0,0,0,0,3,0,0,0,11.5,-7.947,0,0,0,0,0,0,VALID,0,0,0,0,0,1,0,0,0,0,0,0,0,0,0,0,0,0,0,0,269.98,1020.1,2,0,0.06,0.06,4215,15.38,0.08,0.06,56.69,FLYING,X10-F,0:/Integrated Flight Computer/aircraft/x10_f_cfg.ks (inferred preloaded)
351.96,CRUISE,,150.38,80,-70.38,1061.4,0.48,15.46,15.38,1.09,5.747,0.2891,0,17.325,1,0.6,4.5,4.188,0.35,0.0168,0.4,0,30.596,0,0.375,0,0,0,0,0,0.19,0,0,3.83,90.33,0.7482,-0.0068,-0.6635,7,90.4,0,0,0,0,0,0,3,0,0,0,69,0,0,0,90.4,1,0,0,0,0,3,0,0,0,11.5,-7.947,0,0,0,0,0,0,VALID,0,0,0,0,0,1,0,0,0,0,0,0,0,0,0,0,0,0,0,0,272.61,1020.07,2,0,0.06,0.06,4219,15.38,0.08,0.06,56.97,FLYING,X10-F,0:/Integrated Flight Computer/aircraft/x10_f_cfg.ks (inferred preloaded)
352.24,CRUISE,,150.36,80,-70.36,1061.77,0.65,15.53,15.39,1,5.081,0.2876,0,17.22,1,0.6,4.5,4.188,0.35,0.0168,0.4,0,30.597,0,0.365,0,0,0,0,0,0.24,0,0,3.83,90.33,0.7482,-0.0068,-0.6635,7,90.4,0,0,0,0,0,0,3,0,0,0,69,0,0,0,90.4,1,0,0,0,0,3,0,0,0,11.5,-7.947,0,0,0,0,0,0,VALID,0,0,0,0,0,1,0,0,0,0,0,0,0,0,0,0,0,0,0,0,273.34,1019.99,2,0,0.06,0.06,4223,15.38,0.08,0.06,57.25,FLYING,X10-F,0:/Integrated Flight Computer/aircraft/x10_f_cfg.ks (inferred preloaded)
352.52,CRUISE,,150.33,80,-70.33,1062.57,0.54,15.23,15.09,0.86,4.376,0.2909,0,17.127,1,0.6,4.5,4.188,0.35,0.0168,0.4,0,30.602,0,0.33,0,0,0,0,0,0.21,0,0,3.83,90.33,0.7482,-0.0068,-0.6635,7,90.4,0,0,0,0,0,0,3,0,0,0,69,0,0,0,90.4,1,0,0,0,0,3,0,0,0,11.5,-7.947,0,0,0,0,0,0,VALID,0,0,0,0,0,1,0,0,0,0,0,0,0,0,0,0,0,0,0,0,275.11,1019.86,2,0,0.06,0.06,4227,15.38,0.08,0.06,57.53,FLYING,X10-F,0:/Integrated Flight Computer/aircraft/x10_f_cfg.ks (inferred preloaded)
352.8,CRUISE,,150.38,80,-70.38,1065.34,0.4,15.4,15.31,0.75,3.71,0.2371,0,17.026,1,0.6,4.5,4.188,0.35,0.0168,0.4,0,30.596,0,0.376,0,0,0,0,0,0.15,0,0,3.83,90.33,0.7482,-0.0068,-0.6635,7,90.4,0,0,0,0,0,0,3,0,0,0,69,0,0,0,90.4,1,0,0,0,0,3,0,0,0,11.5,-7.947,0,0,0,0,0,0,VALID,0,0,0,0,0,1,0,0,0,0,0,0,0,0,0,0,0,0,0,0,275,1020.04,2,0,0.06,0.06,4231,15.38,0.08,0.06,57.81,FLYING,X10-F,0:/Integrated Flight Computer/aircraft/x10_f_cfg.ks (inferred preloaded)
353.08,CRUISE,,150.35,80,-70.35,1068.13,0.52,15.37,15.22,0.63,3.084,0.2709,0,16.923,1,0.6,4.5,4.188,0.35,0.0168,0.4,0,30.599,0,0.354,0,0,0,0,0,0.2,0,0,3.83,90.33,0.7482,-0.0068,-0.6635,7,90.4,0,0,0,0,0,0,3,0,0,0,69,0,0,0,90.4,1,0,0,0,0,3,0,0,0,11.5,-7.947,0,0,0,0,0,0,VALID,0,0,0,0,0,1,0,0,0,0,0,0,0,0,0,0,0,0,0,0,272.52,1019.92,2,0,0.06,0.06,4235,15.38,0.08,0.06,58.09,FLYING,X10-F,0:/Integrated Flight Computer/aircraft/x10_f_cfg.ks (inferred preloaded)
353.36,CRUISE,,150.37,80,-70.37,1070.23,0.41,15.39,15.27,0.51,2.533,0.2436,0,16.822,1,0.6,4.5,4.188,0.35,0.0168,0.4,0,30.596,0,0.373,0,0,0,0,0,0.15,0,0,3.83,90.33,0.7482,-0.0068,-0.6635,7,90.4,0,0,0,0,0,0,3,0,0,0,69,0,0,0,90.4,1,0,0,0,0,3,0,0,0,11.5,-7.947,0,0,0,0,0,0,VALID,0,0,0,0,0,1,0,0,0,0,0,0,0,0,0,0,0,0,0,0,272.23,1020,2,0,0.06,0.06,4239,15.38,0.08,0.06,58.37,FLYING,X10-F,0:/Integrated Flight Computer/aircraft/x10_f_cfg.ks (inferred preloaded)
353.64,CRUISE,,150.37,80,-70.37,1072.08,0.43,15.36,15.22,0.41,2.063,0.2532,0,16.717,1,0.6,4.5,4.188,0.35,0.0168,0.4,0,30.596,0,0.37,0,0,0,0,0,0.17,0,0,3.83,90.33,0.7482,-0.0068,-0.6635,7,90.4,0,0,0,0,0,0,3,0,0,0,69,0,0,0,90.4,1,0,0,0,0,3,0,0,0,11.5,-7.947,0,0,0,0,0,0,VALID,0,0,0,0,0,1,0,0,0,0,0,0,0,0,0,0,0,0,0,0,270.15,1019.97,2,0,0.06,0.06,4243,15.38,0.08,0.06,58.65,FLYING,X10-F,0:/Integrated Flight Computer/aircraft/x10_f_cfg.ks (inferred preloaded)
353.92,CRUISE,,150.38,80,-70.38,1074.16,0.44,15.38,15.23,0.32,1.674,0.2443,0,16.611,1,0.6,4.5,4.188,0.35,0.0168,0.4,0,30.595,0,0.383,0,0,0,0,0,0.17,0,0,3.83,90.33,0.7482,-0.0068,-0.6635,7,90.4,0,0,0,0,0,0,3,0,0,0,69,0,0,0,90.4,1,0,0,0,0,3,0,0,0,11.5,-7.947,0,0,0,0,0,0,VALID,0,0,0,0,0,1,0,0,0,0,0,0,0,0,0,0,0,0,0,0,268.5,1020.01,2,0,0.06,0.06,4247,15.38,0.08,0.06,58.93,FLYING,X10-F,0:/Integrated Flight Computer/aircraft/x10_f_cfg.ks (inferred preloaded)
354.2,CRUISE,,150.39,80,-70.39,1074.33,0.42,15.38,15.25,0.24,1.355,0.2439,0,16.504,1,0.6,4.5,4.188,0.35,0.0168,0.4,0,30.594,0,0.385,0,0,0,0,0,0.16,0,0,3.83,90.33,0.7482,-0.0068,-0.6635,7,90.4,0,0,0,0,0,0,3,0,0,0,69,0,0,0,90.4,1,0,0,0,0,3,0,0,0,11.5,-7.947,0,0,0,0,0,0,VALID,0,0,0,0,0,1,0,0,0,0,0,0,0,0,0,0,0,0,0,0,266.84,1020.01,2,0,0.06,0.06,4251,15.38,0.08,0.06,59.21,FLYING,X10-F,0:/Integrated Flight Computer/aircraft/x10_f_cfg.ks (inferred preloaded)
354.48,CRUISE,,150.38,80,-70.38,1074.33,0.39,15.38,15.25,0.18,1.099,0.247,0,16.397,1,0.6,4.5,4.188,0.35,0.0168,0.4,0,30.595,0,0.383,0,0,0,0,0,0.15,0,0,3.83,90.33,0.7482,-0.0068,-0.6635,7,90.4,0,0,0,0,0,0,3,0,0,0,69,0,0,0,90.4,1,0,0,0,0,3,0,0,0,11.5,-7.947,0,0,0,0,0,0,VALID,0,0,0,0,0,1,0,0,0,0,0,0,0,0,0,0,0,0,0,0,265.44,1019.99,2,0,0.06,0.06,4255,15.38,0.08,0.06,59.49,FLYING,X10-F,0:/Integrated Flight Computer/aircraft/x10_f_cfg.ks (inferred preloaded)
354.76,CRUISE,,150.38,80,-70.38,1072.66,0.38,15.38,15.25,0.13,0.894,0.2494,0,16.291,1,0.6,4.5,4.188,0.35,0.0168,0.4,0,30.595,0,0.378,0,0,0,0,0,0.14,0,0,3.83,90.33,0.7482,-0.0068,-0.6635,7,90.4,0,0,0,0,0,0,3,0,0,0,69,0,0,0,90.4,1,0,0,0,0,3,0,0,0,11.5,-7.947,0,0,0,0,0,0,VALID,0,0,0,0,0,1,0,0,0,0,0,0,0,0,0,0,0,0,0,0,264.34,1019.96,2,0,0.06,0.06,4259,15.38,0.08,0.06,59.77,FLYING,X10-F,0:/Integrated Flight Computer/aircraft/x10_f_cfg.ks (inferred preloaded)
355.02,APPROACH,FLY_TO_FIX,150.37,140,-10.37,1071.38,0.35,15.38,15.26,0.09,0.731,0,0,0,1,0.6,4.5,4.188,0.35,0.0168,0.4,0,30.596,0,0,0,0,0,0,0,0.13,0,0,3.83,90.33,0.7482,-0.0068,-0.6635,7,90.4,0,0,0,0,0,0,4,0,0,0,81.27,0,0,0,90.4,1,0,0,0,0,3,0,0,0,11.5,-7.947,0,0,0,0,0,0,VALID,0,0,0,0,0,1,0,0,0,0,0,0,0,0,0,0,0,0,0,0,263.6,1019.92,2,0,0.06,0.06,4263,15.38,0.08,0.06,0.02,FLYING,X10-F,0:/Integrated Flight Computer/aircraft/x10_f_cfg.ks (inferred preloaded)
355.3,APPROACH,FLY_TO_FIX,150.35,140.26,-10.1,1070.49,0.32,15.38,15.27,0.06,0.585,0,0,0,1,0.6,1.377,0.75,0.35,0.0168,0.4,4,22.354,10.392,10.1,1,54.95,-0.097,0,0,0.12,54.89,1,-0.1,54.92,0.7482,-0.0068,-0.6635,7,90.4,0,0,29.215,0,0,0,4,0,0,0,2124.19,0,0,0,90.4,1,0,0,0,0,3,0,0,0,11.5,-7.947,0,0,1,2,0,0,VALID,0,0,0,0,0,1,0,0,0,0,0,0,0,0,0,0,0,0,0,0,242.18,1019.84,2,0,0.1,0.1,4266,10.71,0.1,0.06,0.28,FLYING,X10-F,0:/Integrated Flight Computer/aircraft/x10_f_cfg.ks (inferred preloaded)
355.56,APPROACH,FLY_TO_FIX,150.26,140.67,-9.59,1068.46,0.41,15.45,15.31,0.13,1.591,0,0,0,1,0.6,3.056,0.75,0.35,0.0168,0.4,9.796,22.378,9.796,9.598,1,55.07,-0.119,0,0,0.15,54.94,1,-0.1,55.03,0.7482,-0.0068,-0.6635,7,90.4,0,0,29.215,0,0,0,4,0,0,0,2124.19,0,0,0,90.4,1,0,0,0,0,3,0,0,0,11.5,-7.947,0,0,2,2,0,0,VALID,0,0,0,0,0,1,0,0,0,0,0,0,0,0,0,0,0,0,0,0,220.97,1019.42,2,0,0.08,0.08,4269,11.54,0.1,0.08,0.54,FLYING,X10-F,0:/Integrated Flight Computer/aircraft/x10_f_cfg.ks (inferred preloaded)
355.84,APPROACH,FLY_TO_FIX,150.03,141.12,-8.91,1065.05,0.48,15.3,15.11,0.54,5.336,0,0,0,1,0.6,4.361,0.75,0.35,0.0168,0.4,9.011,22.441,9.011,8.929,1,55.19,-0.143,0,0,0.18,54.66,1,-0.13,55.15,0.7482,-0.0068,-0.6635,7,90.4,0,0,29.215,0,0,0,4,0,0,0,2124.2,0,0,0,90.4,1,0,0,0,0,3,0,0,0,11.5,-7.947,0,0,2,2,0,0,VALID,0,0,0,0,0,1,0,0,0,0,0,0,0,0,0,0,0,0,0,0,200.08,1018.43,2,0,0.1,0.1,4272,10.71,0.1,0.08,0.82,FLYING,X10-F,0:/Integrated Flight Computer/aircraft/x10_f_cfg.ks (inferred preloaded)
356.1,APPROACH,FLY_TO_FIX,149.78,141.54,-8.25,1063.16,0.53,14.98,14.73,1.2,10.585,0,0,0,1,0.6,4.5,0.75,0.35,0.0168,0.4,8.234,22.51,8.234,8.267,1,55.31,-0.16,0,0,0.21,54.12,1,-0.16,55.28,0.7482,-0.0068,-0.6635,7,90.4,0,0,29.215,0,0,0,4,0,0,0,2124.21,0,0,0,90.4,1,0,0,0,0,3,0,0,0,11.5,-7.947,0,0,2,2,0,0,VALID,0,0,0,0,0,1,0,0,0,0,0,0,0,0,0,0,0,0,0,0,182.43,1017.36,2,0,0.08,0.08,4275,11.54,0.1,0.08,1.08,FLYING,X10-F,0:/Integrated Flight Computer/aircraft/x10_f_cfg.ks (inferred preloaded)
356.38,APPROACH,FLY_TO_FIX,149.53,141.98,-7.55,1060.7,0.34,14.45,14.35,2.03,13.922,0,0,-1.554,1,0.6,4.5,0.75,0.35,0.0168,0.4,7.402,22.582,7.402,7.564,1,55.44,-0.108,0,0,0.15,53.41,1,-0.13,55.39,0.7482,-0.0068,-0.6635,7,90.4,0,0,29.215,0,0,0,4,0,0,0,2124.21,0,0,0,90.4,1,0,0,0,0,3,0,0,0,11.5,-7.947,0,0,2,2,0,0,VALID,0,0,0,0,0,1,0,0,0,0,0,0,0,0,0,0,0,0,0,0,165.16,1016.25,2,0,0.1,0.1,4278,10.71,0.1,0.08,1.36,FLYING,X10-F,0:/Integrated Flight Computer/aircraft/x10_f_cfg.ks (inferred preloaded)
356.64,APPROACH,FLY_TO_FIX,149.3,142.4,-6.9,1059.96,-0.01,14.29,14.49,2.85,14.417,0,0,-2.246,1,0.6,4.5,0.75,0.35,0.0168,0.4,6.629,22.648,6.629,6.915,1,55.55,-0.003,0,0,0.01,52.7,1,-0.04,55.52,0.7482,-0.0068,-0.6635,7,90.4,0,0,29.215,0,0,0,4,0,0,0,2124.2,0,0,0,90.4,1,0,0,0,0,3,0,0,0,11.5,-7.947,0,0,2,2,0,0,VALID,0,0,0,0,0,1,0,0,0,0,0,0,0,0,0,0,0,0,0,0,150.6,1015.24,2,0,0.08,0.08,4281,11.54,0.1,0.08,1.62,FLYING,X10-F,0:/Integrated Flight Computer/aircraft/x10_f_cfg.ks (inferred preloaded)
356.92,APPROACH,FLY_TO_FIX,148.98,142.85,-6.13,1059.96,-0.28,14.64,15.12,3.71,13.286,0.0165,0,-4.042,1,0.6,4.5,0.75,0.35,0.0168,0.4,5.719,22.736,5.719,6.154,1,55.68,0,0,0,-0.1,51.97,1,0,55.64,0.7482,-0.0068,-0.6635,7,90.4,0,0,29.215,0,0,0,4,0,0,0,2124.18,0,0,0,90.4,1,0,0,0,0,3,0,0,0,11.5,-7.947,0,0,2,2,0,0,VALID,0,0,0,0,0,1,0,0,0,0,0,0,0,0,0,0,0,0,0,0,136.46,1013.88,2,0,0.1,0.1,4284,10.71,0.1,0.08,1.9,FLYING,X10-F,0:/Integrated Flight Computer/aircraft/x10_f_cfg.ks (inferred preloaded)
357.18,APPROACH,FLY_TO_FIX,148.57,143.26,-5.31,1060.02,-0.23,15.25,15.79,4.37,12.502,0.0723,0,-5.504,1,0.6,4.5,0.792,0.35,0.0168,0.4,4.746,22.847,4.746,5.343,1,55.8,0,0,0,-0.1,51.43,1,0,55.76,0.7482,-0.0068,-0.6635,7,90.4,0,0,29.214,0,0,0,4,0,0,0,2124.15,0,0,0,90.4,1,0,0,0,0,3,0,0,0,11.5,-7.947,0,0,2,2,0,0,VALID,0,0,0,0,0,1,0,0,0,0,0,0,0,0,0,0,0,0,0,0,127.01,1012.16,2,0,0.08,0.08,4287,11.54,0.1,0.08,2.16,FLYING,X10-F,0:/Integrated Flight Computer/aircraft/x10_f_cfg.ks (inferred preloaded)
357.46,APPROACH,FLY_TO_FIX,147.97,143.71,-4.26,1060.37,-0.02,15.35,15.75,4.64,14.77,0.176,0,-6.806,1,0.6,4.5,0.822,0.35,0.0168,0.4,0,23.015,0,4.3,0,55.92,0,0,0,-0.02,51.28,1,0,55.88,0.7482,-0.0068,-0.6635,7,90.4,0,0,29.214,0,0,0,4,0,0,0,2124.1,0,0,0,90.4,1,0,0,0,0,3,0,0,0,11.5,-7.947,0,0,2,2,0,0,VALID,0,0,0,0,0,1,0,0,0,0,0,0,0,0,0,0,0,0,0,0,123.99,1009.61,2,0,0.1,0.1,4290,10.71,0.1,0.08,2.44,FLYING,X10-F,0:/Integrated Flight Computer/aircraft/x10_f_cfg.ks (inferred preloaded)
357.72,APPROACH,FLY_TO_FIX,147.46,144.13,-3.34,1058.94,0.02,15.04,15.35,4.86,18.696,0.2703,0,-7.762,1,0.6,4.5,0.822,0.35,0.0168,0.4,0,23.159,0,3.372,0,56.04,-0.007,0,0,0.01,51.18,1,-0.01,56,0.7482,-0.0068,-0.6635,7,90.4,0,0,29.213,0,0,0,4,0,0,0,2124.04,0,0,0,90.4,1,0,0,0,0,3,0,0,0,11.5,-7.947,0,0,2,2,0,0,VALID,0,0,0,0,0,1,0,0,0,0,0,0,0,0,0,0,0,0,0,0,127.79,1007.46,2,0,0.08,0.08,4293,11.54,0.1,0.08,2.7,FLYING,X10-F,0:/Integrated Flight Computer/aircraft/x10_f_cfg.ks (inferred preloaded)
358,APPROACH,FLY_TO_FIX,146.98,144.58,-2.4,1057.01,-0.08,14.53,14.92,5.39,21.615,0.309,0,-8.53,1,0.6,4.5,0.822,0.35,0.0168,0.4,0,23.297,0,2.436,0,56.16,0,0,0,-0.02,50.77,1,0,56.12,0.7482,-0.0068,-0.6635,7,90.4,0,0,29.212,0,0,0,4,0,0,0,2123.96,0,0,0,90.4,1,0,0,0,0,3,0,0,0,11.5,-7.947,0,0,2,2,0,0,VALID,0,0,0,0,0,1,0,0,0,0,0,0,0,0,0,0,0,0,0,0,136.02,1005.4,2,0,0.1,0.1,4296,10.71,0.1,0.08,2.98,FLYING,X10-F,0:/Integrated Flight Computer/aircraft/x10_f_cfg.ks (inferred preloaded)
358.26,APPROACH,FLY_TO_FIX,146.56,144.99,-1.56,1053.98,-0.26,14.07,14.74,6.33,24.954,0.3342,0,-9.016,1,0.6,4.5,0.822,0.35,0.0168,0.4,0,23.417,0,1.595,0,56.28,0,0,0,-0.09,49.95,1,0,56.24,0.7482,-0.0068,-0.6635,7,90.4,0,0,29.211,0,0,0,4,0,0,0,2123.88,0,0,0,90.4,1,0,0,0,0,3,0,0,0,11.5,-7.947,0,0,2,2,0,0,VALID,0,0,0,0,0,1,0,0,0,0,0,0,0,0,0,0,0,0,0,0,144.96,1003.61,2,0,0.08,0.08,4299,11.54,0.1,0.08,3.24,FLYING,X10-F,0:/Integrated Flight Computer/aircraft/x10_f_cfg.ks (inferred preloaded)
358.54,APPROACH,FLY_TO_FIX,146.16,145.44,-0.72,1051.65,-0.63,13.71,14.91,7.69,27.565,0.3405,0,-9.302,1,0.6,4.5,0.822,0.35,0.0168,0.4,0,23.53,0,0.745,0,56.4,0,0,0,-0.22,48.71,1,0,56.36,0.7482,-0.0068,-0.6635,7,90.4,0,0,29.209,0,0,0,4,0,0,0,2123.77,0,0,0,90.4,1,0,0,0,0,3,0,0,0,11.5,-7.947,0,0,2,2,0,0,VALID,0,0,0,0,0,1,0,0,0,0,0,0,0,0,0,0,0,0,0,0,155.25,1001.93,2,0,0.1,0.1,4302,10.71,0.1,0.08,3.52,FLYING,X10-F,0:/Integrated Flight Computer/aircraft/x10_f_cfg.ks (inferred preloaded)
358.8,APPROACH,FLY_TO_FIX,145.8,145.86,0.05,1050.48,-1.02,13.77,15.48,8.95,28.258,0.3587,0,-9.362,1,0.6,4.5,0.822,0.35,0.0168,0.4,0,23.63,0,-0.026,0,56.52,0,0,0,-0.38,47.57,1,0,56.48,0.7482,-0.0068,-0.6635,7,90.4,0,0,29.207,0,0,0,4,0,0,0,2123.65,0,0,0,90.4,1,0,0,0,0,3,0,0,0,11.5,-7.947,0,0,2,2,0,0,VALID,0,0,0,0,0,1,0,0,0,0,0,0,0,0,0,0,0,0,0,0,164.56,1000.45,2,0,0.08,0.08,4305,11.54,0.1,0.08,3.78,FLYING,X10-F,0:/Integrated Flight Computer/aircraft/x10_f_cfg.ks (inferred preloaded)
359.08,APPROACH,FLY_TO_FIX,145.39,146.3,0.92,1049.65,-1.15,14.18,16.31,10.33,28.771,0.423,0,-9.195,1,0.6,4.5,0.822,0.35,0.0168,0.4,0,23.746,0,-0.885,0,56.64,0,0,0,-0.46,46.31,1,0,56.59,0.7482,-0.0068,-0.6635,7,90.4,0,0,29.205,0,0,0,4,0,0,0,2123.5,0,0,0,90.4,1,0,0,0,0,3,0,0,0,11.5,-7.947,0,0,2,2,0,0,VALID,0,0,0,0,0,1,0,0,0,0,0,0,0,0,0,0,0,0,0,0,175.66,998.73,2,0,0.1,0.1,4308,10.71,0.1,0.08,4.06,FLYING,X10-F,0:/Integrated Flight Computer/aircraft/x10_f_cfg.ks (inferred preloaded)
359.34,APPROACH,FLY_TO_FIX,144.92,146.72,1.8,1049.27,-1.04,14.23,16.52,11.39,29.178,0.5269,0,-8.815,1,0.6,4.5,0.822,0.35,0.0168,0.4,0,23.874,0,-1.757,0,56.75,0,0,0,-0.41,45.36,1,0,56.72,0.7482,-0.0068,-0.6635,7,90.4,0,0,29.203,0,0,0,4,0,0,0,2123.33,0,0,0,90.4,1,0,0,0,0,3,0,0,0,11.5,-7.947,0,0,2,2,0,0,VALID,0,0,0,0,0,1,0,0,0,0,0,0,0,0,0,0,0,0,0,0,189.2,996.81,2,0,0.08,0.08,4311,11.54,0.1,0.08,4.32,FLYING,X10-F,0:/Integrated Flight Computer/aircraft/x10_f_cfg.ks (inferred preloaded)
359.62,APPROACH,FLY_TO_FIX,144.42,147.17,2.75,1047.46,-1.09,13.71,16.05,11.97,28.289,0.6389,0,-8.142,1,0.6,4.5,0.822,0.35,0.0168,0.4,0,24.018,0,-2.716,0,56.87,-1.506,0,0,-0.42,44.9,1,-1.52,56.83,0.7482,-0.0068,-0.6635,7,90.4,0,0,29.2,0,0,0,4,0,0,0,2123.12,0,0,0,90.4,1,0,0,0,0,3,0,0,0,11.5,-7.947,0,0,2,2,0,0,VALID,0,0,0,0,0,1,0,0,0,0,0,0,0,0,0,0,0,0,0,0,208.74,994.71,2,0,0.1,0.1,4314,10.71,0.1,0.08,4.6,FLYING,X10-F,0:/Integrated Flight Computer/aircraft/x10_f_cfg.ks (inferred preloaded)
359.88,APPROACH,FLY_TO_FIX,144.07,147.58,3.51,1045.15,-1.28,13.21,15.49,12.1,27.276,0.6603,0,-7.299,1,0.6,4.5,0.822,0.35,0.0168,0.4,0,24.119,0,-3.49,0,56.98,-1.449,0,0,-0.5,44.88,1,-1.47,56.95,0.7482,-0.0068,-0.6635,7,90.4,0,0,29.197,0,0,0,4,0,0,0,2122.9,0,0,0,90.4,1,0,0,0,0,3,0,0,0,11.5,-7.947,0,0,2,2,0,0,VALID,0,0,0,0,0,1,0,0,0,0,0,0,0,0,0,0,0,0,0,0,230.69,993.27,2,0,0.08,0.08,4317,11.54,0.1,0.08,4.86,FLYING,X10-F,0:/Integrated Flight Computer/aircraft/x10_f_cfg.ks (inferred preloaded)
360.16,APPROACH,FLY_TO_FIX,143.8,148.03,4.23,1042.15,-1.45,12.84,14.94,11.99,24.594,0.6315,0,-6.184,1,0.6,4.5,0.822,0.35,0.0168,0.4,0,24.197,0,-4.213,0,57.1,0,0,0,-0.57,45.11,1,-1.41,57.06,0.7482,-0.0068,-0.6635,7,90.4,0,0,29.193,0,0,0,4,0,0,0,2122.63,0,0,0,90.4,1,0,0,0,0,3,0,0,0,11.5,-7.947,0,0,2,2,0,0,VALID,0,0,0,0,0,1,0,0,0,0,0,0,0,0,0,0,0,0,0,0,253.27,992.17,2,0,0.1,0.1,4320,10.71,0.1,0.08,5.14,FLYING,X10-F,0:/Integrated Flight Computer/aircraft/x10_f_cfg.ks (inferred preloaded)
360.42,APPROACH,FLY_TO_FIX,143.66,148.45,4.79,1039.14,-1.62,12.65,14.58,11.76,22.908,0.5743,0,-4.988,1,0.6,4.5,0.822,0.35,0.0168,0.4,0,24.24,0,-4.782,0,57.21,0,0,0,-0.64,45.45,1,0,57.18,0.7482,-0.0068,-0.6635,7,90.4,0,0,29.189,0,0,0,4,0,0,0,2122.37,0,0,0,90.4,1,0,0,0,0,3,0,0,0,11.5,-7.947,0,0,2,2,0,0,VALID,0,0,0,0,0,1,0,0,0,0,0,0,0,0,0,0,0,0,0,0,271.27,991.58,2,0,0.08,0.08,4323,11.54,0.1,0.08,5.4,FLYING,X10-F,0:/Integrated Flight Computer/aircraft/x10_f_cfg.ks (inferred preloaded)
360.7,APPROACH,FLY_TO_FIX,143.56,148.9,5.34,1038.03,-1.77,12.61,14.49,11.78,24.279,0.541,0,-3.546,1,0.6,4.5,0.822,0.35,0.0168,0.4,0,24.269,0,-5.333,0,57.33,0,0,0,-0.7,45.55,1,0,57.29,0.7482,-0.0068,-0.6635,7,90.4,0,0,29.185,0,0,0,4,0,0,0,2122.06,0,0,0,90.4,1,0,0,0,0,3,0,0,0,11.5,-7.947,0,0,2,2,0,0,VALID,0,0,0,0,0,1,0,0,0,0,0,0,0,0,0,0,0,0,0,0,286.85,991.19,2,0,0.1,0.1,4326,10.71,0.1,0.08,5.68,FLYING,X10-F,0:/Integrated Flight Computer/aircraft/x10_f_cfg.ks (inferred preloaded)
360.96,APPROACH,FLY_TO_FIX,143.49,149,5.51,1036.23,-1.89,12.66,14.65,12.26,26.242,0.5137,0,-2.119,1,0.6,4.5,0.822,0.35,0.0168,0.4,0,24.289,0,-5.509,0,57.44,0,0,0,-0.75,45.18,1,0,57.41,0.7482,-0.0068,-0.6635,7,90.4,0,0,29.18,0,0,0,4,0,0,0,2121.75,0,0,0,90.4,1,0,0,0,0,3,0,0,0,11.5,-7.947,0,0,2,2,0,0,VALID,0,0,0,0,0,1,0,0,0,0,0,0,0,0,0,0,0,0,0,0,299.07,990.92,2,0,0.08,0.08,4329,11.54,0.1,0.08,5.94,FLYING,X10-F,0:/Integrated Flight Computer/aircraft/x10_f_cfg.ks (inferred preloaded)
361.24,APPROACH,FLY_TO_FIX,143.42,149,5.58,1036.74,-2.12,12.84,15.17,13.27,27.019,0.5055,0,-0.563,1,0.6,4.5,0.822,0.35,0.0168,0.4,0,24.308,0,-5.577,0,57.56,-1.186,0,0,-0.83,44.28,1,-1.21,57.51,0.7482,-0.0068,-0.6635,7,90.4,0,0,29.175,0,0,0,4,0,0,0,2121.41,0,0,0,90.4,1,0,0,0,0,3,0,0,0,11.5,-7.947,0,0,2,2,0,0,VALID,0,0,0,0,0,1,0,0,0,0,0,0,0,0,0,0,0,0,0,0,310.32,990.67,2,0,0.1,0.1,4332,10.71,0.1,0.08,6.22,FLYING,X10-F,0:/Integrated Flight Computer/aircraft/x10_f_cfg.ks (inferred preloaded)
361.5,APPROACH,FLY_TO_FIX,143.34,149,5.66,1035.06,-2.11,13.19,15.7,14.26,27.304,0.523,0,0.898,1,0.6,4.5,0.822,0.35,0.0168,0.4,0,24.328,0,-5.649,0,57.67,-1.175,0,0,-0.86,43.41,1,-1.16,57.63,0.7482,-0.0068,-0.6635,7,90.4,0,0,29.17,0,0,0,4,0,0,0,2121.07,0,0,0,90.4,1,0,0,0,0,3,0,0,0,11.5,-7.947,0,0,2,2,0,0,VALID,0,0,0,0,0,1,0,0,0,0,0,0,0,0,0,0,0,0,0,0,319.96,990.4,2,0,0.08,0.08,4335,11.54,0.1,0.08,6.48,FLYING,X10-F,0:/Integrated Flight Computer/aircraft/x10_f_cfg.ks (inferred preloaded)
361.78,APPROACH,FLY_TO_FIX,143.13,149,5.87,1032.99,-1.75,12.97,15.22,14.73,26.839,0.6231,0,2.515,1,0.6,4.5,0.822,0.35,0.0168,0.4,0,24.386,0,-5.853,0,57.78,-1.276,0,0,-0.72,43.06,1,-1.24,57.74,0.7482,-0.0068,-0.6635,7,90.4,0,0,29.165,0,0,0,4,0,0,0,2120.67,0,0,0,90.4,1,0,0,0,0,3,0,0,0,11.5,-7.947,0,0,2,2,0,0,VALID,0,0,0,0,0,1,0,0,0,0,0,0,0,0,0,0,0,0,0,0,331.83,989.53,2,0,0.1,0.1,4338,10.71,0.1,0.08,6.76,FLYING,X10-F,0:/Integrated Flight Computer/aircraft/x10_f_cfg.ks (inferred preloaded)
362.04,APPROACH,FLY_TO_FIX,143,149,6,1031.45,-1.72,11.88,13.89,14.53,26.433,0.6709,0,4.067,1,0.6,4.5,0.822,0.35,0.0168,0.4,0,24.427,0,-6,0,57.89,-1.294,0,0,-0.68,43.36,1,-1.3,57.86,0.7482,-0.0068,-0.6635,7,90.4,0,0,29.159,0,0,0,4,0,0,0,2120.27,0,0,0,90.4,1,0,0,0,0,3,0,0,0,11.5,-7.947,0,0,2,2,0,0,VALID,0,0,0,0,0,1,0,0,0,0,0,0,0,0,0,0,0,0,0,0,347.36,989.01,2,0,0.08,0.08,4341,11.54,0.1,0.08,7.02,FLYING,X10-F,0:/Integrated Flight Computer/aircraft/x10_f_cfg.ks (inferred preloaded)
362.32,APPROACH,FLY_TO_FIX,143.13,149,5.87,1029.22,-2.11,10.65,12.55,14.11,24.148,0.5616,0,5.731,1,0.6,4.5,0.822,0.35,0.0168,0.4,0,24.396,0,-5.889,0,58.01,-1.18,0,0,-0.82,43.89,1,-1.23,57.96,0.7482,-0.0068,-0.6635,7,90.4,0,0,29.153,0,0,0,4,0,0,0,2119.82,0,0,0,90.4,1,0,0,0,0,3,0,0,0,11.5,-7.947,0,0,2,2,0,0,VALID,0,0,0,0,0,1,0,0,0,0,0,0,0,0,0,0,0,0,0,0,363.19,989.54,2,0,0.1,0.1,4344,10.71,0.1,0.08,7.3,FLYING,X10-F,0:/Integrated Flight Computer/aircraft/x10_f_cfg.ks (inferred preloaded)
362.58,APPROACH,FLY_TO_FIX,143.39,149,5.61,1027.14,-2.61,9.96,11.85,13.77,22.088,0.4576,0,7.219,1,0.6,4.5,0.822,0.35,0.0168,0.4,0,24.324,0,-5.633,0,58.11,-1.025,0,0,-1.02,44.34,1,-1.07,58.08,0.7482,-0.0068,-0.6635,7,90.4,0,0,29.146,0,0,0,4,0,0,0,2119.38,0,0,0,90.4,1,0,0,0,0,3,0,0,0,11.5,-7.947,0,0,2,2,0,0,VALID,0,0,0,0,0,1,0,0,0,0,0,0,0,0,0,0,0,0,0,0,372.05,990.66,2,0,0.08,0.08,4347,11.54,0.1,0.08,7.56,FLYING,X10-F,0:/Integrated Flight Computer/aircraft/x10_f_cfg.ks (inferred preloaded)
362.86,APPROACH,FLY_TO_FIX,143.74,149,5.26,1024.62,-3.18,9.79,11.81,13.72,21.574,0.3456,0,8.732,1,0.6,4.5,0.822,0.35,0.0168,0.4,0,24.225,0,-5.283,0,58.23,-0.852,0,0,-1.23,44.51,1,-0.92,58.19,0.7482,-0.0068,-0.6635,7,90.4,0,0,29.139,0,0,0,4,0,0,0,2118.89,0,0,0,90.4,1,0,0,0,0,3,0,0,0,11.5,-7.947,0,0,2,2,0,0,VALID,0,0,0,0,0,1,0,0,0,0,0,0,0,0,0,0,0,0,0,0,375.42,992.17,2,0,0.1,0.1,4350,10.71,0.1,0.08,7.84,FLYING,X10-F,0:/Integrated Flight Computer/aircraft/x10_f_cfg.ks (inferred preloaded)
363.12,APPROACH,FLY_TO_FIX,144.07,149,4.93,1022.91,-3.67,10.24,12.49,14.11,21.617,0.2416,0,10.047,1,0.6,4.5,0.822,0.35,0.0168,0.4,0,24.131,0,-4.95,0,58.34,-0.7,0,0,-1.43,44.23,1,-0.74,58.3,0.7482,-0.0068,-0.6635,7,90.4,0,0,29.133,0,0,0,4,0,0,0,2118.41,0,0,0,90.4,1,0,0,0,0,3,0,0,0,11.5,-7.947,0,0,2,2,0,0,VALID,0,0,0,0,0,1,0,0,0,0,0,0,0,0,0,0,0,0,0,0,370.79,993.6,2,0,0.08,0.08,4353,11.54,0.1,0.08,8.1,FLYING,X10-F,0:/Integrated Flight Computer/aircraft/x10_f_cfg.ks (inferred preloaded)
363.4,APPROACH,FLY_TO_FIX,144.36,149,4.64,1018.53,-3.81,11.25,13.65,14.88,21.656,0.1541,0,11.376,1,0.6,4.5,0.822,0.35,0.0168,0.4,0,24.05,0,-4.66,0,58.45,-0.644,0,0,-1.51,43.57,1,-0.64,58.41,0.7482,-0.0068,-0.6635,7,90.4,0,0,29.125,0,0,0,4,0,0,0,2117.89,0,0,0,90.4,1,0,0,0,0,3,0,0,0,11.5,-7.947,0,0,2,2,0,0,VALID,0,0,0,0,0,1,0,0,0,0,0,0,0,0,0,0,0,0,0,0,356.15,994.85,2,0,0.1,0.1,4356,10.71,0.1,0.08,8.38,FLYING,X10-F,0:/Integrated Flight Computer/aircraft/x10_f_cfg.ks (inferred preloaded)
363.66,APPROACH,FLY_TO_FIX,144.5,149,4.5,1014.46,-3.69,12.02,14.43,15.59,21.843,0.2405,0,12.56,1,0.6,4.5,0.822,0.35,0.0168,0.4,0,24.007,0,-4.508,0,58.56,-0.672,0,0,-1.47,42.97,1,-0.65,58.53,0.7482,-0.0068,-0.6635,7,90.4,0,0,29.118,0,0,0,4,0,0,0,2117.39,0,0,0,90.4,1,0,0,0,0,3,0,0,0,11.5,-7.947,0,0,2,2,0,0,VALID,0,0,0,0,0,1,0,0,0,0,0,0,0,0,0,0,0,0,0,0,340.71,995.51,2,0,0.08,0.08,4359,11.54,0.1,0.08,8.64,FLYING,X10-F,0:/Integrated Flight Computer/aircraft/x10_f_cfg.ks (inferred preloaded)
363.94,APPROACH,FLY_TO_FIX,144.53,149,4.47,1010.04,-3.47,12.39,14.72,16.18,22.02,0.3525,0,13.812,1,0.6,4.5,0.822,0.35,0.0168,0.4,0,23.995,0,-4.468,0,58.68,-0.735,0,0,-1.38,42.49,1,-0.71,58.63,0.7482,-0.0068,-0.6635,7,90.4,0,0,29.11,0,0,0,4,0,0,0,2116.82,0,0,0,90.4,1,0,0,0,0,3,0,0,0,11.5,-7.947,0,0,2,2,0,0,VALID,0,0,0,0,0,1,0,0,0,0,0,0,0,0,0,0,0,0,0,0,334.15,995.71,2,0,0.1,0.1,4362,10.71,0.1,0.08,8.92,FLYING,X10-F,0:/Integrated Flight Computer/aircraft/x10_f_cfg.ks (inferred preloaded)
364.2,APPROACH,FLY_TO_FIX,144.54,149,4.46,1007.2,-3.32,12.37,14.65,16.6,22.346,0.4565,0,14.973,1,0.6,4.5,0.822,0.35,0.0168,0.4,0,23.994,0,-4.464,0,58.78,-0.778,0,0,-1.32,42.18,1,-0.77,58.75,0.7482,-0.0068,-0.6635,7,90.4,0,0,29.102,0,0,0,4,0,0,0,2116.28,0,0,0,90.4,1,0,0,0,0,3,0,0,0,11.5,-7.947,0,0,2,2,0,0,VALID,0,0,0,0,0,1,0,0,0,0,0,0,0,0,0,0,0,0,0,0,336.29,995.78,2,0,0.08,0.08,4365,11.54,0.1,0.08,9.18,FLYING,X10-F,0:/Integrated Flight Computer/aircraft/x10_f_cfg.ks (inferred preloaded)
364.48,APPROACH,FLY_TO_FIX,144.57,149,4.43,1005.34,-3.38,12.29,14.65,17.09,22.949,0.5145,0,16.218,1,0.6,4.5,0.822,0.35,0.0168,0.4,0,23.985,0,-4.429,0,58.9,-0.757,0,0,-1.33,41.81,1,-0.77,58.86,0.7482,-0.0068,-0.6635,7,90.4,0,0,29.093,0,0,0,4,0,0,0,2115.67,0,0,0,90.4,1,0,0,0,0,3,0,0,0,11.5,-7.947,0,0,2,2,0,0,VALID,0,0,0,0,0,1,0,0,0,0,0,0,0,0,0,0,0,0,0,0,344.12,995.99,2,0,0.1,0.1,4368,10.71,0.1,0.08,9.46,FLYING,X10-F,0:/Integrated Flight Computer/aircraft/x10_f_cfg.ks (inferred preloaded)
364.74,APPROACH,FLY_TO_FIX,144.62,149,4.38,1003.7,-3.26,12.48,14.88,17.71,23.549,0.5345,0,17.361,1,0.6,4.5,0.822,0.35,0.0168,0.4,0,23.972,0,-4.383,0,59,-0.779,0,0,-1.31,41.29,1,-0.75,58.97,0.7482,-0.0068,-0.6635,7,90.4,0,0,29.085,0,0,0,4,0,0,0,2115.09,0,0,0,90.4,1,0,0,0,0,3,0,0,0,11.5,-7.947,0,0,2,2,0,0,VALID,0,0,0,0,0,1,0,0,0,0,0,0,0,0,0,0,0,0,0,0,352.94,996.22,2,0,0.08,0.08,4371,11.54,0.1,0.08,9.72,FLYING,X10-F,0:/Integrated Flight Computer/aircraft/x10_f_cfg.ks (inferred preloaded)
365.02,APPROACH,FLY_TO_FIX,144.65,149,4.35,1000.34,-3.16,12.32,14.72,18.24,24.273,0.5678,0,18.585,1,0.6,4.5,0.822,0.35,0.0168,0.4,0,23.965,0,-4.358,0,59.12,-0.812,0,0,-1.25,40.87,1,-0.81,59.08,0.7482,-0.0068,-0.6635,7,90.4,0,0,29.076,0,0,0,4,0,0,0,2114.44,0,0,0,90.4,1,0,0,0,0,3,0,0,0,11.5,-7.947,0,0,2,2,0,0,VALID,0,0,0,0,0,1,0,0,0,0,0,0,0,0,0,0,0,0,0,0,363.56,996.4,2,0,0.1,0.1,4374,10.71,0.1,0.08,10,FLYING,X10-F,0:/Integrated Flight Computer/aircraft/x10_f_cfg.ks (inferred preloaded)
365.28,APPROACH,FLY_TO_FIX,144.74,149,4.26,996.34,-3.16,12.29,14.81,18.86,25.431,0.544,0,19.703,1,0.6,4.5,0.822,0.35,0.0168,0.4,0,23.939,0,-4.267,0,59.22,-0.805,0,0,-1.26,40.37,1,-0.8,59.19,0.7482,-0.0068,-0.6635,7,90.4,0,0,29.067,0,0,0,4,0,0,0,2113.81,0,0,0,90.4,1,0,0,0,0,3,0,0,0,11.5,-7.947,0,0,2,2,0,0,VALID,0,0,0,0,0,1,0,0,0,0,0,0,0,0,0,0,0,0,0,0,373.61,996.83,2,0,0.08,0.08,4377,11.54,0.1,0.08,10.26,FLYING,X10-F,0:/Integrated Flight Computer/aircraft/x10_f_cfg.ks (inferred preloaded)
365.56,APPROACH,FLY_TO_FIX,144.84,149,4.16,989.77,-3.1,12.23,14.86,19.64,26.699,0.5253,0,20,1,0.6,4.5,0.822,0.35,0.0168,0.4,0,23.912,0,-4.17,0,59.34,-0.823,0,0,-1.22,39.69,1,-0.83,59.3,0.7482,-0.0068,-0.6635,7,90.4,0,0,29.057,0,0,0,4,0,0,0,2113.12,0,0,0,90.4,1,0,0,0,0,3,0,0,0,11.5,-7.947,0,0,2,2,0,0,VALID,0,0,0,0,0,1,0,0,0,0,0,0,0,0,0,0,0,0,0,0,382.78,997.28,2,0,0.1,0.1,4380,10.71,0.1,0.08,10.54,FLYING,X10-F,0:/Integrated Flight Computer/aircraft/x10_f_cfg.ks (inferred preloaded)
365.82,APPROACH,FLY_TO_FIX,144.95,149,4.05,984.89,-3.02,12.27,14.99,20.38,27.304,0.4908,0,20,1,0.6,4.5,0.822,0.35,0.0168,0.4,0,23.879,0,-4.053,0,59.44,-0.836,0,0,-1.21,39.06,1,-0.81,59.41,0.7482,-0.0068,-0.6635,7,90.4,0,0,29.047,0,0,0,4,0,0,0,2112.45,0,0,0,90.4,1,0,0,0,0,3,0,0,0,11.5,-7.947,0,0,2,2,0,0,VALID,0,0,0,0,0,1,0,0,0,0,0,0,0,0,0,0,0,0,0,0,389.6,997.82,2,0,0.08,0.08,4383,11.54,0.1,0.08,10.8,FLYING,X10-F,0:/Integrated Flight Computer/aircraft/x10_f_cfg.ks (inferred preloaded)
366.1,APPROACH,FLY_TO_FIX,145.08,149,3.92,980.89,-3.02,12.15,14.94,21.04,27.886,0.4695,0,20,1,0.6,4.5,0.822,0.35,0.0168,0.4,0,23.844,0,-3.932,0,59.56,-0.838,0,0,-1.19,38.52,1,-0.84,59.52,0.7482,-0.0068,-0.6635,7,90.4,0,0,29.037,0,0,0,4,0,0,0,2111.7,0,0,0,90.4,1,0,0,0,0,3,0,0,0,11.5,-7.947,0,0,2,2,0,0,VALID,0,0,0,0,0,1,0,0,0,0,0,0,0,0,0,0,0,0,0,0,395.14,998.38,2,0,0.1,0.1,4386,10.71,0.1,0.08,11.08,FLYING,X10-F,0:/Integrated Flight Computer/aircraft/x10_f_cfg.ks (inferred preloaded)
366.36,APPROACH,FLY_TO_FIX,145.22,149,3.78,978.77,-3.01,12.12,14.98,21.67,28.381,0.4339,0,20,1,0.6,4.5,0.822,0.35,0.0168,0.4,0,23.804,0,-3.787,0,59.66,-0.838,0,0,-1.18,37.99,1,-0.84,59.63,0.7482,-0.0068,-0.6635,7,90.4,0,0,29.026,0,0,0,4,0,0,0,2110.98,0,0,0,90.4,1,0,0,0,0,3,0,0,0,11.5,-7.947,0,0,2,2,0,0,VALID,0,0,0,0,0,1,0,0,0,0,0,0,0,0,0,0,0,0,0,0,398.61,999.03,2,0,0.08,0.08,4389,11.54,0.1,0.08,11.34,FLYING,X10-F,0:/Integrated Flight Computer/aircraft/x10_f_cfg.ks (inferred preloaded)
366.64,APPROACH,FLY_TO_FIX,145.37,149,3.63,977.35,-2.96,12.04,14.94,22.3,28.829,0.4145,0,20,1,0.6,4.5,0.822,0.35,0.0168,0.4,0,23.762,0,-3.639,0,59.77,-0.846,0,0,-1.17,37.47,1,-0.85,59.73,0.7482,-0.0068,-0.6635,7,90.4,0,0,29.015,0,0,0,4,0,0,0,2110.18,0,0,0,90.4,1,0,0,0,0,3,0,0,0,11.5,-7.947,0,0,2,2,0,0,VALID,0,0,0,0,0,1,0,0,0,0,0,0,0,0,0,0,0,0,0,0,400.48,999.7,2,0,0.1,0.1,4392,10.71,0.1,0.08,11.62,FLYING,X10-F,0:/Integrated Flight Computer/aircraft/x10_f_cfg.ks (inferred preloaded)
366.9,APPROACH,FLY_TO_FIX,145.52,149,3.48,977.19,-2.93,11.97,14.9,22.87,29.136,0.3901,0,20,1,0.6,4.5,0.822,0.35,0.0168,0.4,0,23.719,0,-3.487,0,59.88,-0.848,0,0,-1.16,37.01,1,-0.84,59.84,0.7482,-0.0068,-0.6635,7,90.4,0,0,29.004,0,0,0,4,0,0,0,2109.41,0,0,0,90.4,1,0,0,0,0,3,0,0,0,11.5,-7.947,0,0,2,2,0,0,VALID,0,0,0,0,0,1,0,0,0,0,0,0,0,0,0,0,0,0,0,0,401.07,1000.38,2,0,0.08,0.08,4395,11.54,0.1,0.08,11.88,FLYING,X10-F,0:/Integrated Flight Computer/aircraft/x10_f_cfg.ks (inferred preloaded)
367.18,APPROACH,FLY_TO_FIX,145.69,149,3.31,977.55,-2.97,11.91,14.91,23.46,29.402,0.3704,0,20,1,0.6,4.5,0.822,0.35,0.0168,0.4,0,23.673,0,-3.322,0,59.99,-0.831,0,0,-1.18,36.52,1,-0.84,59.95,0.7482,-0.0068,-0.6635,7,90.4,0,0,28.991,0,0,0,4,0,0,0,2108.55,0,0,0,90.4,1,0,0,0,0,3,0,0,0,11.5,-7.947,0,0,2,2,0,0,VALID,0,0,0,0,0,1,0,0,0,0,0,0,0,0,0,0,0,0,0,0,399.92,1001.12,2,0,0.1,0.1,4398,10.71,0.1,0.08,12.16,FLYING,X10-F,0:/Integrated Flight Computer/aircraft/x10_f_cfg.ks (inferred preloaded)
367.44,APPROACH,FLY_TO_FIX,145.83,149,3.17,977.13,-2.94,11.88,14.88,24.01,29.6,0.364,0,20,1,0.6,4.5,0.822,0.35,0.0168,0.4,0,23.633,0,-3.18,0,60.09,-0.838,0,0,-1.16,36.07,1,-0.84,60.06,0.7482,-0.0068,-0.6635,7,90.4,0,0,28.98,0,0,0,4,0,0,0,2107.73,0,0,0,90.4,1,0,0,0,0,3,0,0,0,11.5,-7.947,0,0,2,2,0,0,VALID,0,0,0,0,0,1,0,0,0,0,0,0,0,0,0,0,0,0,0,0,397.43,1001.75,2,0,0.08,0.08,4401,11.54,0.1,0.08,12.42,FLYING,X10-F,0:/Integrated Flight Computer/aircraft/x10_f_cfg.ks (inferred preloaded)
367.72,APPROACH,FLY_TO_FIX,145.98,149,3.02,975.06,-2.99,11.84,14.89,24.59,29.762,0.3551,0,20,1,0.6,4.5,0.822,0.35,0.0168,0.4,0,23.589,0,-3.027,0,60.2,-0.82,0,0,-1.17,35.61,1,-0.83,60.16,0.7482,-0.0068,-0.6635,7,90.4,0,0,28.967,0,0,0,4,0,0,0,2106.81,0,0,0,90.4,1,0,0,0,0,3,0,0,0,11.5,-7.947,0,0,2,2,0,0,VALID,0,0,0,0,0,1,0,0,0,0,0,0,0,0,0,0,0,0,0,0,394.42,1002.44,2,0,0.1,0.1,4404,10.71,0.1,0.08,12.7,FLYING,X10-F,0:/Integrated Flight Computer/aircraft/x10_f_cfg.ks (inferred preloaded)
367.98,APPROACH,FLY_TO_FIX,146.11,149,2.89,973.02,-2.94,11.81,14.84,25.12,29.881,0.3603,0,20,1,0.6,4.5,0.822,0.35,0.0168,0.4,0,23.555,0,-2.903,0,60.3,-0.831,0,0,-1.15,35.18,1,-0.84,60.27,0.7482,-0.0068,-0.6635,7,90.4,0,0,28.954,0,0,0,4,0,0,0,2105.94,0,0,0,90.4,1,0,0,0,0,3,0,0,0,11.5,-7.947,0,0,2,2,0,0,VALID,0,0,0,0,0,1,0,0,0,0,0,0,0,0,0,0,0,0,0,0,391.22,1002.99,2,0,0.08,0.08,4407,11.54,0.1,0.08,12.96,FLYING,X10-F,0:/Integrated Flight Computer/aircraft/x10_f_cfg.ks (inferred preloaded)
368.26,APPROACH,FLY_TO_FIX,146.24,149,2.76,971.02,-2.95,11.79,14.83,25.69,29.978,0.3541,0,20,1,0.6,4.5,0.822,0.35,0.0168,0.4,0,23.516,0,-2.766,0,60.41,-0.828,0,0,-1.15,34.72,1,-0.82,60.37,0.7482,-0.0068,-0.6635,7,90.4,0,0,28.94,0,0,0,4,0,0,0,2104.96,0,0,0,90.4,1,0,0,0,0,3,0,0,0,11.5,-7.947,0,0,2,2,0,0,VALID,0,0,0,0,0,1,0,0,0,0,0,0,0,0,0,0,0,0,0,0,388.39,1003.62,2,0,0.1,0.1,4410,10.71,0.1,0.08,13.24,FLYING,X10-F,0:/Integrated Flight Computer/aircraft/x10_f_cfg.ks (inferred preloaded)
368.52,APPROACH,FLY_TO_FIX,146.36,149,2.64,969.69,-2.93,11.76,14.81,26.21,30.055,0.3549,0,20,1,0.6,4.5,0.822,0.35,0.0168,0.4,0,23.483,0,-2.649,0,60.51,-0.825,0,0,-1.15,34.3,1,-0.82,60.48,0.7482,-0.0068,-0.6635,7,90.4,0,0,28.927,0,0,0,4,0,0,0,2104.03,0,0,0,90.4,1,0,0,0,0,3,0,0,0,11.5,-7.947,0,0,2,2,0,0,VALID,0,0,0,0,0,1,0,0,0,0,0,0,0,0,0,0,0,0,0,0,385.79,1004.15,2,0,0.08,0.08,4413,11.54,0.1,0.08,13.5,FLYING,X10-F,0:/Integrated Flight Computer/aircraft/x10_f_cfg.ks (inferred preloaded)
368.8,APPROACH,FLY_TO_FIX,146.48,149,2.52,966.56,-3.04,11.73,14.83,26.76,30.105,0.3528,0,20,1,0.6,4.5,0.822,0.35,0.0168,0.4,0,23.448,0,-2.527,0,60.62,-0.795,0,0,-1.18,33.86,1,-0.81,60.58,0.7482,-0.0068,-0.6635,7,90.4,0,0,28.912,0,0,0,4,0,0,0,2103,0,0,0,90.4,1,0,0,0,0,3,0,0,0,11.5,-7.947,0,0,2,2,0,0,VALID,0,0,0,0,0,1,0,0,0,0,0,0,0,0,0,0,0,0,0,0,383.3,1004.71,2,0,0.1,0.1,4416,10.71,0.1,0.08,13.78,FLYING,X10-F,0:/Integrated Flight Computer/aircraft/x10_f_cfg.ks (inferred preloaded)
369.06,APPROACH,FLY_TO_FIX,146.57,149,2.43,963.8,-2.93,11.77,14.82,27.3,30.119,0.3666,0,20,1,0.6,4.5,0.822,0.35,0.0168,0.4,0,23.423,0,-2.435,0,60.72,-0.82,0,0,-1.14,33.42,1,-0.82,60.69,0.7482,-0.0068,-0.6635,7,90.4,0,0,28.898,0,0,0,4,0,0,0,2102.02,0,0,0,90.4,1,0,0,0,0,3,0,0,0,11.5,-7.947,0,0,2,2,0,0,VALID,0,0,0,0,0,1,0,0,0,0,0,0,0,0,0,0,0,0,0,0,380.98,1005.12,2,0,0.08,0.08,4419,11.54,0.1,0.08,14.04,FLYING,X10-F,0:/Integrated Flight Computer/aircraft/x10_f_cfg.ks (inferred preloaded)
369.34,APPROACH,FLY_TO_FIX,146.67,149,2.33,962.16,-2.96,11.7,14.76,27.82,30.155,0.3643,0,20,1,0.6,4.5,0.822,0.35,0.0168,0.4,0,23.394,0,-2.334,0,60.82,-0.804,0,0,-1.16,33,1,-0.81,60.78,0.7482,-0.0068,-0.6635,7,90.4,0,0,28.883,0,0,0,4,0,0,0,2100.93,0,0,0,90.4,1,0,0,0,0,3,0,0,0,11.5,-7.947,0,0,2,2,0,0,VALID,0,0,0,0,0,1,0,0,0,0,0,0,0,0,0,0,0,0,0,0,380.1,1005.61,2,0,0.1,0.1,4422,10.71,0.1,0.08,14.32,FLYING,X10-F,0:/Integrated Flight Computer/aircraft/x10_f_cfg.ks (inferred preloaded)
369.6,APPROACH,FLY_TO_FIX,146.77,149,2.23,957.85,-2.98,11.69,14.76,28.34,30.2,0.3579,0,20,1,0.6,4.5,0.822,0.35,0.0168,0.4,0,23.366,0,-2.234,0,60.92,-0.798,0,0,-1.16,32.58,1,-0.79,60.89,0.7482,-0.0068,-0.6635,7,90.4,0,0,28.868,0,0,0,4,0,0,0,2099.9,0,0,0,90.4,1,0,0,0,0,3,0,0,0,11.5,-7.947,0,0,2,2,0,0,VALID,0,0,0,0,0,1,0,0,0,0,0,0,0,0,0,0,0,0,0,0,378.92,1006.07,2,0,0.08,0.08,4425,11.54,0.1,0.08,14.58,FLYING,X10-F,0:/Integrated Flight Computer/aircraft/x10_f_cfg.ks (inferred preloaded)
369.88,APPROACH,FLY_TO_FIX,146.87,149,2.13,954.86,-2.99,11.69,14.78,28.91,30.259,0.3558,0,20,1,0.6,4.5,0.822,0.35,0.0168,0.4,0,23.338,0,-2.134,0,61.03,-0.79,0,0,-1.16,32.12,1,-0.79,60.99,0.7482,-0.0068,-0.6635,7,90.4,0,0,28.851,0,0,0,4,0,0,0,2098.76,0,0,0,90.4,1,0,0,0,0,3,0,0,0,11.5,-7.947,0,0,2,2,0,0,VALID,0,0,0,0,0,1,0,0,0,0,0,0,0,0,0,0,0,0,0,0,377.24,1006.54,2,0,0.1,0.1,4428,10.71,0.1,0.08,14.86,FLYING,X10-F,0:/Integrated Flight Computer/aircraft/x10_f_cfg.ks (inferred preloaded)
370.14,APPROACH,FLY_TO_FIX,146.95,149,2.05,952.05,-2.96,11.68,14.75,29.42,30.305,0.3601,0,20,1,0.6,4.5,0.822,0.35,0.0168,0.4,0,23.315,0,-2.051,0,61.12,-0.796,0,0,-1.15,31.7,1,-0.8,61.09,0.7482,-0.0068,-0.6635,7,90.4,0,0,28.836,0,0,0,4,0,0,0,2097.67,0,0,0,90.4,1,0,0,0,0,3,0,0,0,11.5,-7.947,0,0,2,2,0,0,VALID,0,0,0,0,0,1,0,0,0,0,0,0,0,0,0,0,0,0,0,0,375.74,1006.92,2,0,0.08,0.08,4431,11.54,0.1,0.08,15.12,FLYING,X10-F,0:/Integrated Flight Computer/aircraft/x10_f_cfg.ks (inferred preloaded)
370.42,APPROACH,FLY_TO_FIX,147.04,149,1.96,949.16,-2.96,11.66,14.74,29.99,30.356,0.3565,0,20,1,0.6,4.5,0.822,0.35,0.0168,0.4,0,23.289,0,-1.961,0,61.23,-0.789,0,0,-1.16,31.24,1,-0.78,61.19,0.7482,-0.0068,-0.6635,7,90.4,0,0,28.819,0,0,0,4,0,0,0,2096.47,0,0,0,90.4,1,0,0,0,0,3,0,0,0,11.5,-7.947,0,0,2,2,0,0,VALID,0,0,0,0,0,1,0,0,0,0,0,0,0,0,0,0,0,0,0,0,374.57,1007.35,2,0,0.1,0.1,4434,10.71,0.1,0.08,15.4,FLYING,X10-F,0:/Integrated Flight Computer/aircraft/x10_f_cfg.ks (inferred preloaded)
370.68,APPROACH,FLY_TO_FIX,147.12,149,1.88,946.15,-2.99,11.64,14.74,30.5,30.402,0.3552,0,20,1,0.6,4.5,0.822,0.35,0.0168,0.4,0,23.267,0,-1.882,0,61.32,-0.778,0,0,-1.16,30.82,1,-0.77,61.29,0.7482,-0.0068,-0.6635,7,90.4,0,0,28.802,0,0,0,4,0,0,0,2095.33,0,0,0,90.4,1,0,0,0,0,3,0,0,0,11.5,-7.947,0,0,2,2,0,0,VALID,0,0,0,0,0,1,0,0,0,0,0,0,0,0,0,0,0,0,0,0,373.49,1007.73,2,0,0.08,0.08,4437,11.54,0.1,0.08,15.66,FLYING,X10-F,0:/Integrated Flight Computer/aircraft/x10_f_cfg.ks (inferred preloaded)
370.96,APPROACH,FLY_TO_FIX,147.21,149,1.79,941.78,-3,11.64,14.74,31.07,30.435,0.3534,0,20,1,0.6,4.5,0.822,0.35,0.0168,0.4,0,23.243,0,-1.799,0,61.42,-0.771,0,0,-1.16,30.36,1,-0.77,61.39,0.7482,-0.0068,-0.6635,7,90.4,0,0,28.784,0,0,0,4,0,0,0,2094.08,0,0,0,90.4,1,0,0,0,0,3,0,0,0,11.5,-7.947,0,0,2,2,0,0,VALID,0,0,0,0,0,1,0,0,0,0,0,0,0,0,0,0,0,0,0,0,372.16,1008.13,2,0,0.1,0.1,4440,10.71,0.1,0.08,15.94,FLYING,X10-F,0:/Integrated Flight Computer/aircraft/x10_f_cfg.ks (inferred preloaded)
371.22,APPROACH,FLY_TO_FIX,147.28,149,1.72,938.06,-3,11.62,14.72,31.58,30.448,0.3542,0,20,1,0.6,4.5,0.822,0.35,0.0168,0.4,0,23.223,0,-1.726,0,61.52,-0.767,0,0,-1.16,29.94,1,-0.77,61.49,0.7482,-0.0068,-0.6635,7,90.4,0,0,28.767,0,0,0,4,0,0,0,2092.89,0,0,0,90.4,1,0,0,0,0,3,0,0,0,11.5,-7.947,0,0,2,2,0,0,VALID,0,0,0,0,0,1,0,0,0,0,0,0,0,0,0,0,0,0,0,0,370.89,1008.47,2,0,0.08,0.08,4443,11.54,0.1,0.08,16.2,FLYING,X10-F,0:/Integrated Flight Computer/aircraft/x10_f_cfg.ks (inferred preloaded)
371.5,APPROACH,FLY_TO_FIX,147.35,149,1.65,934.22,-3,11.57,14.65,32.1,30.464,0.3539,0,20,1,0.6,4.5,0.822,0.35,0.0168,0.4,0,23.202,0,-1.652,0,61.62,-0.765,0,0,-1.16,29.52,1,-0.77,61.58,0.7482,-0.0068,-0.6635,7,90.4,0,0,28.749,0,0,0,4,0,0,0,2091.58,0,0,0,90.4,1,0,0,0,0,3,0,0,0,11.5,-7.947,0,0,2,2,0,0,VALID,0,0,0,0,0,1,0,0,0,0,0,0,0,0,0,0,0,0,0,0,369.69,1008.84,2,0,0.1,0.1,4446,10.71,0.1,0.08,16.48,FLYING,X10-F,0:/Integrated Flight Computer/aircraft/x10_f_cfg.ks (inferred preloaded)
371.76,APPROACH,FLY_TO_FIX,147.43,149,1.57,931.24,-3.05,11.57,14.71,32.63,30.489,0.3444,0,20,1,0.6,4.5,0.822,0.35,0.0168,0.4,0,23.18,0,-1.573,0,61.71,-0.739,0,0,-1.19,29.08,1,-0.75,61.68,0.7482,-0.0068,-0.6635,7,90.4,0,0,28.731,0,0,0,4,0,0,0,2090.33,0,0,0,90.4,1,0,0,0,0,3,0,0,0,11.5,-7.947,0,0,2,2,0,0,VALID,0,0,0,0,0,1,0,0,0,0,0,0,0,0,0,0,0,0,0,0,368.52,1009.21,2,0,0.08,0.08,4449,11.54,0.1,0.08,16.74,FLYING,X10-F,0:/Integrated Flight Computer/aircraft/x10_f_cfg.ks (inferred preloaded)
372.04,APPROACH,FLY_TO_FIX,147.5,149,1.5,931,-3.01,11.62,14.74,33.22,30.516,0.3479,0,20,1,0.6,4.5,0.822,0.35,0.0168,0.4,0,23.16,0,-1.505,0,61.81,-0.748,0,0,-1.18,28.59,1,-0.74,61.78,0.7482,-0.0068,-0.6635,7,90.4,0,0,28.711,0,0,0,4,0,0,0,2088.97,0,0,0,90.4,1,0,0,0,0,3,0,0,0,11.5,-7.947,0,0,2,2,0,0,VALID,0,0,0,0,0,1,0,0,0,0,0,0,0,0,0,0,0,0,0,0,366.77,1009.55,2,0,0.1,0.1,4452,10.71,0.1,0.08,17.02,FLYING,X10-F,0:/Integrated Flight Computer/aircraft/x10_f_cfg.ks (inferred preloaded)
372.3,APPROACH,FLY_TO_FIX,147.56,149,1.44,929.13,-3.04,11.61,14.75,33.74,30.545,0.353,0,20,1,0.6,4.5,0.822,0.35,0.0168,0.4,0,23.145,0,-1.45,0,61.9,-0.736,0,0,-1.18,28.16,1,-0.74,61.87,0.7482,-0.0068,-0.6635,7,90.4,0,0,28.693,0,0,0,4,0,0,0,2087.68,0,0,0,90.4,1,0,0,0,0,3,0,0,0,11.5,-7.947,0,0,2,2,0,0,VALID,0,0,0,0,0,1,0,0,0,0,0,0,0,0,0,0,0,0,0,0,365.74,1009.82,2,0,0.08,0.08,4455,11.54,0.1,0.08,17.28,FLYING,X10-F,0:/Integrated Flight Computer/aircraft/x10_f_cfg.ks (inferred preloaded)
372.58,APPROACH,FLY_TO_FIX,147.61,149,1.39,924.41,-3.03,11.57,14.7,34.29,30.578,0.3567,0,20,1,0.6,4.5,0.822,0.35,0.0168,0.4,0,23.129,0,-1.394,0,62,-0.738,0,0,-1.17,27.71,1,-0.75,61.97,0.7482,-0.0068,-0.6635,7,90.4,0,0,28.673,0,0,0,4,0,0,0,2086.26,0,0,0,90.4,1,0,0,0,0,3,0,0,0,11.5,-7.947,0,0,2,2,0,0,VALID,0,0,0,0,0,1,0,0,0,0,0,0,0,0,0,0,0,0,0,0,365.08,1010.11,2,0,0.1,0.1,4458,10.71,0.1,0.08,17.56,FLYING,X10-F,0:/Integrated Flight Computer/aircraft/x10_f_cfg.ks (inferred preloaded)
372.84,APPROACH,FLY_TO_FIX,147.67,149,1.33,918.79,-3.04,11.57,14.71,34.81,30.604,0.3509,0,20,1,0.6,4.5,0.822,0.35,0.0168,0.4,0,23.112,0,-1.334,0,62.09,-0.731,0,0,-1.17,27.28,1,-0.74,62.06,0.7482,-0.0068,-0.6635,7,90.4,0,0,28.653,0,0,0,4,0,0,0,2084.91,0,0,0,90.4,1,0,0,0,0,3,0,0,0,11.5,-7.947,0,0,2,2,0,0,VALID,0,0,0,0,0,1,0,0,0,0,0,0,0,0,0,0,0,0,0,0,364.55,1010.4,2,0,0.08,0.08,4461,11.54,0.1,0.08,17.82,FLYING,X10-F,0:/Integrated Flight Computer/aircraft/x10_f_cfg.ks (inferred preloaded)
373.12,APPROACH,FLY_TO_FIX,147.73,149,1.27,913.19,-3.02,11.57,14.7,35.37,30.622,0.3507,0,20,1,0.6,4.5,0.822,0.35,0.0168,0.4,0,23.096,0,-1.277,0,62.19,-0.729,0,0,-1.18,26.81,1,-0.73,62.15,0.7482,-0.0068,-0.6635,7,90.4,0,0,28.632,0,0,0,4,0,0,0,2083.44,0,0,0,90.4,1,0,0,0,0,3,0,0,0,11.5,-7.947,0,0,2,2,0,0,VALID,0,0,0,0,0,1,0,0,0,0,0,0,0,0,0,0,0,0,0,0,363.7,1010.69,2,0,0.1,0.1,4464,10.71,0.1,0.08,18.1,FLYING,X10-F,0:/Integrated Flight Computer/aircraft/x10_f_cfg.ks (inferred preloaded)
373.38,APPROACH,FLY_TO_FIX,147.78,149,1.22,909.15,-3.01,11.5,14.61,35.86,30.642,0.351,0,20,1,0.6,4.5,0.822,0.35,0.0168,0.4,0,23.082,0,-1.227,0,62.28,-0.732,0,0,-1.16,26.42,1,-0.73,62.25,0.7482,-0.0068,-0.6635,7,90.4,0,0,28.612,0,0,0,4,0,0,0,2082.05,0,0,0,90.4,1,0,0,0,0,3,0,0,0,11.5,-7.947,0,0,2,2,0,0,VALID,0,0,0,0,0,1,0,0,0,0,0,0,0,0,0,0,0,0,0,0,362.99,1010.95,2,0,0.08,0.08,4467,11.54,0.1,0.08,18.36,FLYING,X10-F,0:/Integrated Flight Computer/aircraft/x10_f_cfg.ks (inferred preloaded)
373.66,APPROACH,FLY_TO_FIX,147.84,149,1.16,905.96,-3.05,11.56,14.72,36.46,30.661,0.3417,0,20,1,0.6,4.5,0.822,0.35,0.0168,0.4,0,23.064,0,-1.163,0,62.37,-0.712,0,0,-1.19,25.91,1,-0.7,62.34,0.7482,-0.0068,-0.6635,7,90.4,0,0,28.591,0,0,0,4,0,0,0,2080.52,0,0,0,90.4,1,0,0,0,0,3,0,0,0,11.5,-7.947,0,0,2,2,0,0,VALID,0,0,0,0,0,1,0,0,0,0,0,0,0,0,0,0,0,0,0,0,362.05,1011.26,2,0,0.1,0.1,4470,10.71,0.1,0.08,18.64,FLYING,X10-F,0:/Integrated Flight Computer/aircraft/x10_f_cfg.ks (inferred preloaded)
373.92,APPROACH,FLY_TO_FIX,147.87,149,1.13,903.78,-3.02,11.48,14.6,36.94,30.715,0.3591,0,20,1,0.6,4.5,0.822,0.35,0.0168,0.4,0,23.057,0,-1.137,0,62.46,-0.723,0,0,-1.16,25.52,1,-0.73,62.43,0.7482,-0.0068,-0.6635,7,90.4,0,0,28.57,0,0,0,4,0,0,0,2079.08,0,0,0,90.4,1,0,0,0,0,3,0,0,0,11.5,-7.947,0,0,2,2,0,0,VALID,0,0,0,0,0,1,0,0,0,0,0,0,0,0,0,0,0,0,0,0,361.16,1011.42,2,0,0.08,0.08,4473,11.54,0.1,0.08,18.9,FLYING,X10-F,0:/Integrated Flight Computer/aircraft/x10_f_cfg.ks (inferred preloaded)
374.2,APPROACH,FLY_TO_FIX,147.93,149,1.07,902.97,-3.06,11.54,14.71,37.55,30.754,0.345,0,20,1,0.6,4.5,0.822,0.35,0.0168,0.4,0,23.039,0,-1.076,0,62.55,-0.7,0,0,-1.19,25,1,-0.69,62.52,0.7482,-0.0068,-0.6635,7,90.4,0,0,28.547,0,0,0,4,0,0,0,2077.5,0,0,0,90.4,1,0,0,0,0,3,0,0,0,11.5,-7.947,0,0,2,2,0,0,VALID,0,0,0,0,0,1,0,0,0,0,0,0,0,0,0,0,0,0,0,0,360.95,1011.73,2,0,0.1,0.1,4476,10.71,0.1,0.08,19.18,FLYING,X10-F,0:/Integrated Flight Computer/aircraft/x10_f_cfg.ks (inferred preloaded)
374.46,APPROACH,FLY_TO_FIX,147.96,149,1.04,901.33,-3.03,11.54,14.68,38.07,30.763,0.3532,0,20,1,0.6,4.5,0.822,0.35,0.0168,0.4,0,23.03,0,-1.043,0,62.63,-0.708,0,0,-1.17,24.56,1,-0.71,62.61,0.7482,-0.0068,-0.6635,7,90.4,0,0,28.526,0,0,0,4,0,0,0,2076,0,0,0,90.4,1,0,0,0,0,3,0,0,0,11.5,-7.947,0,0,2,2,0,0,VALID,0,0,0,0,0,1,0,0,0,0,0,0,0,0,0,0,0,0,0,0,360.26,1011.91,2,0,0.08,0.08,4479,11.54,0.1,0.08,19.44,FLYING,X10-F,0:/Integrated Flight Computer/aircraft/x10_f_cfg.ks (inferred preloaded)
374.74,APPROACH,FLY_TO_FIX,148.01,149,0.99,899.61,-3.07,11.47,14.61,38.58,30.729,0.3494,0,20,1,0.6,4.5,0.822,0.35,0.0168,0.4,0,23.017,0,-0.997,0,62.72,-0.694,0,0,-1.18,24.14,1,-0.71,62.69,0.7482,-0.0068,-0.6635,7,90.4,0,0,28.503,0,0,0,4,0,0,0,2074.37,0,0,0,90.4,1,0,0,0,0,3,0,0,0,11.5,-7.947,0,0,2,2,0,0,VALID,0,0,0,0,0,1,0,0,0,0,0,0,0,0,0,0,0,0,0,0,360.02,1012.15,2,0,0.1,0.1,4482,10.71,0.1,0.08,19.72,FLYING,X10-F,0:/Integrated Flight Computer/aircraft/x10_f_cfg.ks (inferred preloaded)
375,APPROACH,FLY_TO_FIX,148.05,149,0.95,897.46,-3.08,11.46,14.6,39.08,30.69,0.3433,0,20,1,0.6,4.5,0.822,0.35,0.0168,0.4,0,23.004,0,-0.951,0,62.81,-0.687,0,0,-1.19,23.73,1,-0.7,62.78,0.7482,-0.0068,-0.6635,7,90.4,0,0,28.481,0,0,0,4,0,0,0,2072.83,0,0,0,90.4,1,0,0,0,0,3,0,0,0,11.5,-7.947,0,0,2,2,0,0,VALID,0,0,0,0,0,1,0,0,0,0,0,0,0,0,0,0,0,0,0,0,359.3,1012.39,2,0,0.08,0.08,4485,11.54,0.1,0.08,19.98,FLYING,X10-F,0:/Integrated Flight Computer/aircraft/x10_f_cfg.ks (inferred preloaded)
375.28,APPROACH,FLY_TO_FIX,148.09,149,0.91,895.7,-3.03,11.48,14.6,39.64,30.644,0.3445,0,20,1,0.6,4.5,0.822,0.35,0.0168,0.4,0,22.992,0,-0.908,0,62.9,-0.695,0,0,-1.17,23.26,1,-0.69,62.87,0.7482,-0.0068,-0.6635,7,90.4,0,0,28.457,0,0,0,4,0,0,0,2071.14,0,0,0,90.4,1,0,0,0,0,3,0,0,0,11.5,-7.947,0,0,2,2,0,0,VALID,0,0,0,0,0,1,0,0,0,0,0,0,0,0,0,0,0,0,0,0,358.06,1012.62,2,0,0.1,0.1,4488,10.71,0.1,0.08,20.26,FLYING,X10-F,0:/Integrated Flight Computer/aircraft/x10_f_cfg.ks (inferred preloaded)
375.54,APPROACH,FLY_TO_FIX,148.14,149,0.86,896.14,-3.14,11.51,14.69,40.17,30.641,0.34,0,20,1,0.6,4.5,0.822,0.35,0.0168,0.4,0,22.98,0,-0.866,0,62.98,-0.661,0,0,-1.21,22.81,1,-0.67,62.95,0.7482,-0.0068,-0.6635,7,90.4,0,0,28.434,0,0,0,4,0,0,0,2069.56,0,0,0,90.4,1,0,0,0,0,3,0,0,0,11.5,-7.947,0,0,2,2,0,0,VALID,0,0,0,0,0,1,0,0,0,0,0,0,0,0,0,0,0,0,0,0,357.39,1012.85,2,0,0.08,0.08,4491,11.54,0.1,0.08,20.52,FLYING,X10-F,0:/Integrated Flight Computer/aircraft/x10_f_cfg.ks (inferred preloaded)
375.82,APPROACH,FLY_TO_FIX,148.15,149,0.85,895.63,-2.96,11.7,14.8,40.82,30.484,0.3565,0,20,1,0.6,4.5,0.822,0.35,0.0168,0.4,0,22.975,0,-0.846,0,63.07,-0.701,0,0,-1.16,22.25,1,-0.66,63.04,0.7482,-0.0068,-0.6635,7,90.4,0,0,28.409,0,0,0,4,0,0,0,2067.82,0,0,0,90.4,1,0,0,0,0,3,0,0,0,11.5,-7.947,0,0,2,2,0,0,VALID,0,0,0,0,0,1,0,0,0,0,0,0,0,0,0,0,0,0,0,0,356.26,1012.95,2,0,0.1,0.1,4494,10.71,0.1,0.08,20.8,FLYING,X10-F,0:/Integrated Flight Computer/aircraft/x10_f_cfg.ks (inferred preloaded)
376.08,APPROACH,FLY_TO_FIX,148.13,149,0.87,893.67,-2.95,11.42,14.44,41.13,30.417,0.3897,0,20,1,0.6,4.5,0.822,0.35,0.0168,0.4,0,22.982,0,-0.872,0,63.15,-0.71,0,0,-1.13,22.02,1,-0.72,63.12,0.7482,-0.0068,-0.6635,7,90.4,0,0,28.386,0,0,0,4,0,0,0,2066.18,0,0,0,90.4,1,0,0,0,0,3,0,0,0,11.5,-7.947,0,0,2,2,0,0,VALID,0,0,0,0,0,1,0,0,0,0,0,0,0,0,0,0,0,0,0,0,357.34,1012.91,2,0,0.08,0.08,4497,11.54,0.1,0.08,21.06,FLYING,X10-F,0:/Integrated Flight Computer/aircraft/x10_f_cfg.ks (inferred preloaded)
376.36,APPROACH,FLY_TO_FIX,148.2,149,0.8,892.22,-3.15,11.33,14.43,41.6,30.371,0.3485,0,20,1,0.6,4.5,0.822,0.35,0.0168,0.4,0,22.964,0,-0.807,0,63.23,-0.647,0,0,-1.21,21.63,1,-0.67,63.2,0.7482,-0.0068,-0.6635,7,90.4,0,0,28.36,0,0,0,4,0,0,0,2064.4,0,0,0,90.4,1,0,0,0,0,3,0,0,0,11.5,-7.947,0,0,2,2,0,0,VALID,0,0,0,0,0,1,0,0,0,0,0,0,0,0,0,0,0,0,0,0,358.85,1013.24,2,0,0.1,0.1,4500,10.71,0.1,0.08,21.34,FLYING,X10-F,0:/Integrated Flight Computer/aircraft/x10_f_cfg.ks (inferred preloaded)
376.62,APPROACH,FLY_TO_FIX,148.24,149,0.76,887.05,-3.07,11.47,14.55,42.18,30.238,0.3372,0,20,1,0.6,4.5,0.822,0.35,0.0168,0.4,0,22.95,0,-0.759,0,63.31,-0.662,0,0,-1.19,21.13,1,-0.65,63.29,0.7482,-0.0068,-0.6635,7,90.4,0,0,28.336,0,0,0,4,0,0,0,2062.72,0,0,0,90.4,1,0,0,0,0,3,0,0,0,11.5,-7.947,0,0,2,2,0,0,VALID,0,0,0,0,0,1,0,0,0,0,0,0,0,0,0,0,0,0,0,0,357.85,1013.48,2,0,0.08,0.08,4503,11.54,0.1,0.08,21.6,FLYING,X10-F,0:/Integrated Flight Computer/aircraft/x10_f_cfg.ks (inferred preloaded)
376.9,APPROACH,FLY_TO_FIX,148.28,149,0.72,882.76,-3.1,11.43,14.51,42.68,30.28,0.3346,0,20,1,0.6,4.5,0.822,0.35,0.0168,0.4,0,22.939,0,-0.721,0,63.39,-0.651,0,0,-1.19,20.72,1,-0.66,63.36,0.7482,-0.0068,-0.6635,7,90.4,0,0,28.31,0,0,0,4,0,0,0,2060.88,0,0,0,90.4,1,0,0,0,0,3,0,0,0,11.5,-7.947,0,0,2,2,0,0,VALID,0,0,0,0,0,1,0,0,0,0,0,0,0,0,0,0,0,0,0,0,356.59,1013.7,2,0,0.1,0.1,4506,10.71,0.1,0.08,21.88,FLYING,X10-F,0:/Integrated Flight Computer/aircraft/x10_f_cfg.ks (inferred preloaded)
377.16,APPROACH,FLY_TO_FIX,148.33,149,0.67,878.51,-3.18,11.59,14.82,43.39,30.871,0.3284,0,20,1,0.6,4.5,0.822,0.35,0.0168,0.4,0,22.927,0,-0.676,0,63.47,-0.622,0,0,-1.23,20.08,1,-0.63,63.45,0.7482,-0.0068,-0.6635,7,90.4,0,0,28.285,0,0,0,4,0,0,0,2059.15,0,0,0,90.4,1,0,0,0,0,3,0,0,0,11.5,-7.947,0,0,2,2,0,0,VALID,0,0,0,0,0,1,0,0,0,0,0,0,0,0,0,0,0,0,0,0,354.87,1013.93,2,0,0.08,0.08,4509,11.54,0.1,0.08,22.14,FLYING,X10-F,0:/Integrated Flight Computer/aircraft/x10_f_cfg.ks (inferred preloaded)
377.44,APPROACH,FLY_TO_FIX,148.29,149,0.71,873.62,-2.93,11.63,14.75,44.08,30.845,0.3762,0,20,1,0.6,4.5,0.822,0.35,0.0168,0.4,0,22.934,0,-0.701,0,63.55,-0.689,0,0,-1.14,19.47,1,-0.66,63.52,0.7482,-0.0068,-0.6635,7,90.4,0,0,28.258,0,0,0,4,0,0,0,2057.27,0,0,0,90.4,1,0,0,0,0,3,0,0,0,11.5,-7.947,0,0,2,2,0,0,VALID,0,0,0,0,0,1,0,0,0,0,0,0,0,0,0,0,0,0,0,0,353.54,1013.84,2,0,0.1,0.1,4512,10.71,0.1,0.08,22.42,FLYING,X10-F,0:/Integrated Flight Computer/aircraft/x10_f_cfg.ks (inferred preloaded)
377.7,APPROACH,FLY_TO_FIX,148.28,149,0.72,871.75,-2.98,11.25,14.27,44.31,30.653,0.3928,0,20,1,0.6,4.5,0.822,0.35,0.0168,0.4,0,22.941,0,-0.725,0,63.63,-0.678,0,0,-1.14,19.32,1,-0.69,63.6,0.7482,-0.0068,-0.6635,7,90.4,0,0,28.233,0,0,0,4,0,0,0,2055.5,0,0,0,90.4,1,0,0,0,0,3,0,0,0,11.5,-7.947,0,0,2,2,0,0,VALID,0,0,0,0,0,1,0,0,0,0,0,0,0,0,0,0,0,0,0,0,355.64,1013.82,2,0,0.08,0.08,4515,11.54,0.1,0.08,22.68,FLYING,X10-F,0:/Integrated Flight Computer/aircraft/x10_f_cfg.ks (inferred preloaded)
377.98,APPROACH,FLY_TO_FIX,148.36,149,0.64,870.99,-3.18,11.07,14.19,44.75,30.811,0.3384,0,20,1,0.6,4.5,0.822,0.35,0.0168,0.4,0,22.92,0,-0.651,0,63.7,-0.613,0,0,-1.22,18.95,1,-0.64,63.68,0.7482,-0.0068,-0.6635,7,90.4,0,0,28.205,0,0,0,4,0,0,0,2053.56,0,0,0,90.4,1,0,0,0,0,3,0,0,0,11.5,-7.947,0,0,2,2,0,0,VALID,0,0,0,0,0,1,0,0,0,0,0,0,0,0,0,0,0,0,0,0,357.24,1014.19,2,0,0.1,0.1,4518,10.71,0.1,0.08,22.96,FLYING,X10-F,0:/Integrated Flight Computer/aircraft/x10_f_cfg.ks (inferred preloaded)
378.24,APPROACH,FLY_TO_FIX,148.42,149,0.58,872.89,-3.36,11.27,14.6,45.49,31.212,0.3101,0,20,1,0.6,4.5,0.822,0.35,0.0168,0.4,0,22.9,0,-0.582,0,63.78,-0.551,0,0,-1.29,18.28,1,-0.57,63.75,0.7482,-0.0068,-0.6635,7,90.4,0,0,28.179,0,0,0,4,0,0,0,2051.75,0,0,0,90.4,1,0,0,0,0,3,0,0,0,11.5,-7.947,0,0,2,2,0,0,VALID,0,0,0,0,0,1,0,0,0,0,0,0,0,0,0,0,0,0,0,0,355.27,1014.53,2,0,0.08,0.08,4521,11.54,0.1,0.08,23.22,FLYING,X10-F,0:/Integrated Flight Computer/aircraft/x10_f_cfg.ks (inferred preloaded)
378.52,APPROACH,FLY_TO_FIX,148.42,149,0.58,875.53,-3.24,11.52,14.77,46.2,30.239,0.3447,0,20,1,0.6,4.5,0.822,0.35,0.0168,0.4,0,22.9,0,-0.58,0,63.85,-0.579,0,0,-1.26,17.66,1,-0.57,63.83,0.7482,-0.0068,-0.6635,7,90.4,0,0,28.151,0,0,0,4,0,0,0,2049.77,0,0,0,90.4,1,0,0,0,0,3,0,0,0,11.5,-7.947,0,0,2,2,0,0,VALID,0,0,0,0,0,1,0,0,0,0,0,0,0,0,0,0,0,0,0,0,351.97,1014.56,2,0,0.1,0.1,4524,10.71,0.1,0.08,23.5,FLYING,X10-F,0:/Integrated Flight Computer/aircraft/x10_f_cfg.ks (inferred preloaded)
378.78,APPROACH,FLY_TO_FIX,148.35,149,0.65,874.02,-3.07,11.42,14.3,46.25,27.06,0.4081,0,20,1,0.6,4.5,0.822,0.35,0.0168,0.4,0,22.918,0,-0.644,0,63.92,-0.627,0,0,-1.19,17.68,1,-0.61,63.9,0.7482,-0.0068,-0.6635,7,90.4,0,0,28.124,0,0,0,4,0,0,0,2047.91,0,0,0,90.4,1,0,0,0,0,3,0,0,0,11.5,-7.947,0,0,2,2,0,0,VALID,0,0,0,0,0,1,0,0,0,0,0,0,0,0,0,0,0,0,0,0,352.59,1014.32,2,0,0.08,0.08,4527,11.54,0.1,0.08,23.76,FLYING,X10-F,0:/Integrated Flight Computer/aircraft/x10_f_cfg.ks (inferred preloaded)
379.06,APPROACH,FLY_TO_FIX,148.37,149,0.63,871.52,-3.02,10.96,13.46,45.86,25.511,0.3823,0,20,1,0.6,4.5,0.822,0.35,0.0168,0.4,0,22.915,0,-0.633,0,64,-0.64,0,0,-1.17,18.14,1,-0.64,63.97,0.7482,-0.0068,-0.6635,7,90.4,0,0,28.095,0,0,0,4,0,0,0,2045.88,0,0,0,90.4,1,0,0,0,0,3,0,0,0,11.5,-7.947,0,0,2,2,0,0,VALID,0,0,0,0,0,1,0,0,0,0,0,0,0,0,0,0,0,0,0,0,355.95,1014.46,2,0,0.1,0.1,4530,10.71,0.1,0.08,24.04,FLYING,X10-F,0:/Integrated Flight Computer/aircraft/x10_f_cfg.ks (inferred preloaded)
379.32,APPROACH,FLY_TO_FIX,148.48,149,0.52,869.23,-3.08,10.53,12.93,45.77,26.923,0.3015,0,20,1,0.6,4.5,0.822,0.35,0.0168,0.4,0,22.885,0,-0.526,0,64.07,-0.617,0,0,-1.18,18.3,1,-0.63,64.05,0.7482,-0.0068,-0.6635,7,90.4,0,0,28.068,0,0,0,4,0,0,0,2043.98,0,0,0,90.4,1,0,0,0,0,3,0,0,0,11.5,-7.947,0,0,2,2,0,0,VALID,0,0,0,0,0,1,0,0,0,0,0,0,0,0,0,0,0,0,0,0,356.46,1014.97,2,0,0.08,0.08,4533,11.54,0.1,0.08,24.3,FLYING,X10-F,0:/Integrated Flight Computer/aircraft/x10_f_cfg.ks (inferred preloaded)
379.6,APPROACH,FLY_TO_FIX,148.64,149,0.36,864.68,-3.33,10.23,12.84,46.28,27.638,0.2325,0,20,1,0.6,4.5,0.822,0.35,0.0168,0.4,0,22.842,0,-0.374,0,64.14,-0.545,0,0,-1.26,17.86,1,-0.58,64.11,0.7482,-0.0068,-0.6635,7,90.4,0,0,28.039,0,0,0,4,0,0,0,2041.91,0,0,0,90.4,1,0,0,0,0,3,0,0,0,11.5,-7.947,0,0,2,2,0,0,VALID,0,0,0,0,0,1,0,0,0,0,0,0,0,0,0,0,0,0,0,0,350.07,1015.67,2,0,0.1,0.1,4536,10.71,0.1,0.08,24.58,FLYING,X10-F,0:/Integrated Flight Computer/aircraft/x10_f_cfg.ks (inferred preloaded)
379.86,APPROACH,FLY_TO_FIX,148.78,149,0.22,861.62,-3.75,10.46,13.38,47.07,27.891,0.1922,0,20,1,0.6,4.5,0.822,0.35,0.0168,0.4,0,22.801,0,-0.229,0,64.21,-0.415,0,0,-1.42,17.14,1,-0.45,64.19,0.7482,-0.0068,-0.6635,7,90.4,0,0,28.011,0,0,0,4,0,0,0,2039.98,0,0,0,90.4,1,0,0,0,0,3,0,0,0,11.5,-7.947,0,0,2,2,0,0,VALID,0,0,0,0,0,1,0,0,0,0,0,0,0,0,0,0,0,0,0,0,339.13,1016.33,2,0,0.08,0.08,4539,11.54,0.1,0.08,24.84,FLYING,X10-F,0:/Integrated Flight Computer/aircraft/x10_f_cfg.ks (inferred preloaded)
380.14,APPROACH,FLY_TO_FIX,148.84,149,0.16,857.61,-3.66,11.16,14.13,47.92,27.816,0.2247,0,20,1,0.6,4.5,0.822,0.35,0.0168,0.4,0,22.781,0,-0.158,0,64.28,-0.424,0,0,-1.42,16.36,1,-0.4,64.25,0.7482,-0.0068,-0.6635,7,90.4,0,0,27.981,0,0,0,4,0,0,0,2037.87,0,0,0,90.4,1,0,0,0,0,3,0,0,0,11.5,-7.947,0,0,2,2,0,0,VALID,0,0,0,0,0,1,0,0,0,0,0,0,0,0,0,0,0,0,0,0,326.2,1016.66,2,0,0.1,0.1,4542,10.71,0.1,0.08,25.12,FLYING,X10-F,0:/Integrated Flight Computer/aircraft/x10_f_cfg.ks (inferred preloaded)
380.4,APPROACH,FLY_TO_FIX,148.82,149,0.18,852.88,-3.57,11.46,14.41,48.53,27.888,0.3004,0,20,1,0.6,4.5,0.822,0.35,0.0168,0.4,0,22.787,0,-0.18,0,64.35,-0.449,0,0,-1.38,15.82,1,-0.44,64.33,0.7482,-0.0068,-0.6635,7,90.4,0,0,27.953,0,0,0,4,0,0,0,2035.9,0,0,0,90.4,1,0,0,0,0,3,0,0,0,11.5,-7.947,0,0,2,2,0,0,VALID,0,0,0,0,0,1,0,0,0,0,0,0,0,0,0,0,0,0,0,0,319.75,1016.62,2,0,0.08,0.08,4545,11.54,0.1,0.08,25.38,FLYING,X10-F,0:/Integrated Flight Computer/aircraft/x10_f_cfg.ks (inferred preloaded)
380.68,APPROACH,FLY_TO_FIX,148.77,149,0.23,848.27,-3.49,11.63,14.61,49.19,28.238,0.3535,0,20,1,0.6,4.5,0.822,0.35,0.0168,0.4,0,22.799,0,-0.222,0,64.42,-0.47,0,0,-1.35,15.23,1,-0.46,64.39,0.7482,-0.0068,-0.6635,7,90.4,0,0,27.922,0,0,0,4,0,0,0,2033.76,0,0,0,90.4,1,0,0,0,0,3,0,0,0,11.5,-7.947,0,0,2,2,0,0,VALID,0,0,0,0,0,1,0,0,0,0,0,0,0,0,0,0,0,0,0,0,319.45,1016.5,2,0,0.1,0.1,4548,10.71,0.1,0.08,25.66,FLYING,X10-F,0:/Integrated Flight Computer/aircraft/x10_f_cfg.ks (inferred preloaded)
380.94,APPROACH,FLY_TO_FIX,148.72,149,0.28,844.89,-3.37,11.73,14.73,49.82,28.708,0.3935,0,20,1,0.6,4.5,0.822,0.35,0.0168,0.4,0,22.815,0,-0.278,0,64.48,-0.499,0,0,-1.31,14.65,1,-0.49,64.46,0.7482,-0.0068,-0.6635,7,90.4,0,0,27.893,0,0,0,4,0,0,0,2031.75,0,0,0,90.4,1,0,0,0,0,3,0,0,0,11.5,-7.947,0,0,2,2,0,0,VALID,0,0,0,0,0,1,0,0,0,0,0,0,0,0,0,0,0,0,0,0,321.98,1016.31,2,0,0.08,0.08,4551,11.54,0.1,0.08,25.92,FLYING,X10-F,0:/Integrated Flight Computer/aircraft/x10_f_cfg.ks (inferred preloaded)
381.22,APPROACH,FLY_TO_FIX,148.65,149,0.35,842.61,-3.29,11.69,14.7,50.45,29.135,0.4217,0,20,1,0.6,4.5,0.822,0.35,0.0168,0.4,0,22.834,0,-0.347,0,64.55,-0.522,0,0,-1.27,14.1,1,-0.52,64.52,0.7482,-0.0068,-0.6635,7,90.4,0,0,27.862,0,0,0,4,0,0,0,2029.57,0,0,0,90.4,1,0,0,0,0,3,0,0,0,11.5,-7.947,0,0,2,2,0,0,VALID,0,0,0,0,0,1,0,0,0,0,0,0,0,0,0,0,0,0,0,0,326.66,1016.07,2,0,0.1,0.1,4554,10.71,0.1,0.08,26.2,FLYING,X10-F,0:/Integrated Flight Computer/aircraft/x10_f_cfg.ks (inferred preloaded)
381.48,APPROACH,FLY_TO_FIX,148.6,149,0.4,840.81,-3.22,11.62,14.64,51,29.403,0.4258,0,20,1,0.6,4.5,0.822,0.35,0.0168,0.4,0,22.847,0,-0.394,0,64.61,-0.538,0,0,-1.24,13.61,1,-0.53,64.59,0.7482,-0.0068,-0.6635,7,90.4,0,0,27.833,0,0,0,4,0,0,0,2027.52,0,0,0,90.4,1,0,0,0,0,3,0,0,0,11.5,-7.947,0,0,2,2,0,0,VALID,0,0,0,0,0,1,0,0,0,0,0,0,0,0,0,0,0,0,0,0,331.85,1015.92,2,0,0.08,0.08,4557,11.54,0.1,0.08,26.46,FLYING,X10-F,0:/Integrated Flight Computer/aircraft/x10_f_cfg.ks (inferred preloaded)
381.76,APPROACH,FLY_TO_FIX,148.57,149,0.43,838.72,-3.19,11.5,14.5,51.51,29.449,0.4152,0,20,1,0.6,4.5,0.822,0.35,0.0168,0.4,0,22.856,0,-0.425,0,64.67,-0.543,0,0,-1.23,13.16,1,-0.54,64.65,0.7482,-0.0068,-0.6635,7,90.4,0,0,27.801,0,0,0,4,0,0,0,2025.29,0,0,0,90.4,1,0,0,0,0,3,0,0,0,11.5,-7.947,0,0,2,2,0,0,VALID,0,0,0,0,0,1,0,0,0,0,0,0,0,0,0,0,0,0,0,0,337.22,1015.85,2,0,0.1,0.1,4560,10.71,0.1,0.08,26.74,FLYING,X10-F,0:/Integrated Flight Computer/aircraft/x10_f_cfg.ks (inferred preloaded)
382.02,APPROACH,FLY_TO_FIX,148.58,149,0.42,837.59,-3.28,11.49,14.53,51.98,29.347,0.3907,0,20,1,0.6,4.5,0.822,0.35,0.0168,0.4,0,22.856,0,-0.425,0,64.73,-0.515,0,0,-1.26,12.75,1,-0.53,64.71,0.7482,-0.0068,-0.6635,7,90.4,0,0,27.771,0,0,0,4,0,0,0,2023.21,0,0,0,90.4,1,0,0,0,0,3,0,0,0,11.5,-7.947,0,0,2,2,0,0,VALID,0,0,0,0,0,1,0,0,0,0,0,0,0,0,0,0,0,0,0,0,341.21,1015.9,2,0,0.08,0.08,4563,11.54,0.1,0.08,27,FLYING,X10-F,0:/Integrated Flight Computer/aircraft/x10_f_cfg.ks (inferred preloaded)
382.3,APPROACH,FLY_TO_FIX,148.57,149,0.43,835.83,-3.16,11.76,14.76,52.59,28.942,0.3821,0,20,1,0.6,4.5,0.822,0.35,0.0168,0.4,0,22.857,0,-0.429,0,64.8,-0.535,0,0,-1.24,12.21,1,-0.5,64.77,0.7482,-0.0068,-0.6635,7,90.4,0,0,27.739,0,0,0,4,0,0,0,2020.94,0,0,0,90.4,1,0,0,0,0,3,0,0,0,11.5,-7.947,0,0,2,2,0,0,VALID,0,0,0,0,0,1,0,0,0,0,0,0,0,0,0,0,0,0,0,0,344.01,1015.93,2,0,0.1,0.1,4566,10.71,0.1,0.08,27.28,FLYING,X10-F,0:/Integrated Flight Computer/aircraft/x10_f_cfg.ks (inferred preloaded)
382.56,APPROACH,FLY_TO_FIX,148.5,149,0.5,834.63,-2.97,11.51,14.29,52.83,28.737,0.4224,0,20,1,0.6,4.5,0.822,0.35,0.0168,0.4,0,22.877,0,-0.498,0,64.85,-0.598,0,0,-1.14,12.02,1,-0.59,64.83,0.7482,-0.0068,-0.6635,7,90.4,0,0,27.708,0,0,0,4,0,0,0,2018.82,0,0,0,90.4,1,0,0,0,0,3,0,0,0,11.5,-7.947,0,0,2,2,0,0,VALID,0,0,0,0,0,1,0,0,0,0,0,0,0,0,0,0,0,0,0,0,346.87,1015.69,2,0,0.08,0.08,4569,11.54,0.1,0.08,27.54,FLYING,X10-F,0:/Integrated Flight Computer/aircraft/x10_f_cfg.ks (inferred preloaded)
382.84,APPROACH,FLY_TO_FIX,148.55,149,0.45,835.36,-3.11,11.15,13.94,53.1,28.656,0.3647,0,20,1,0.6,4.5,0.822,0.35,0.0168,0.4,0,22.864,0,-0.454,0,64.91,-0.554,0,0,-1.19,11.82,1,-0.57,64.89,0.7482,-0.0068,-0.6635,7,90.4,0,0,27.675,0,0,0,4,0,0,0,2016.52,0,0,0,90.4,1,0,0,0,0,3,0,0,0,11.5,-7.947,0,0,2,2,0,0,VALID,0,0,0,0,0,1,0,0,0,0,0,0,0,0,0,0,0,0,0,0,350.65,1015.94,2,0,0.1,0.1,4572,10.71,0.1,0.08,27.82,FLYING,X10-F,0:/Integrated Flight Computer/aircraft/x10_f_cfg.ks (inferred preloaded)
383.1,APPROACH,FLY_TO_FIX,148.63,149,0.37,836.07,-3.26,11.21,14.1,53.58,28.574,0.3104,0,20,1,0.6,4.5,0.822,0.35,0.0168,0.4,0,22.843,0,-0.377,0,64.97,-0.498,0,0,-1.26,11.38,1,-0.51,64.95,0.7482,-0.0068,-0.6635,7,90.4,0,0,27.644,0,0,0,4,0,0,0,2014.36,0,0,0,90.4,1,0,0,0,0,3,0,0,0,11.5,-7.947,0,0,2,2,0,0,VALID,0,0,0,0,0,1,0,0,0,0,0,0,0,0,0,0,0,0,0,0,350.75,1016.32,2,0,0.08,0.08,4575,11.54,0.1,0.08,28.08,FLYING,X10-F,0:/Integrated Flight Computer/aircraft/x10_f_cfg.ks (inferred preloaded)
383.38,APPROACH,FLY_TO_FIX,148.66,149,0.34,834.54,-3.09,11.23,13.97,54.02,28.151,0.3138,0,20,1,0.6,4.5,0.822,0.35,0.0168,0.4,0,22.832,0,-0.341,0,65.02,-0.547,0,0,-1.19,11,1,-0.54,65,0.7482,-0.0068,-0.6635,7,90.4,0,0,27.611,0,0,0,4,0,0,0,2012.01,0,0,0,90.4,1,0,0,0,0,3,0,0,0,11.5,-7.947,0,0,2,2,0,0,VALID,0,0,0,0,0,1,0,0,0,0,0,0,0,0,0,0,0,0,0,0,347.26,1016.51,2,0,0.1,0.1,4578,10.71,0.1,0.08,28.36,FLYING,X10-F,0:/Integrated Flight Computer/aircraft/x10_f_cfg.ks (inferred preloaded)
383.64,APPROACH,FLY_TO_FIX,148.72,149,0.28,834.64,-3.2,11.07,13.84,54.36,28.237,0.2918,0,20,1,0.6,4.5,0.822,0.35,0.0168,0.4,0,22.816,0,-0.282,0,65.08,-0.514,0,0,-1.22,10.71,1,-0.53,65.06,0.7482,-0.0068,-0.6635,7,90.4,0,0,27.58,0,0,0,4,0,0,0,2009.82,0,0,0,90.4,1,0,0,0,0,3,0,0,0,11.5,-7.947,0,0,2,2,0,0,VALID,0,0,0,0,0,1,0,0,0,0,0,0,0,0,0,0,0,0,0,0,344.62,1016.82,2,0,0.08,0.08,4581,11.54,0.1,0.08,28.62,FLYING,X10-F,0:/Integrated Flight Computer/aircraft/x10_f_cfg.ks (inferred preloaded)
383.92,APPROACH,FLY_TO_FIX,148.79,149,0.21,835.49,-3.39,11.27,14.19,54.99,28.261,0.2739,0,20,1,0.6,4.5,0.822,0.35,0.0168,0.4,0,22.795,0,-0.209,0,65.13,-0.451,0,0,-1.3,10.14,1,-0.47,65.11,0.7482,-0.0068,-0.6635,7,90.4,0,0,27.546,0,0,0,4,0,0,0,2007.44,0,0,0,90.4,1,0,0,0,0,3,0,0,0,11.5,-7.947,0,0,2,2,0,0,VALID,0,0,0,0,0,1,0,0,0,0,0,0,0,0,0,0,0,0,0,0,339.62,1017.18,2,0,0.1,0.1,4584,10.71,0.1,0.08,28.9,FLYING,X10-F,0:/Integrated Flight Computer/aircraft/x10_f_cfg.ks (inferred preloaded)
384.18,APPROACH,FLY_TO_FIX,148.79,149,0.21,834.88,-3.13,11.59,14.4,55.62,28.125,0.3152,0,20,1,0.6,4.5,0.822,0.35,0.0168,0.4,0,22.795,0,-0.208,0,65.18,-0.518,0,0,-1.22,9.56,1,-0.48,65.17,0.7482,-0.0068,-0.6635,7,90.4,0,0,27.514,0,0,0,4,0,0,0,2005.21,0,0,0,90.4,1,0,0,0,0,3,0,0,0,11.5,-7.947,0,0,2,2,0,0,VALID,0,0,0,0,0,1,0,0,0,0,0,0,0,0,0,0,0,0,0,0,334.76,1017.2,2,0,0.08,0.08,4587,11.54,0.1,0.08,29.16,FLYING,X10-F,0:/Integrated Flight Computer/aircraft/x10_f_cfg.ks (inferred preloaded)
384.46,APPROACH,FLY_TO_FIX,148.75,149,0.25,832.32,-3.11,11.41,14.18,56,28.155,0.3585,0,20,1,0.6,4.5,0.822,0.35,0.0168,0.4,0,22.807,0,-0.251,0,65.24,-0.526,0,0,-1.19,9.24,1,-0.53,65.22,0.7482,-0.0068,-0.6635,7,90.4,0,0,27.479,0,0,0,4,0,0,0,2002.8,0,0,0,90.4,1,0,0,0,0,3,0,0,0,11.5,-7.947,0,0,2,2,0,0,VALID,0,0,0,0,0,1,0,0,0,0,0,0,0,0,0,0,0,0,0,0,334.73,1017.09,2,0,0.1,0.1,4590,10.71,0.1,0.08,29.44,FLYING,X10-F,0:/Integrated Flight Computer/aircraft/x10_f_cfg.ks (inferred preloaded)
384.72,APPROACH,FLY_TO_FIX,148.77,149,0.23,829.25,-3.21,11.45,14.31,56.53,28.326,0.3425,0,20,1,0.6,4.5,0.822,0.35,0.0168,0.4,0,22.802,0,-0.232,0,65.29,-0.488,0,0,-1.24,8.76,1,-0.5,65.27,0.7482,-0.0068,-0.6635,7,90.4,0,0,27.447,0,0,0,4,0,0,0,2000.54,0,0,0,90.4,1,0,0,0,0,3,0,0,0,11.5,-7.947,0,0,2,2,0,0,VALID,0,0,0,0,0,1,0,0,0,0,0,0,0,0,0,0,0,0,0,0,336.03,1017.22,2,0,0.08,0.08,4593,11.54,0.1,0.08,29.7,FLYING,X10-F,0:/Integrated Flight Computer/aircraft/x10_f_cfg.ks (inferred preloaded)
385,APPROACH,FLY_TO_FIX,148.75,149,0.25,827.71,-3.05,11.49,14.27,57.06,28.235,0.3593,0,20,1,0.6,4.5,0.822,0.35,0.0168,0.4,0,22.806,0,-0.247,0,65.34,-0.533,0,0,-1.18,8.28,1,-0.53,65.32,0.7482,-0.0068,-0.6635,7,90.4,0,0,27.412,0,0,0,4,0,0,0,1998.08,0,0,0,90.4,1,0,0,0,0,3,0,0,0,11.5,-7.947,0,0,2,2,0,0,VALID,0,0,0,0,0,1,0,0,0,0,0,0,0,0,0,0,0,0,0,0,336.83,1017.2,2,0,0.1,0.1,4596,10.71,0.1,0.08,29.98,FLYING,X10-F,0:/Integrated Flight Computer/aircraft/x10_f_cfg.ks (inferred preloaded)
385.26,APPROACH,FLY_TO_FIX,148.77,149,0.23,827.29,-3.11,11.48,14.29,57.49,28.147,0.3474,0,20,1,0.6,4.5,0.822,0.35,0.0168,0.4,0,22.803,0,-0.237,0,65.38,-0.508,0,0,-1.2,7.89,1,-0.51,65.37,0.7482,-0.0068,-0.6635,7,90.4,0,0,27.379,0,0,0,4,0,0,0,1995.79,0,0,0,90.4,1,0,0,0,0,3,0,0,0,11.5,-7.947,0,0,2,2,0,0,VALID,0,0,0,0,0,1,0,0,0,0,0,0,0,0,0,0,0,0,0,0,338.25,1017.3,2,0,0.08,0.08,4599,11.54,0.1,0.08,30.24,FLYING,X10-F,0:/Integrated Flight Computer/aircraft/x10_f_cfg.ks (inferred preloaded)
385.54,APPROACH,FLY_TO_FIX,148.78,149,0.22,822.04,-3.03,11.53,14.29,58,28.114,0.3428,0,20,1,0.6,4.5,0.822,0.35,0.0168,0.4,0,22.8,0,-0.225,0,65.43,-0.533,0,0,-1.17,7.43,1,-0.52,65.41,0.7482,-0.0068,-0.6635,7,90.4,0,0,27.343,0,0,0,4,0,0,0,1993.3,0,0,0,90.4,1,0,0,0,0,3,0,0,0,11.5,-7.947,0,0,2,2,0,0,VALID,0,0,0,0,0,1,0,0,0,0,0,0,0,0,0,0,0,0,0,0,339.02,1017.39,2,0,0.1,0.1,4602,10.71,0.1,0.08,30.52,FLYING,X10-F,0:/Integrated Flight Computer/aircraft/x10_f_cfg.ks (inferred preloaded)
385.8,APPROACH,FLY_TO_FIX,148.79,149,0.21,817.88,-2.96,11.59,14.33,58.49,28.112,0.3376,0,20,1,0.6,4.5,0.822,0.35,0.0168,0.4,0,22.796,0,-0.212,0,65.47,-0.544,0,0,-1.15,6.98,1,-0.52,65.46,0.7482,-0.0068,-0.6635,7,90.4,0,0,27.31,0,0,0,4,0,0,0,1990.98,0,0,0,90.4,1,0,0,0,0,3,0,0,0,11.5,-7.947,0,0,2,2,0,0,VALID,0,0,0,0,0,1,0,0,0,0,0,0,0,0,0,0,0,0,0,0,339.46,1017.49,2,0,0.08,0.08,4605,11.54,0.1,0.08,30.78,FLYING,X10-F,0:/Integrated Flight Computer/aircraft/x10_f_cfg.ks (inferred preloaded)
386.08,APPROACH,FLY_TO_FIX,148.79,149,0.21,814.32,-2.95,11.51,14.23,58.95,28.129,0.3405,0,20,1,0.6,4.5,0.822,0.35,0.0168,0.4,0,22.795,0,-0.208,0,65.52,-0.549,0,0,-1.13,6.57,1,-0.55,65.5,0.7482,-0.0068,-0.6635,7,90.4,0,0,27.274,0,0,0,4,0,0,0,1988.46,0,0,0,90.4,1,0,0,0,0,3,0,0,0,11.5,-7.947,0,0,2,2,0,0,VALID,0,0,0,0,0,1,0,0,0,0,0,0,0,0,0,0,0,0,0,0,339.88,1017.57,2,0,0.1,0.1,4608,10.71,0.1,0.08,31.06,FLYING,X10-F,0:/Integrated Flight Computer/aircraft/x10_f_cfg.ks (inferred preloaded)
386.34,APPROACH,FLY_TO_FIX,148.82,149,0.18,811.03,-3.03,11.62,14.41,59.47,28.063,0.3286,0,20,1,0.6,4.5,0.822,0.35,0.0168,0.4,0,22.788,0,-0.185,0,65.56,-0.518,0,0,-1.17,6.09,1,-0.53,65.55,0.7482,-0.0068,-0.6635,7,90.4,0,0,27.24,0,0,0,4,0,0,0,1986.1,0,0,0,90.4,1,0,0,0,0,3,0,0,0,11.5,-7.947,0,0,2,2,0,0,VALID,0,0,0,0,0,1,0,0,0,0,0,0,0,0,0,0,0,0,0,0,340.03,1017.71,2,0,0.08,0.08,4611,11.54,0.1,0.08,31.32,FLYING,X10-F,0:/Integrated Flight Computer/aircraft/x10_f_cfg.ks (inferred preloaded)
386.62,APPROACH,FLY_TO_FIX,148.78,149,0.22,807.06,-2.76,11.66,14.29,59.96,27.983,0.3603,0,20,1,0.6,4.5,0.822,0.35,0.0168,0.4,0,22.796,0,-0.212,0,65.6,-0.595,0,0,-1.07,5.64,1,-0.57,65.59,0.7482,-0.0068,-0.6635,7,90.4,0,0,27.204,0,0,0,4,0,0,0,1983.55,0,0,0,90.4,1,0,0,0,0,3,0,0,0,11.5,-7.947,0,0,2,2,0,0,VALID,0,0,0,0,0,1,0,0,0,0,0,0,0,0,0,0,0,0,0,0,339.86,1017.62,2,0,0.1,0.1,4614,10.71,0.1,0.08,31.6,FLYING,X10-F,0:/Integrated Flight Computer/aircraft/x10_f_cfg.ks (inferred preloaded)
386.88,APPROACH,FLY_TO_FIX,148.79,149,0.21,807.15,-2.83,11.47,14.12,60.32,27.995,0.3502,0,20,1,0.6,4.5,0.822,0.35,0.0168,0.4,0,22.795,0,-0.208,0,65.64,-0.574,0,0,-1.08,5.32,1,-0.59,65.63,0.7482,-0.0068,-0.6635,7,90.4,0,0,27.17,0,0,0,4,0,0,0,1981.16,0,0,0,90.4,1,0,0,0,0,3,0,0,0,11.5,-7.947,0,0,2,2,0,0,VALID,0,0,0,0,0,1,0,0,0,0,0,0,0,0,0,0,0,0,0,0,341.31,1017.7,2,0,0.08,0.08,4617,11.54,0.1,0.08,31.86,FLYING,X10-F,0:/Integrated Flight Computer/aircraft/x10_f_cfg.ks (inferred preloaded)
387.16,APPROACH,FLY_TO_FIX,148.82,149,0.18,809.6,-2.81,11.46,14.1,60.8,27.919,0.331,0,20,1,0.6,4.5,0.822,0.35,0.0168,0.4,0,22.787,0,-0.179,0,65.68,-0.575,0,0,-1.08,4.88,1,-0.58,65.67,0.7482,-0.0068,-0.6635,7,90.4,0,0,27.133,0,0,0,4,0,0,0,1978.57,0,0,0,90.4,1,0,0,0,0,3,0,0,0,11.5,-7.947,0,0,2,2,0,0,VALID,0,0,0,0,0,1,0,0,0,0,0,0,0,0,0,0,0,0,0,0,341.8,1017.87,2,0,0.1,0.1,4620,10.71,0.1,0.08,32.14,FLYING,X10-F,0:/Integrated Flight Computer/aircraft/x10_f_cfg.ks (inferred preloaded)
387.42,APPROACH,FLY_TO_FIX,148.86,149,0.14,810.56,-2.81,11.55,14.22,61.31,27.991,0.3156,0,20,1,0.6,4.5,0.822,0.35,0.0168,0.4,0,22.777,0,-0.146,0,65.72,-0.567,0,0,-1.09,4.41,1,-0.56,65.71,0.7482,-0.0068,-0.6635,7,90.4,0,0,27.098,0,0,0,4,0,0,0,1976.16,0,0,0,90.4,1,0,0,0,0,3,0,0,0,11.5,-7.947,0,0,2,2,0,0,VALID,0,0,0,0,0,1,0,0,0,0,0,0,0,0,0,0,0,0,0,0,341.05,1018.05,2,0,0.08,0.08,4623,11.54,0.1,0.08,32.4,FLYING,X10-F,0:/Integrated Flight Computer/aircraft/x10_f_cfg.ks (inferred preloaded)
387.7,APPROACH,FLY_TO_FIX,148.87,149,0.13,809.72,-2.77,11.58,14.23,61.83,27.99,0.3215,0,20,1,0.6,4.5,0.822,0.35,0.0168,0.4,0,22.773,0,-0.131,0,65.75,-0.579,0,0,-1.06,3.92,1,-0.58,65.74,0.7482,-0.0068,-0.6635,7,90.4,0,0,27.061,0,0,0,4,0,0,0,1973.54,0,0,0,90.4,1,0,0,0,0,3,0,0,0,11.5,-7.947,0,0,2,2,0,0,VALID,0,0,0,0,0,1,0,0,0,0,0,0,0,0,0,0,0,0,0,0,339.41,1018.16,2,0,0.1,0.1,4626,10.71,0.1,0.08,32.68,FLYING,X10-F,0:/Integrated Flight Computer/aircraft/x10_f_cfg.ks (inferred preloaded)
387.96,APPROACH,FLY_TO_FIX,148.88,149,0.12,806.97,-2.7,11.62,14.24,62.31,28.011,0.3265,0,20,1,0.6,4.5,0.822,0.35,0.0168,0.4,0,22.77,0,-0.121,0,65.79,-0.598,0,0,-1.04,3.48,1,-0.6,65.78,0.7482,-0.0068,-0.6635,7,90.4,0,0,27.026,0,0,0,4,0,0,0,1971.09,0,0,0,90.4,1,0,0,0,0,3,0,0,0,11.5,-7.947,0,0,2,2,0,0,VALID,0,0,0,0,0,1,0,0,0,0,0,0,0,0,0,0,0,0,0,0,338.32,1018.24,2,0,0.08,0.08,4629,11.54,0.1,0.08,32.94,FLYING,X10-F,0:/Integrated Flight Computer/aircraft/x10_f_cfg.ks (inferred preloaded)
388.24,APPROACH,FLY_TO_FIX,148.89,149,0.11,804,-2.65,11.71,14.35,62.88,28.068,0.328,0,20,1,0.6,4.5,0.822,0.35,0.0168,0.4,0,22.768,0,-0.111,0,65.82,-0.599,0,0,-1.04,2.94,1,-0.58,65.81,0.7482,-0.0068,-0.6635,7,90.4,0,0,26.988,0,0,0,4,0,0,0,1968.44,0,0,0,90.4,1,0,0,0,0,3,0,0,0,11.5,-7.947,0,0,2,2,0,0,VALID,0,0,0,0,0,1,0,0,0,0,0,0,0,0,0,0,0,0,0,0,337.84,1018.32,2,0,0.1,0.1,4632,10.71,0.1,0.08,33.22,FLYING,X10-F,0:/Integrated Flight Computer/aircraft/x10_f_cfg.ks (inferred preloaded)
388.5,APPROACH,FLY_TO_FIX,148.87,149,0.13,803,-2.58,11.6,14.18,63.31,28.193,0.3525,0,20,1,0.6,4.5,0.822,0.35,0.0168,0.4,0,22.774,0,-0.135,0,65.85,-0.628,0,0,-0.99,2.55,1,-0.63,65.84,0.7482,-0.0068,-0.6635,7,90.4,0,0,26.952,0,0,0,4,0,0,0,1965.97,0,0,0,90.4,1,0,0,0,0,3,0,0,0,11.5,-7.947,0,0,2,2,0,0,VALID,0,0,0,0,0,1,0,0,0,0,0,0,0,0,0,0,0,0,0,0,338,1018.26,2,0,0.08,0.08,4635,11.54,0.1,0.08,33.48,FLYING,X10-F,0:/Integrated Flight Computer/aircraft/x10_f_cfg.ks (inferred preloaded)
388.78,APPROACH,FLY_TO_FIX,148.88,149,0.12,802.41,-2.65,11.63,14.3,63.86,28.304,0.3365,0,20,1,0.6,4.5,0.822,0.35,0.0168,0.4,0,22.769,0,-0.117,0,65.89,-0.597,0,0,-1.03,2.02,1,-0.6,65.87,0.7482,-0.0068,-0.6635,7,90.4,0,0,26.914,0,0,0,4,0,0,0,1963.29,0,0,0,90.4,1,0,0,0,0,3,0,0,0,11.5,-7.947,0,0,2,2,0,0,VALID,0,0,0,0,0,1,0,0,0,0,0,0,0,0,0,0,0,0,0,0,338.9,1018.38,2,0,0.1,0.1,4638,10.71,0.1,0.08,33.76,FLYING,X10-F,0:/Integrated Flight Computer/aircraft/x10_f_cfg.ks (inferred preloaded)
389.04,APPROACH,FLY_TO_FIX,148.87,149,0.13,800.04,-2.55,11.67,14.28,64.36,28.33,0.3471,0,20,1,0.6,4.5,0.822,0.35,0.0168,0.4,0,22.772,0,-0.126,0,65.91,-0.627,0,0,-0.98,1.55,1,-0.63,65.9,0.7482,-0.0068,-0.6635,7,90.4,0,0,26.878,0,0,0,4,0,0,0,1960.79,0,0,0,90.4,1,0,0,0,0,3,0,0,0,11.5,-7.947,0,0,2,2,0,0,VALID,0,0,0,0,0,1,0,0,0,0,0,0,0,0,0,0,0,0,0,0,339.19,1018.38,2,0,0.08,0.08,4641,11.54,0.1,0.08,34.02,FLYING,X10-F,0:/Integrated Flight Computer/aircraft/x10_f_cfg.ks (inferred preloaded)
389.32,APPROACH,FLY_TO_FIX,148.88,149,0.12,798.68,-2.46,11.64,14.22,64.87,28.401,0.3431,0,20,1,0.6,4.5,0.822,0.35,0.0168,0.4,0,22.771,0,-0.121,0,65.94,-0.649,0,0,-0.95,1.07,1,-0.63,65.93,0.7482,-0.0068,-0.6635,7,90.4,0,0,26.84,0,0,0,4,0,0,0,1958.08,0,0,0,90.4,1,0,0,0,0,3,0,0,0,11.5,-7.947,0,0,2,2,0,0,VALID,0,0,0,0,0,1,0,0,0,0,0,0,0,0,0,0,0,0,0,0,339.84,1018.44,2,0,0.1,0.1,4644,10.71,0.1,0.08,34.3,FLYING,X10-F,0:/Integrated Flight Computer/aircraft/x10_f_cfg.ks (inferred preloaded)
389.58,APPROACH,FLY_TO_FIX,148.89,149,0.11,797.91,-2.54,11.59,14.2,65.32,28.349,0.3362,0,20,1,0.6,4.5,0.822,0.35,0.0168,0.4,0,22.768,0,-0.112,0,65.97,-0.625,0,0,-0.97,0.65,1,-0.64,65.96,0.7482,-0.0068,-0.6635,7,90.4,0,0,26.803,0,0,0,4,0,0,0,1955.55,0,0,0,90.4,1,0,0,0,0,3,0,0,0,11.5,-7.947,0,0,2,2,0,0,VALID,0,0,0,0,0,1,0,0,0,0,0,0,0,0,0,0,0,0,0,0,340.36,1018.52,2,0,0.08,0.08,4647,11.54,0.1,0.08,34.56,FLYING,X10-F,0:/Integrated Flight Computer/aircraft/x10_f_cfg.ks (inferred preloaded)
389.86,APPROACH,FLY_TO_FIX,148.9,149,0.1,796.55,-2.63,11.92,14.61,65.92,27.855,0.3325,0,20,1,0.6,4.5,0.822,0.35,0.0168,0.4,0,22.765,0,-0.101,0,65.99,-0.588,0,0,-1.02,0.07,1,-0.59,65.98,0.7482,-0.0068,-0.6635,7,90.4,0,0,26.764,0,0,0,4,0,0,0,1952.81,0,0,0,90.4,1,0,0,0,0,3,0,0,0,11.5,-7.947,0,0,2,2,0,0,VALID,0,0,0,0,0,1,0,0,0,0,0,0,0,0,0,0,0,0,0,0,340.33,1018.61,2,0,0.1,0.1,4650,10.71,0.1,0.08,34.84,FLYING,X10-F,0:/Integrated Flight Computer/aircraft/x10_f_cfg.ks (inferred preloaded)
390.12,APPROACH,FLY_TO_FIX,148.82,149,0.18,792.96,-2.18,12.07,14.47,66.33,27.302,0.3933,0,20,1,0.6,4.5,0.822,0.35,0.0168,0.4,0,22.785,0,-0.172,0,66.01,-0.713,0,0,-0.87,0.31,1,-0.67,66.01,0.7482,-0.0068,-0.6635,7,90.4,0,0,26.728,0,0,0,4,0,0,0,1950.25,0,0,0,90.4,1,0,0,0,0,3,0,0,0,11.5,-7.947,0,0,2,2,0,0,VALID,0,0,0,0,0,1,0,0,0,0,0,0,0,0,0,0,0,0,0,0,340.62,1018.3,2,0,0.08,0.08,4653,11.54,0.1,0.08,35.1,FLYING,X10-F,0:/Integrated Flight Computer/aircraft/x10_f_cfg.ks (inferred preloaded)
390.4,APPROACH,FLY_TO_FIX,148.69,149,0.31,786.49,-1.92,11.1,13.15,66.2,27.35,0.461,0,20,1,0.6,4.5,0.822,0.35,0.0168,0.4,0,22.823,0,-0.308,0,66.04,-0.799,0,0,-0.74,0.16,1,-0.79,66.03,0.7482,-0.0068,-0.6635,7,90.4,0,0,26.688,0,0,0,4,0,0,0,1947.49,0,0,0,90.4,1,0,0,0,0,3,0,0,0,11.5,-7.947,0,0,2,2,0,0,VALID,0,0,0,0,0,1,0,0,0,0,0,0,0,0,0,0,0,0,0,0,345.3,1017.79,2,0,0.1,0.1,4656,10.71,0.1,0.08,35.38,FLYING,X10-F,0:/Integrated Flight Computer/aircraft/x10_f_cfg.ks (inferred preloaded)
390.66,APPROACH,FLY_TO_FIX,148.8,149,0.2,783.88,-2.15,9.86,11.8,65.92,26.934,0.3596,0,20,1,0.6,4.5,0.822,0.35,0.0168,0.4,0,22.796,0,-0.21,0,66.06,-0.733,0,0,-0.81,0.13,1,-0.76,66.05,0.7482,-0.0068,-0.6635,7,90.4,0,0,26.651,0,0,0,4,0,0,0,1944.91,0,0,0,90.4,1,0,0,0,0,3,0,0,0,11.5,-7.947,0,0,2,2,0,0,VALID,0,0,0,0,0,1,0,0,0,0,0,0,0,0,0,0,0,0,0,0,350.3,1018.27,2,0,0.08,0.08,4659,11.54,0.1,0.08,35.64,FLYING,X10-F,0:/Integrated Flight Computer/aircraft/x10_f_cfg.ks (inferred preloaded)
390.94,APPROACH,FLY_TO_FIX,149.06,149,-0.06,783.3,-2.63,8.78,10.84,65.86,27.543,0.2476,0,19.996,1,0.6,4.5,0.822,0.35,0.0168,0.4,0,22.725,0,0.04,0,66.08,-0.589,0,0,-0.98,0.22,1,-0.65,66.07,0.7482,-0.0068,-0.6635,7,90.4,0,0,26.611,0,0,0,4,0,0,0,1942.11,0,0,0,90.4,1,0,0,0,0,3,0,0,0,11.5,-7.947,0,0,2,2,0,0,VALID,0,0,0,0,0,1,0,0,0,0,0,0,0,0,0,0,0,0,0,0,348.88,1019.39,2,0,0.1,0.1,4662,10.71,0.1,0.08,35.92,FLYING,X10-F,0:/Integrated Flight Computer/aircraft/x10_f_cfg.ks (inferred preloaded)
391.2,APPROACH,FLY_TO_FIX,149.36,149,-0.36,783.17,-3.26,8.23,10.54,66.1,27.751,0.1436,0,19.935,1,0.6,4.5,0.822,0.35,0.0168,0.4,0,22.642,0,0.335,0,66.09,-0.397,0,0,-1.21,0.01,1,-0.46,66.09,0.7482,-0.0068,-0.6635,7,90.4,0,0,26.574,0,0,0,4,0,0,0,1939.51,0,0,0,90.4,1,0,0,0,0,3,0,0,0,11.5,-7.947,0,0,2,2,0,0,VALID,0,0,0,0,0,1,0,0,0,0,0,0,0,0,0,0,0,0,0,0,338.51,1020.69,2,0,0.08,0.08,4665,11.54,0.1,0.08,36.18,FLYING,X10-F,0:/Integrated Flight Computer/aircraft/x10_f_cfg.ks (inferred preloaded)
391.48,APPROACH,FLY_TO_FIX,149.66,149,-0.66,781.07,-3.98,8.34,10.98,66.63,27.266,0.0316,0,19.637,1,0.6,4.5,0.789,0.35,0.0168,0.4,0,22.555,0,0.642,0,66.11,-0.176,0,0,-1.49,0.52,1,-0.25,66.1,0.7482,-0.0068,-0.6635,7,90.4,0,0,26.534,0,0,0,4,0,0,0,1936.68,0,0,0,90.4,1,0,0,0,0,3,0,0,0,11.5,-7.947,0,0,2,2,0,0,VALID,0,0,0,0,0,1,0,0,0,0,0,0,0,0,0,0,0,0,0,0,318.03,1022.04,2,0,0.1,0.1,4668,10.71,0.1,0.08,36.46,FLYING,X10-F,0:/Integrated Flight Computer/aircraft/x10_f_cfg.ks (inferred preloaded)
391.74,APPROACH,FLY_TO_FIX,149.85,149,-0.85,779.6,-4.46,9.07,11.92,67.24,25.236,0,0,19.344,1,0.6,4.5,0.75,0.35,0.0168,0.4,0,22.5,0,0.837,0,66.12,-0.022,0,0,-1.68,1.12,1,-0.07,66.12,0.7482,-0.0068,-0.6635,7,90.4,0,0,26.496,0,0,0,4,0,0,0,1934.05,0,0,0,90.4,1,0,0,0,0,3,0,0,0,11.5,-7.947,0,0,2,2,0,0,VALID,0,0,0,0,0,1,0,0,0,0,0,0,0,0,0,0,0,0,0,0,291.85,1022.91,2,0,0.08,0.08,4671,11.54,0.1,0.08,36.72,FLYING,X10-F,0:/Integrated Flight Computer/aircraft/x10_f_cfg.ks (inferred preloaded)
392.02,APPROACH,FLY_TO_FIX,149.9,149,-0.9,778.7,-4.63,10.41,13.28,67.84,22.372,0.072,0,19.095,1,0.6,4.5,0.75,0.35,0.0168,0.4,0,22.483,0,0.9,0,66.14,0.047,0,0,-1.78,1.7,1,0.05,66.13,0.7482,-0.0068,-0.6635,7,90.4,0,0,26.455,0,0,0,4,0,0,0,1931.2,0,0,0,90.4,1,0,0,0,0,3,0,0,0,11.5,-7.947,0,0,2,2,0,0,VALID,0,0,0,0,0,1,0,0,0,0,0,0,0,0,0,0,0,0,0,0,265.51,1023.22,2,0,0.1,0.1,4674,10.71,0.1,0.08,37,FLYING,X10-F,0:/Integrated Flight Computer/aircraft/x10_f_cfg.ks (inferred preloaded)
392.28,APPROACH,FLY_TO_FIX,149.76,149,-0.76,776.9,-4.25,11.47,14,68.07,19.056,0.176,0,18.879,1,0.6,4.5,0.75,0.35,0.0168,0.4,0,22.518,0,0.774,0,66.15,-0.056,0,0,-1.66,1.92,1,-0.01,66.15,0.7482,-0.0068,-0.6635,7,90.4,0,0,26.417,0,0,0,4,0,0,0,1928.55,0,0,0,90.4,1,0,0,0,0,3,0,0,0,11.5,-7.947,0,0,2,2,0,0,VALID,0,0,0,0,0,1,0,0,0,0,0,0,0,0,0,0,0,0,0,0,251.04,1022.7,2,0,0.08,0.08,4677,11.54,0.1,0.08,37.26,FLYING,X10-F,0:/Integrated Flight Computer/aircraft/x10_f_cfg.ks (inferred preloaded)
392.56,APPROACH,FLY_TO_FIX,149.5,149,-0.5,776.33,-3.95,11.79,13.99,67.99,16.162,0.288,0,18.711,1,0.6,4.5,0.75,0.35,0.0168,0.4,0,22.59,0,0.518,0,66.16,-0.15,0,0,-1.52,1.83,1,-0.13,66.16,0.7482,-0.0068,-0.6635,7,90.4,0,0,26.376,0,0,0,4,0,0,0,1925.68,0,0,0,90.4,1,0,0,0,0,3,0,0,0,11.5,-7.947,0,0,2,2,0,0,VALID,0,0,0,0,0,1,0,0,0,0,0,0,0,0,0,0,0,0,0,0,247,1021.69,2,0,0.1,0.1,4680,10.71,0.1,0.08,37.54,FLYING,X10-F,0:/Integrated Flight Computer/aircraft/x10_f_cfg.ks (inferred preloaded)
392.82,APPROACH,FLY_TO_FIX,149.31,149,-0.31,775.2,-3.83,12.02,14.06,67.8,15.668,0.392,0,18.611,1,0.6,4.5,0.75,0.35,0.0168,0.4,0,22.646,0,0.321,0,66.17,-0.183,0,0,-1.47,1.63,1,-0.17,66.17,0.7482,-0.0068,-0.6635,7,90.4,0,0,26.338,0,0,0,4,0,0,0,1923.02,0,0,0,90.4,1,0,0,0,0,3,0,0,0,11.5,-7.947,0,0,2,2,0,0,VALID,0,0,0,0,0,1,0,0,0,0,0,0,0,0,0,0,0,0,0,0,250.57,1020.92,2,0,0.08,0.08,4683,11.54,0.1,0.08,37.8,FLYING,X10-F,0:/Integrated Flight Computer/aircraft/x10_f_cfg.ks (inferred preloaded)
393.1,APPROACH,FLY_TO_FIX,149.1,149,-0.1,773.41,-3.66,12.57,14.48,67.77,15.24,0.504,0,18.56,1,0.6,4.5,0.75,0.35,0.0168,0.4,0,22.705,0,0.112,0,66.18,-0.222,0,0,-1.43,1.59,1,-0.2,66.18,0.7482,-0.0068,-0.6635,7,90.4,0,0,26.297,0,0,0,4,0,0,0,1920.15,0,0,0,90.4,1,0,0,0,0,3,0,0,0,11.5,-7.947,0,0,2,2,0,0,VALID,0,0,0,0,0,1,0,0,0,0,0,0,0,0,0,0,0,0,0,0,260.21,1020.1,2,0,0.1,0.1,4686,10.71,0.1,0.08,38.08,FLYING,X10-F,0:/Integrated Flight Computer/aircraft/x10_f_cfg.ks (inferred preloaded)
393.36,APPROACH,FLY_TO_FIX,148.85,149,0.15,772.12,-3.06,12.82,14.4,67.81,14.748,0.6008,0,18.571,1,0.6,4.5,0.75,0.35,0.0168,0.4,0,22.772,0,-0.127,0,66.19,-0.395,0,0,-1.21,1.62,1,-0.34,66.19,0.7482,-0.0068,-0.6635,7,90.4,0,0,26.259,0,0,0,4,0,0,0,1917.48,0,0,0,90.4,1,0,0,0,0,3,0,0,0,11.5,-7.947,0,0,2,2,0,0,VALID,0,0,0,0,0,1,0,0,0,0,0,0,0,0,0,0,0,0,0,0,274.18,1019.12,2,0,0.08,0.08,4689,11.54,0.1,0.08,38.34,FLYING,X10-F,0:/Integrated Flight Computer/aircraft/x10_f_cfg.ks (inferred preloaded)
393.64,APPROACH,FLY_TO_FIX,148.65,149,0.35,769.41,-2.75,12.34,13.71,67.73,14.167,0.6042,0,18.65,1,0.6,4.5,0.75,0.35,0.0168,0.4,0,22.832,0,-0.34,0,66.2,-0.492,0,0,-1.07,1.53,1,-0.47,66.19,0.7482,-0.0068,-0.6635,7,90.4,0,0,26.218,0,0,0,4,0,0,0,1914.61,0,0,0,90.4,1,0,0,0,0,3,0,0,0,11.5,-7.947,0,0,2,2,0,0,VALID,0,0,0,0,0,1,0,0,0,0,0,0,0,0,0,0,0,0,0,0,292.95,1018.31,2,0,0.1,0.1,4692,10.71,0.1,0.08,38.62,FLYING,X10-F,0:/Integrated Flight Computer/aircraft/x10_f_cfg.ks (inferred preloaded)
393.9,APPROACH,FLY_TO_FIX,148.61,149,0.39,767.3,-2.66,11.85,13.14,67.64,13.328,0.5113,0,18.749,1,0.6,4.5,0.75,0.35,0.0168,0.4,0,22.846,0,-0.389,0,66.2,-0.516,0,0,-1.03,1.43,1,-0.51,66.2,0.7482,-0.0068,-0.6635,7,90.4,0,0,26.18,0,0,0,4,0,0,0,1911.93,0,0,0,90.4,1,0,0,0,0,3,0,0,0,11.5,-7.947,0,0,2,2,0,0,VALID,0,0,0,0,0,1,0,0,0,0,0,0,0,0,0,0,0,0,0,0,308.02,1018.17,2,0,0.08,0.08,4695,11.54,0.1,0.08,38.88,FLYING,X10-F,0:/Integrated Flight Computer/aircraft/x10_f_cfg.ks (inferred preloaded)
394.18,APPROACH,FLY_TO_FIX,148.64,149,0.36,765.92,-2.69,11.62,12.87,67.5,11.57,0.4097,0,18.855,1,0.6,4.5,0.75,0.35,0.0168,0.4,0,22.839,0,-0.364,0,66.21,-0.504,0,0,-1.04,1.29,1,-0.51,66.21,0.7482,-0.0068,-0.6635,7,90.4,0,0,26.138,0,0,0,4,0,0,0,1909.05,0,0,0,90.4,1,0,0,0,0,3,0,0,0,11.5,-7.947,0,0,2,2,0,0,VALID,0,0,0,0,0,1,0,0,0,0,0,0,0,0,0,0,0,0,0,0,318.1,1018.34,2,0,0.1,0.1,4698,10.71,0.1,0.08,39.16,FLYING,X10-F,0:/Integrated Flight Computer/aircraft/x10_f_cfg.ks (inferred preloaded)
394.44,APPROACH,FLY_TO_FIX,148.71,149,0.29,763.73,-2.74,11.85,13.11,67.46,10.823,0.3306,0,18.938,1,0.6,4.5,0.75,0.35,0.0168,0.4,0,22.821,0,-0.299,0,66.21,-0.483,0,0,-1.06,1.24,1,-0.49,66.21,0.7482,-0.0068,-0.6635,7,90.4,0,0,26.1,0,0,0,4,0,0,0,1906.36,0,0,0,90.4,1,0,0,0,0,3,0,0,0,11.5,-7.947,0,0,2,2,0,0,VALID,0,0,0,0,0,1,0,0,0,0,0,0,0,0,0,0,0,0,0,0,322.09,1018.66,2,0,0.08,0.08,4701,11.54,0.1,0.08,39.42,FLYING,X10-F,0:/Integrated Flight Computer/aircraft/x10_f_cfg.ks (inferred preloaded)
394.72,APPROACH,FLY_TO_FIX,148.72,149,0.28,763.67,-2.23,12.07,13.05,67.45,10.013,0.3212,0,19.014,1,0.6,4.5,0.75,0.35,0.0168,0.4,0,22.813,0,-0.272,0,66.22,-0.628,0,0,-0.88,1.23,1,-0.57,66.22,0.7482,-0.0068,-0.6635,7,90.4,0,0,26.059,0,0,0,4,0,0,0,1903.47,0,0,0,90.4,1,0,0,0,0,3,0,0,0,11.5,-7.947,0,0,2,2,0,0,VALID,0,0,0,0,0,1,0,0,0,0,0,0,0,0,0,0,0,0,0,0,322.3,1018.78,2,0,0.1,0.1,4704,10.71,0.1,0.08,39.7,FLYING,X10-F,0:/Integrated Flight Computer/aircraft/x10_f_cfg.ks (inferred preloaded)
394.98,APPROACH,FLY_TO_FIX,148.74,149,0.26,764.63,-2.09,11.5,12.36,67.32,9.275,0.3196,0,19.086,1,0.6,4.5,0.75,0.35,0.0168,0.4,0,22.811,0,-0.264,0,66.22,-0.676,0,0,-0.8,1.09,1,-0.68,66.22,0.7482,-0.0068,-0.6635,7,90.4,0,0,26.02,0,0,0,4,0,0,0,1900.78,0,0,0,90.4,1,0,0,0,0,3,0,0,0,11.5,-7.947,0,0,2,2,0,0,VALID,0,0,0,0,0,1,0,0,0,0,0,0,0,0,0,0,0,0,0,0,323.01,1018.88,2,0,0.08,0.08,4707,11.54,0.1,0.08,39.96,FLYING,X10-F,0:/Integrated Flight Computer/aircraft/x10_f_cfg.ks (inferred preloaded)
395.26,APPROACH,FLY_TO_FIX,148.88,149,0.12,767.62,-2.2,10.97,11.84,67.18,8.24,0.2362,0,19.136,1,0.6,4.5,0.75,0.35,0.0168,0.4,0,22.773,0,-0.128,0,66.23,-0.642,0,0,-0.84,0.95,1,-0.66,66.23,0.7482,-0.0068,-0.6635,7,90.4,0,0,25.979,0,0,0,4,0,0,0,1897.87,0,0,0,90.4,1,0,0,0,0,3,0,0,0,11.5,-7.947,0,0,2,2,0,0,VALID,0,0,0,0,0,1,0,0,0,0,0,0,0,0,0,0,0,0,0,0,321.1,1019.5,2,0,0.1,0.1,4710,10.71,0.1,0.08,40.24,FLYING,X10-F,0:/Integrated Flight Computer/aircraft/x10_f_cfg.ks (inferred preloaded)
395.52,APPROACH,FLY_TO_FIX,149.03,149,-0.03,766.32,-2.43,10.89,11.86,67.1,7.483,0.1741,0,19.143,1,0.6,4.5,0.75,0.35,0.0168,0.4,0,22.731,0,0.021,0,66.23,-0.57,0,0,-0.92,0.87,1,-0.59,66.23,0.7482,-0.0068,-0.6635,7,90.4,0,0,25.94,0,0,0,4,0,0,0,1895.17,0,0,0,90.4,1,0,0,0,0,3,0,0,0,11.5,-7.947,0,0,2,2,0,0,VALID,0,0,0,0,0,1,0,0,0,0,0,0,0,0,0,0,0,0,0,0,312.69,1020.17,2,0,0.08,0.08,4713,11.54,0.1,0.08,40.5,FLYING,X10-F,0:/Integrated Flight Computer/aircraft/x10_f_cfg.ks (inferred preloaded)
395.8,APPROACH,FLY_TO_FIX,149.15,149,-0.15,765.57,-2.4,11.35,12.32,67.1,6.68,0.1627,0,19.113,1,0.6,4.5,0.75,0.35,0.0168,0.4,0,22.696,0,0.144,0,66.23,-0.565,0,0,-0.94,0.87,1,-0.54,66.23,0.7482,-0.0068,-0.6635,7,90.4,0,0,25.898,0,0,0,4,0,0,0,1892.25,0,0,0,90.4,1,0,0,0,0,3,0,0,0,11.5,-7.947,0,0,2,2,0,0,VALID,0,0,0,0,0,1,0,0,0,0,0,0,0,0,0,0,0,0,0,0,299.6,1020.72,2,0,0.1,0.1,4716,10.71,0.1,0.08,40.78,FLYING,X10-F,0:/Integrated Flight Computer/aircraft/x10_f_cfg.ks (inferred preloaded)
396.06,APPROACH,FLY_TO_FIX,149.18,149,-0.18,764.93,-2.16,11.43,12.24,67.05,5.967,0.2089,0,19.067,1,0.6,4.5,0.75,0.35,0.0168,0.4,0,22.685,0,0.183,0,66.23,-0.64,0,0,-0.83,0.81,1,-0.62,66.23,0.7482,-0.0068,-0.6635,7,90.4,0,0,25.859,0,0,0,4,0,0,0,1889.54,0,0,0,90.4,1,0,0,0,0,3,0,0,0,11.5,-7.947,0,0,2,2,0,0,VALID,0,0,0,0,0,1,0,0,0,0,0,0,0,0,0,0,0,0,0,0,288.89,1020.9,2,0,0.08,0.08,4719,11.54,0.1,0.08,41.04,FLYING,X10-F,0:/Integrated Flight Computer/aircraft/x10_f_cfg.ks (inferred preloaded)
396.34,APPROACH,FLY_TO_FIX,149.22,149,-0.22,768.77,-2.25,11.24,12.07,66.95,5.182,0.2285,0,19.01,1,0.6,4.5,0.75,0.35,0.0168,0.4,0,22.674,0,0.221,0,66.24,-0.616,0,0,-0.85,0.72,1,-0.63,66.24,0.7482,-0.0068,-0.6635,7,90.4,0,0,25.818,0,0,0,4,0,0,0,1886.62,0,0,0,90.4,1,0,0,0,0,3,0,0,0,11.5,-7.947,0,0,2,2,0,0,VALID,0,0,0,0,0,1,0,0,0,0,0,0,0,0,0,0,0,0,0,0,282.62,1021.11,2,0,0.1,0.1,4722,10.71,0.1,0.08,41.32,FLYING,X10-F,0:/Integrated Flight Computer/aircraft/x10_f_cfg.ks (inferred preloaded)
396.6,APPROACH,FLY_TO_FIX,149.26,149,-0.26,772.04,-2.2,11.39,12.22,66.89,4.455,0.2402,0,18.946,1,0.6,4.5,0.75,0.35,0.0168,0.4,0,22.664,0,0.256,0,66.24,-0.615,0,0,-0.86,0.65,1,-0.6,66.24,0.7482,-0.0068,-0.6635,7,90.4,0,0,25.779,0,0,0,4,0,0,0,1883.9,0,0,0,90.4,1,0,0,0,0,3,0,0,0,11.5,-7.947,0,0,2,2,0,0,VALID,0,0,0,0,0,1,0,0,0,0,0,0,0,0,0,0,0,0,0,0,278.54,1021.28,2,0,0.08,0.08,4725,11.54,0.1,0.08,41.58,FLYING,X10-F,0:/Integrated Flight Computer/aircraft/x10_f_cfg.ks (inferred preloaded)
396.88,APPROACH,FLY_TO_FIX,149.26,149,-0.26,776.03,-2.13,11.26,12.02,66.78,3.683,0.2683,0,18.874,1,0.6,4.5,0.75,0.35,0.0168,0.4,0,22.664,0,0.256,0,66.24,-0.643,0,0,-0.81,0.54,1,-0.65,66.24,0.7482,-0.0068,-0.6635,7,90.4,0,0,25.737,0,0,0,4,0,0,0,1880.97,0,0,0,90.4,1,0,0,0,0,3,0,0,0,11.5,-7.947,0,0,2,2,0,0,VALID,0,0,0,0,0,1,0,0,0,0,0,0,0,0,0,0,0,0,0,0,276.36,1021.31,2,0,0.1,0.1,4728,10.71,0.1,0.08,41.86,FLYING,X10-F,0:/Integrated Flight Computer/aircraft/x10_f_cfg.ks (inferred preloaded)
397.14,APPROACH,FLY_TO_FIX,149.29,149,-0.29,778.82,-2.22,11.28,12.09,66.69,3.054,0.2623,0,18.803,1,0.6,4.5,0.75,0.35,0.0168,0.4,0,22.657,0,0.283,0,66.24,-0.607,0,0,-0.86,0.45,1,-0.61,66.24,0.7482,-0.0068,-0.6635,7,90.4,0,0,25.698,0,0,0,4,0,0,0,1878.25,0,0,0,90.4,1,0,0,0,0,3,0,0,0,11.5,-7.947,0,0,2,2,0,0,VALID,0,0,0,0,0,1,0,0,0,0,0,0,0,0,0,0,0,0,0,0,276.02,1021.47,2,0,0.08,0.08,4731,11.54,0.1,0.08,42.12,FLYING,X10-F,0:/Integrated Flight Computer/aircraft/x10_f_cfg.ks (inferred preloaded)
397.42,APPROACH,FLY_TO_FIX,149.29,149,-0.29,782.25,-2.11,11.27,12.01,66.6,2.469,0.271,0,18.721,1,0.6,4.5,0.75,0.35,0.0168,0.4,0,22.654,0,0.294,0,66.24,-0.644,0,0,-0.8,0.36,1,-0.64,66.24,0.7482,-0.0068,-0.6635,7,90.4,0,0,25.656,0,0,0,4,0,0,0,1875.32,0,0,0,90.4,1,0,0,0,0,3,0,0,0,11.5,-7.947,0,0,2,2,0,0,VALID,0,0,0,0,0,1,0,0,0,0,0,0,0,0,0,0,0,0,0,0,275.44,1021.54,2,0,0.1,0.1,4734,10.71,0.1,0.08,42.4,FLYING,X10-F,0:/Integrated Flight Computer/aircraft/x10_f_cfg.ks (inferred preloaded)
397.68,APPROACH,FLY_TO_FIX,149.32,149,-0.32,783.84,-2.13,11.26,12.01,66.52,1.999,0.2632,0,18.641,1,0.6,4.5,0.75,0.35,0.0168,0.4,0,22.647,0,0.318,0,66.24,-0.631,0,0,-0.82,0.28,1,-0.62,66.24,0.7482,-0.0068,-0.6635,7,90.4,0,0,25.617,0,0,0,4,0,0,0,1872.6,0,0,0,90.4,1,0,0,0,0,3,0,0,0,11.5,-7.947,0,0,2,2,0,0,VALID,0,0,0,0,0,1,0,0,0,0,0,0,0,0,0,0,0,0,0,0,275.42,1021.68,2,0,0.08,0.08,4737,11.54,0.1,0.08,42.66,FLYING,X10-F,0:/Integrated Flight Computer/aircraft/x10_f_cfg.ks (inferred preloaded)
397.96,APPROACH,FLY_TO_FIX,149.34,149,-0.34,785.24,-2.13,11.26,12.02,66.45,1.587,0.2589,0,18.548,1,0.6,4.5,0.75,0.35,0.0168,0.4,0,22.64,0,0.341,0,66.24,-0.623,0,0,-0.83,0.21,1,-0.63,66.24,0.7482,-0.0068,-0.6635,7,90.4,0,0,25.575,0,0,0,4,0,0,0,1869.67,0,0,0,90.4,1,0,0,0,0,3,0,0,0,11.5,-7.947,0,0,2,2,0,0,VALID,0,0,0,0,0,1,0,0,0,0,0,0,0,0,0,0,0,0,0,0,274.81,1021.81,2,0,0.1,0.1,4740,10.71,0.1,0.08,42.94,FLYING,X10-F,0:/Integrated Flight Computer/aircraft/x10_f_cfg.ks (inferred preloaded)
398.22,APPROACH,FLY_TO_FIX,149.36,149,-0.36,785.6,-2.14,11.23,11.98,66.39,1.279,0.259,0,18.456,1,0.6,4.5,0.75,0.35,0.0168,0.4,0,22.635,0,0.358,0,66.24,-0.624,0,0,-0.82,0.15,1,-0.64,66.24,0.7482,-0.0068,-0.6635,7,90.4,0,0,25.536,0,0,0,4,0,0,0,1866.95,0,0,0,90.4,1,0,0,0,0,3,0,0,0,11.5,-7.947,0,0,2,2,0,0,VALID,0,0,0,0,0,1,0,0,0,0,0,0,0,0,0,0,0,0,0,0,273.97,1021.92,2,0,0.08,0.08,4743,11.54,0.1,0.08,43.2,FLYING,X10-F,0:/Integrated Flight Computer/aircraft/x10_f_cfg.ks (inferred preloaded)
398.5,APPROACH,FLY_TO_FIX,149.38,149,-0.38,782.51,-2.14,11.23,11.98,66.35,1.016,0.2558,0,18.352,1,0.6,4.5,0.75,0.35,0.0168,0.4,0,22.629,0,0.38,0,66.24,-0.623,0,0,-0.81,0.1,1,-0.63,66.24,0.7482,-0.0068,-0.6635,7,90.4,0,0,25.494,0,0,0,4,0,0,0,1864.01,0,0,0,90.4,1,0,0,0,0,3,0,0,0,11.5,-7.947,0,0,2,2,0,0,VALID,0,0,0,0,0,1,0,0,0,0,0,0,0,0,0,0,0,0,0,0,272.98,1022.04,2,0,0.1,0.1,4746,10.71,0.1,0.08,43.48,FLYING,X10-F,0:/Integrated Flight Computer/aircraft/x10_f_cfg.ks (inferred preloaded)
398.76,APPROACH,FLY_TO_FIX,149.4,149,-0.4,780.84,-2.11,11.23,11.96,66.31,0.825,0.2547,0,18.25,1,0.6,4.5,0.75,0.35,0.0168,0.4,0,22.625,0,0.397,0,66.24,-0.629,0,0,-0.8,0.07,1,-0.64,66.24,0.7482,-0.0068,-0.6635,7,90.4,0,0,25.455,0,0,0,4,0,0,0,1861.29,0,0,0,90.4,1,0,0,0,0,3,0,0,0,11.5,-7.947,0,0,2,2,0,0,VALID,0,0,0,0,0,1,0,0,0,0,0,0,0,0,0,0,0,0,0,0,271.89,1022.14,2,0,0.08,0.08,4749,11.54,0.1,0.08,43.74,FLYING,X10-F,0:/Integrated Flight Computer/aircraft/x10_f_cfg.ks (inferred preloaded)
399.04,APPROACH,FLY_TO_FIX,149.41,149,-0.41,778.82,-2.1,11.22,11.95,66.29,0.662,0.2543,0,18.135,1,0.6,4.5,0.75,0.35,0.0168,0.4,0,22.62,0,0.412,0,66.24,-0.63,0,0,-0.8,0.04,1,-0.63,66.24,0.7482,-0.0068,-0.6635,7,90.4,0,0,25.413,0,0,0,4,0,0,0,1858.35,0,0,0,90.4,1,0,0,0,0,3,0,0,0,11.5,-7.947,0,0,2,2,0,0,VALID,0,0,0,0,0,1,0,0,0,0,0,0,0,0,0,0,0,0,0,0,270.75,1022.24,2,0,0.1,0.1,4752,10.71,0.1,0.08,44.02,FLYING,X10-F,0:/Integrated Flight Computer/aircraft/x10_f_cfg.ks (inferred preloaded)
399.3,APPROACH,FLY_TO_FIX,149.42,149,-0.42,777,-2.07,11.24,11.95,66.27,0.545,0.255,0,18.026,1,0.6,4.5,0.75,0.35,0.0168,0.4,0,22.617,0,0.424,0,66.25,-0.634,0,0,-0.79,0.02,1,-0.63,66.25,0.7482,-0.0068,-0.6635,7,90.4,0,0,25.374,0,0,0,4,0,0,0,1855.63,0,0,0,90.4,1,0,0,0,0,3,0,0,0,11.5,-7.947,0,0,2,2,0,0,VALID,0,0,0,0,0,1,0,0,0,0,0,0,0,0,0,0,0,0,0,0,269.79,1022.32,2,0,0.08,0.08,4755,11.54,0.1,0.08,44.28,FLYING,X10-F,0:/Integrated Flight Computer/aircraft/x10_f_cfg.ks (inferred preloaded)
399.58,APPROACH,FLY_TO_FIX,149.43,149,-0.43,773.35,-2.04,11.26,11.96,66.25,0.445,0.2555,0,17.905,1,0.6,4.5,0.75,0.35,0.0168,0.4,0,22.614,0,0.433,0,66.25,-0.638,0,0,-0.79,0.01,1,-0.62,66.25,0.7482,-0.0068,-0.6635,7,90.4,0,0,25.333,0,0,0,4,0,0,0,1852.69,0,0,0,90.4,1,0,0,0,0,3,0,0,0,11.5,-7.947,0,0,2,2,0,0,VALID,0,0,0,0,0,1,0,0,0,0,0,0,0,0,0,0,0,0,0,0,268.94,1022.39,2,0,0.1,0.1,4758,10.71,0.1,0.08,44.56,FLYING,X10-F,0:/Integrated Flight Computer/aircraft/x10_f_cfg.ks (inferred preloaded)
399.84,APPROACH,FLY_TO_FIX,149.44,149,-0.44,771.22,-2.08,11.24,11.98,66.24,0.372,0.2561,0,17.792,1,0.6,4.5,0.75,0.35,0.0168,0.4,0,22.613,0,0.439,0,66.25,-0.62,0,0,-0.81,0,1,-0.62,66.25,0.7482,-0.0068,-0.6635,7,90.4,0,0,25.294,0,0,0,4,0,0,0,1849.97,0,0,0,90.4,1,0,0,0,0,3,0,0,0,11.5,-7.947,0,0,2,2,0,0,VALID,0,0,0,0,0,1,0,0,0,0,0,0,0,0,0,0,0,0,0,0,268.43,1022.45,2,0,0.08,0.08,4761,11.54,0.1,0.08,44.82,FLYING,X10-F,0:/Integrated Flight Computer/aircraft/x10_f_cfg.ks (inferred preloaded)
400.12,APPROACH,FLY_TO_FIX,149.44,149,-0.44,770.68,-2.09,11.24,11.98,66.23,0.311,0.2568,0,17.668,1,0.6,4.5,0.75,0.35,0.0168,0.4,0,22.611,0,0.444,0,66.25,-0.615,0,0,-0.81,0.01,1,-0.63,66.25,0.7482,-0.0068,-0.6635,7,90.4,0,0,25.252,0,0,0,4,0,0,0,1847.03,0,0,0,90.4,1,0,0,0,0,3,0,0,0,11.5,-7.947,0,0,2,2,0,0,VALID,0,0,0,0,0,1,0,0,0,0,0,0,0,0,0,0,0,0,0,0,267.9,1022.5,2,0,0.1,0.1,4764,10.71,0.1,0.08,45.1,FLYING,X10-F,0:/Integrated Flight Computer/aircraft/x10_f_cfg.ks (inferred preloaded)
400.38,APPROACH,FLY_TO_FIX,149.45,149,-0.45,768.6,-2.09,11.24,11.96,66.23,0.266,0.2575,0,17.552,1,0.6,4.5,0.75,0.35,0.0168,0.4,0,22.611,0,0.446,0,66.25,-0.619,0,0,-0.79,0.02,1,-0.63,66.25,0.7482,-0.0068,-0.6635,7,90.4,0,0,25.213,0,0,0,4,0,0,0,1844.3,0,0,0,90.4,1,0,0,0,0,3,0,0,0,11.5,-7.947,0,0,2,2,0,0,VALID,0,0,0,0,0,1,0,0,0,0,0,0,0,0,0,0,0,0,0,0,267.43,1022.55,2,0,0.08,0.08,4767,11.54,0.1,0.08,45.36,FLYING,X10-F,0:/Integrated Flight Computer/aircraft/x10_f_cfg.ks (inferred preloaded)
400.66,APPROACH,FLY_TO_FIX,149.45,149,-0.45,767.2,-2.08,11.48,12.23,66.23,0.235,0.2585,0,17.427,1,0.6,4.5,0.75,0.35,0.0168,0.4,0,22.61,0,0.447,0,66.25,-0.608,0,0,-0.82,0.02,1,-0.59,66.25,0.7482,-0.0068,-0.6635,7,90.4,0,0,25.171,0,0,0,4,0,0,0,1841.37,0,0,0,90.4,1,0,0,0,0,3,0,0,0,11.5,-7.947,0,0,2,2,0,0,VALID,0,0,0,0,0,1,0,0,0,0,0,0,0,0,0,0,0,0,0,0,266.94,1022.58,2,0,0.1,0.1,4770,10.71,0.1,0.08,45.64,FLYING,X10-F,0:/Integrated Flight Computer/aircraft/x10_f_cfg.ks (inferred preloaded)
400.92,APPROACH,FLY_TO_FIX,149.4,149,-0.4,764.95,-1.9,11.4,12.04,66.22,0.205,0.2935,0,17.318,1,0.6,4.5,0.75,0.35,0.0168,0.4,0,22.624,0,0.399,0,66.25,-0.667,0,0,-0.73,0.02,1,-0.66,66.25,0.7482,-0.0068,-0.6635,7,90.4,0,0,25.132,0,0,0,4,0,0,0,1838.64,0,0,0,90.4,1,0,0,0,0,3,0,0,0,11.5,-7.947,0,0,2,2,0,0,VALID,0,0,0,0,0,1,0,0,0,0,0,0,0,0,0,0,0,0,0,0,267.19,1022.4,2,0,0.08,0.08,4773,11.54,0.1,0.08,45.9,FLYING,X10-F,0:/Integrated Flight Computer/aircraft/x10_f_cfg.ks (inferred preloaded)
401.2,APPROACH,FLY_TO_FIX,149.39,149,-0.39,761.67,-2.03,11.26,11.96,66.22,0.173,0.2786,0,17.208,1,0.6,4.5,0.75,0.35,0.0168,0.4,0,22.625,0,0.394,0,66.25,-0.63,0,0,-0.77,0.03,1,-0.65,66.25,0.7482,-0.0068,-0.6635,7,90.4,0,0,25.09,0,0,0,4,0,0,0,1835.71,0,0,0,90.4,1,0,0,0,0,3,0,0,0,11.5,-7.947,0,0,2,2,0,0,VALID,0,0,0,0,0,1,0,0,0,0,0,0,0,0,0,0,0,0,0,0,268.78,1022.42,2,0,0.1,0.1,4776,10.71,0.1,0.08,46.18,FLYING,X10-F,0:/Integrated Flight Computer/aircraft/x10_f_cfg.ks (inferred preloaded)
401.46,APPROACH,FLY_TO_FIX,149.39,149,-0.39,759.39,-1.92,11.29,11.94,66.22,0.152,0.273,0,17.106,1,0.6,4.5,0.75,0.35,0.0168,0.4,0,22.627,0,0.389,0,66.25,-0.657,0,0,-0.73,0.03,1,-0.65,66.25,0.7482,-0.0068,-0.6635,7,90.4,0,0,25.051,0,0,0,4,0,0,0,1832.98,0,0,0,90.4,1,0,0,0,0,3,0,0,0,11.5,-7.947,0,0,2,2,0,0,VALID,0,0,0,0,0,1,0,0,0,0,0,0,0,0,0,0,0,0,0,0,269.44,1022.42,2,0,0.08,0.08,4779,11.54,0.1,0.08,46.44,FLYING,X10-F,0:/Integrated Flight Computer/aircraft/x10_f_cfg.ks (inferred preloaded)
401.74,APPROACH,FLY_TO_FIX,149.4,149,-0.4,757.97,-1.95,11.25,11.92,66.21,0.133,0.2593,0,16.996,1,0.6,4.5,0.75,0.35,0.0168,0.4,0,22.625,0,0.396,0,66.25,-0.645,0,0,-0.75,0.03,1,-0.63,66.25,0.7482,-0.0068,-0.6635,7,90.4,0,0,25.009,0,0,0,4,0,0,0,1830.05,0,0,0,90.4,1,0,0,0,0,3,0,0,0,11.5,-7.947,0,0,2,2,0,0,VALID,0,0,0,0,0,1,0,0,0,0,0,0,0,0,0,0,0,0,0,0,269.82,1022.49,2,0,0.1,0.1,4782,10.71,0.1,0.08,46.72,FLYING,X10-F,0:/Integrated Flight Computer/aircraft/x10_f_cfg.ks (inferred preloaded)
402,APPROACH,FLY_TO_FIX,149.41,149,-0.41,758.85,-1.95,11.25,11.92,66.21,0.12,0.2489,0,16.892,1,0.6,4.5,0.75,0.35,0.0168,0.4,0,22.622,0,0.407,0,66.25,-0.642,0,0,-0.75,0.04,1,-0.64,66.25,0.7482,-0.0068,-0.6635,7,90.4,0,0,24.97,0,0,0,4,0,0,0,1827.32,0,0,0,90.4,1,0,0,0,0,3,0,0,0,11.5,-7.947,0,0,2,2,0,0,VALID,0,0,0,0,0,1,0,0,0,0,0,0,0,0,0,0,0,0,0,0,269.18,1022.56,2,0,0.08,0.08,4785,11.54,0.1,0.08,46.98,FLYING,X10-F,0:/Integrated Flight Computer/aircraft/x10_f_cfg.ks (inferred preloaded)
402.28,APPROACH,FLY_TO_FIX,149.42,149,-0.42,760.75,-1.96,11.25,11.93,66.21,0.109,0.2429,0,16.776,1,0.6,4.5,0.75,0.35,0.0168,0.4,0,22.619,0,0.417,0,66.25,-0.637,0,0,-0.75,0.04,1,-0.64,66.25,0.7482,-0.0068,-0.6635,7,90.4,0,0,24.928,0,0,0,4,0,0,0,1824.39,0,0,0,90.4,1,0,0,0,0,3,0,0,0,11.5,-7.947,0,0,2,2,0,0,VALID,0,0,0,0,0,1,0,0,0,0,0,0,0,0,0,0,0,0,0,0,267.67,1022.64,2,0,0.1,0.1,4788,10.71,0.1,0.08,47.26,FLYING,X10-F,0:/Integrated Flight Computer/aircraft/x10_f_cfg.ks (inferred preloaded)
402.54,APPROACH,FLY_TO_FIX,149.42,149,-0.42,763.27,-1.96,11.25,11.93,66.21,0.102,0.2417,0,16.666,1,0.6,4.5,0.75,0.35,0.0168,0.4,0,22.617,0,0.423,0,66.25,-0.636,0,0,-0.75,0.04,1,-0.64,66.25,0.7482,-0.0068,-0.6635,7,90.4,0,0,24.889,0,0,0,4,0,0,0,1821.66,0,0,0,90.4,1,0,0,0,0,3,0,0,0,11.5,-7.947,0,0,2,2,0,0,VALID,0,0,0,0,0,1,0,0,0,0,0,0,0,0,0,0,0,0,0,0,265.94,1022.69,2,0,0.08,0.08,4791,11.54,0.1,0.08,47.52,FLYING,X10-F,0:/Integrated Flight Computer/aircraft/x10_f_cfg.ks (inferred preloaded)
402.82,APPROACH,FLY_TO_FIX,149.42,149,-0.42,764.25,-1.97,11.25,11.93,66.21,0.096,0.2444,0,16.547,1,0.6,4.5,0.75,0.35,0.0168,0.4,0,22.617,0,0.423,0,66.25,-0.632,0,0,-0.75,0.04,1,-0.64,66.25,0.7482,-0.0068,-0.6635,7,90.4,0,0,24.847,0,0,0,4,0,0,0,1818.73,0,0,0,90.4,1,0,0,0,0,3,0,0,0,11.5,-7.947,0,0,2,2,0,0,VALID,0,0,0,0,0,1,0,0,0,0,0,0,0,0,0,0,0,0,0,0,264.22,1022.72,2,0,0.1,0.1,4794,10.71,0.1,0.08,47.8,FLYING,X10-F,0:/Integrated Flight Computer/aircraft/x10_f_cfg.ks (inferred preloaded)
403.08,APPROACH,FLY_TO_FIX,149.42,149,-0.42,763.77,-1.95,11.26,11.93,66.21,0.092,0.2491,0,16.438,1,0.6,4.5,0.75,0.35,0.0168,0.4,0,22.619,0,0.417,0,66.25,-0.634,0,0,-0.74,0.04,1,-0.64,66.25,0.7482,-0.0068,-0.6635,7,90.4,0,0,24.808,0,0,0,4,0,0,0,1816,0,0,0,90.4,1,0,0,0,0,3,0,0,0,11.5,-7.947,0,0,2,2,0,0,VALID,0,0,0,0,0,1,0,0,0,0,0,0,0,0,0,0,0,0,0,0,263.04,1022.72,2,0,0.08,0.08,4797,11.54,0.1,0.08,48.06,FLYING,X10-F,0:/Integrated Flight Computer/aircraft/x10_f_cfg.ks (inferred preloaded)
403.36,APPROACH,FLY_TO_FIX,149.41,149,-0.41,764.14,-1.96,11.26,11.94,66.21,0.088,0.2515,0,16.323,1,0.6,4.5,0.75,0.35,0.0168,0.4,0,22.621,0,0.409,0,66.25,-0.626,0,0,-0.75,0.04,1,-0.63,66.25,0.7482,-0.0068,-0.6635,7,90.4,0,0,24.766,0,0,0,4,0,0,0,1813.07,0,0,0,90.4,1,0,0,0,0,3,0,0,0,11.5,-7.947,0,0,2,2,0,0,VALID,0,0,0,0,0,1,0,0,0,0,0,0,0,0,0,0,0,0,0,0,262.32,1022.72,2,0,0.1,0.1,4800,10.71,0.1,0.08,48.34,FLYING,X10-F,0:/Integrated Flight Computer/aircraft/x10_f_cfg.ks (inferred preloaded)
403.62,APPROACH,FLY_TO_FIX,149.4,149,-0.4,764.18,-1.95,11.27,11.96,66.21,0.085,0.2528,0,16.217,1,0.6,4.5,0.75,0.35,0.0168,0.4,0,22.623,0,0.401,0,66.25,-0.622,0,0,-0.75,0.04,1,-0.63,66.25,0.7482,-0.0068,-0.6635,7,90.4,0,0,24.727,0,0,0,4,0,0,0,1810.34,0,0,0,90.4,1,0,0,0,0,3,0,0,0,11.5,-7.947,0,0,2,2,0,0,VALID,0,0,0,0,0,1,0,0,0,0,0,0,0,0,0,0,0,0,0,0,261.9,1022.72,2,0,0.08,0.08,4803,11.54,0.1,0.08,48.6,FLYING,X10-F,0:/Integrated Flight Computer/aircraft/x10_f_cfg.ks (inferred preloaded)
403.9,APPROACH,FLY_TO_FIX,149.39,149,-0.39,763.67,-1.94,11.28,11.96,66.21,0.082,0.2536,0,16.107,1,0.6,4.5,0.75,0.35,0.0168,0.4,0,22.626,0,0.391,0,66.25,-0.624,0,0,-0.75,0.04,1,-0.63,66.25,0.7482,-0.0068,-0.6635,7,90.4,0,0,24.685,0,0,0,4,0,0,0,1807.41,0,0,0,90.4,1,0,0,0,0,3,0,0,0,11.5,-7.947,0,0,2,2,0,0,VALID,0,0,0,0,0,1,0,0,0,0,0,0,0,0,0,0,0,0,0,0,261.6,1022.71,2,0,0.1,0.1,4806,10.71,0.1,0.08,48.88,FLYING,X10-F,0:/Integrated Flight Computer/aircraft/x10_f_cfg.ks (inferred preloaded)
404.16,APPROACH,FLY_TO_FIX,149.38,149,-0.38,763.92,-1.94,11.29,11.96,66.21,0.08,0.2547,0,16.007,1,0.6,4.5,0.75,0.35,0.0168,0.4,0,22.629,0,0.381,0,66.25,-0.623,0,0,-0.74,0.04,1,-0.62,66.25,0.7482,-0.0068,-0.6635,7,90.4,0,0,24.646,0,0,0,4,0,0,0,1804.68,0,0,0,90.4,1,0,0,0,0,3,0,0,0,11.5,-7.947,0,0,2,2,0,0,VALID,0,0,0,0,0,1,0,0,0,0,0,0,0,0,0,0,0,0,0,0,261.44,1022.69,2,0,0.08,0.08,4809,11.54,0.1,0.08,49.14,FLYING,X10-F,0:/Integrated Flight Computer/aircraft/x10_f_cfg.ks (inferred preloaded)
404.44,APPROACH,FLY_TO_FIX,149.37,149,-0.37,762.77,-1.93,11.29,11.96,66.21,0.077,0.255,0,15.903,1,0.6,4.5,0.75,0.35,0.0168,0.4,0,22.632,0,0.369,0,66.25,-0.625,0,0,-0.74,0.04,1,-0.62,66.25,0.7482,-0.0068,-0.6635,7,90.4,0,0,24.604,0,0,0,4,0,0,0,1801.75,0,0,0,90.4,1,0,0,0,0,3,0,0,0,11.5,-7.947,0,0,2,2,0,0,VALID,0,0,0,0,0,1,0,0,0,0,0,0,0,0,0,0,0,0,0,0,261.35,1022.67,2,0,0.1,0.1,4812,10.71,0.1,0.08,49.42,FLYING,X10-F,0:/Integrated Flight Computer/aircraft/x10_f_cfg.ks (inferred preloaded)
404.7,APPROACH,FLY_TO_FIX,149.36,149,-0.36,761.55,-1.93,11.29,11.96,66.21,0.075,0.256,0,15.809,1,0.6,4.5,0.75,0.35,0.0168,0.4,0,22.636,0,0.356,0,66.25,-0.622,0,0,-0.74,0.04,1,-0.62,66.25,0.7482,-0.0068,-0.6635,7,90.4,0,0,24.565,0,0,0,4,0,0,0,1799.02,0,0,0,90.4,1,0,0,0,0,3,0,0,0,11.5,-7.947,0,0,2,2,0,0,VALID,0,0,0,0,0,1,0,0,0,0,0,0,0,0,0,0,0,0,0,0,261.24,1022.64,2,0,0.08,0.08,4815,11.54,0.1,0.08,49.68,FLYING,X10-F,0:/Integrated Flight Computer/aircraft/x10_f_cfg.ks (inferred preloaded)
404.98,APPROACH,FLY_TO_FIX,149.34,149,-0.34,760.42,-1.95,11.29,11.97,66.21,0.073,0.2561,0,15.712,1,0.6,4.5,0.75,0.35,0.0168,0.4,0,22.64,0,0.343,0,66.25,-0.614,0,0,-0.74,0.04,1,-0.62,66.25,0.7482,-0.0068,-0.6635,7,90.4,0,0,24.523,0,0,0,4,0,0,0,1796.09,0,0,0,90.4,1,0,0,0,0,3,0,0,0,11.5,-7.947,0,0,2,2,0,0,VALID,0,0,0,0,0,1,0,0,0,0,0,0,0,0,0,0,0,0,0,0,261.26,1022.62,2,0,0.1,0.1,4818,10.71,0.1,0.08,49.96,FLYING,X10-F,0:/Integrated Flight Computer/aircraft/x10_f_cfg.ks (inferred preloaded)
405.24,APPROACH,FLY_TO_FIX,149.33,149,-0.33,758.85,-1.94,11.3,11.98,66.21,0.07,0.2557,0,15.625,1,0.6,4.5,0.75,0.35,0.0168,0.4,0,22.643,0,0.33,0,66.25,-0.615,0,0,-0.74,0.04,1,-0.62,66.25,0.7482,-0.0068,-0.6635,7,90.4,0,0,24.484,0,0,0,4,0,0,0,1793.37,0,0,0,90.4,1,0,0,0,0,3,0,0,0,11.5,-7.947,0,0,2,2,0,0,VALID,0,0,0,0,0,1,0,0,0,0,0,0,0,0,0,0,0,0,0,0,261.28,1022.59,2,0,0.08,0.08,4821,11.54,0.1,0.08,50.22,FLYING,X10-F,0:/Integrated Flight Computer/aircraft/x10_f_cfg.ks (inferred preloaded)
405.52,APPROACH,FLY_TO_FIX,149.32,149,-0.32,758.99,-1.95,11.3,11.98,66.21,0.069,0.256,0,15.535,1,0.6,4.5,0.75,0.35,0.0168,0.4,0,22.647,0,0.316,0,66.25,-0.608,0,0,-0.74,0.04,1,-0.62,66.25,0.7482,-0.0068,-0.6635,7,90.4,0,0,24.442,0,0,0,4,0,0,0,1790.43,0,0,0,90.4,1,0,0,0,0,3,0,0,0,11.5,-7.947,0,0,2,2,0,0,VALID,0,0,0,0,0,1,0,0,0,0,0,0,0,0,0,0,0,0,0,0,261.27,1022.57,2,0,0.1,0.1,4824,10.71,0.1,0.08,50.5,FLYING,X10-F,0:/Integrated Flight Computer/aircraft/x10_f_cfg.ks (inferred preloaded)
405.78,APPROACH,FLY_TO_FIX,149.3,149,-0.3,758.47,-1.92,11.31,11.98,66.21,0.066,0.256,0,15.455,1,0.6,4.5,0.75,0.35,0.0168,0.4,0,22.651,0,0.303,0,66.25,-0.611,0,0,-0.74,0.04,1,-0.61,66.25,0.7482,-0.0068,-0.6635,7,90.4,0,0,24.403,0,0,0,4,0,0,0,1787.71,0,0,0,90.4,1,0,0,0,0,3,0,0,0,11.5,-7.947,0,0,2,2,0,0,VALID,0,0,0,0,0,1,0,0,0,0,0,0,0,0,0,0,0,0,0,0,261.2,1022.54,2,0,0.08,0.08,4827,11.54,0.1,0.08,50.76,FLYING,X10-F,0:/Integrated Flight Computer/aircraft/x10_f_cfg.ks (inferred preloaded)
406.06,APPROACH,FLY_TO_FIX,149.29,149,-0.29,757.59,-1.91,11.32,11.98,66.21,0.064,0.2546,0,15.372,1,0.6,4.5,0.75,0.35,0.0168,0.4,0,22.655,0,0.29,0,66.25,-0.614,0,0,-0.74,0.04,1,-0.61,66.25,0.7482,-0.0068,-0.6635,7,90.4,0,0,24.361,0,0,0,4,0,0,0,1784.78,0,0,0,90.4,1,0,0,0,0,3,0,0,0,11.5,-7.947,0,0,2,2,0,0,VALID,0,0,0,0,0,1,0,0,0,0,0,0,0,0,0,0,0,0,0,0,261.15,1022.51,2,0,0.1,0.1,4830,10.71,0.1,0.08,51.04,FLYING,X10-F,0:/Integrated Flight Computer/aircraft/x10_f_cfg.ks (inferred preloaded)
406.32,APPROACH,FLY_TO_FIX,149.28,149,-0.28,757.17,-1.91,11.32,11.98,66.21,0.063,0.2551,0,15.299,1,0.6,4.5,0.75,0.35,0.0168,0.4,0,22.658,0,0.277,0,66.25,-0.612,0,0,-0.73,0.04,1,-0.6,66.25,0.7482,-0.0068,-0.6635,7,90.4,0,0,24.322,0,0,0,4,0,0,0,1782.06,0,0,0,90.4,1,0,0,0,0,3,0,0,0,11.5,-7.947,0,0,2,2,0,0,VALID,0,0,0,0,0,1,0,0,0,0,0,0,0,0,0,0,0,0,0,0,261.11,1022.49,2,0,0.08,0.08,4833,11.54,0.1,0.08,51.3,FLYING,X10-F,0:/Integrated Flight Computer/aircraft/x10_f_cfg.ks (inferred preloaded)
406.6,APPROACH,FLY_TO_FIX,149.26,149,-0.26,758.04,-1.91,11.32,11.98,66.21,0.061,0.2549,0,15.225,1,0.6,4.5,0.75,0.35,0.0168,0.4,0,22.662,0,0.262,0,66.25,-0.61,0,0,-0.73,0.04,1,-0.61,66.25,0.7482,-0.0068,-0.6635,7,90.4,0,0,24.28,0,0,0,4,0,0,0,1779.13,0,0,0,90.4,1,0,0,0,0,3,0,0,0,11.5,-7.947,0,0,2,2,0,0,VALID,0,0,0,0,0,1,0,0,0,0,0,0,0,0,0,0,0,0,0,0,260.98,1022.46,2,0,0.1,0.1,4836,10.71,0.1,0.08,51.58,FLYING,X10-F,0:/Integrated Flight Computer/aircraft/x10_f_cfg.ks (inferred preloaded)
406.86,APPROACH,FLY_TO_FIX,149.25,149,-0.25,758.27,-1.92,11.32,11.99,66.21,0.059,0.2555,0,15.159,1,0.6,4.5,0.75,0.35,0.0168,0.4,0,22.666,0,0.249,0,66.25,-0.605,0,0,-0.73,0.04,1,-0.61,66.25,0.7482,-0.0068,-0.6635,7,90.4,0,0,24.242,0,0,0,4,0,0,0,1776.4,0,0,0,90.4,1,0,0,0,0,3,0,0,0,11.5,-7.947,0,0,2,2,0,0,VALID,0,0,0,0,0,1,0,0,0,0,0,0,0,0,0,0,0,0,0,0,260.95,1022.42,2,0,0.08,0.08,4839,11.54,0.1,0.08,51.84,FLYING,X10-F,0:/Integrated Flight Computer/aircraft/x10_f_cfg.ks (inferred preloaded)
407.14,APPROACH,FLY_TO_FIX,149.23,149,-0.23,757.92,-1.92,11.33,12,66.22,0.057,0.2556,0,15.092,1,0.6,4.5,0.75,0.35,0.0168,0.4,0,22.671,0,0.234,0,66.25,-0.601,0,0,-0.74,0.04,1,-0.6,66.25,0.7482,-0.0068,-0.6635,7,90.4,0,0,24.2,0,0,0,4,0,0,0,1773.47,0,0,0,90.4,1,0,0,0,0,3,0,0,0,11.5,-7.947,0,0,2,2,0,0,VALID,0,0,0,0,0,1,0,0,0,0,0,0,0,0,0,0,0,0,0,0,260.96,1022.39,2,0,0.1,0.1,4842,10.71,0.1,0.08,52.12,FLYING,X10-F,0:/Integrated Flight Computer/aircraft/x10_f_cfg.ks (inferred preloaded)
407.4,APPROACH,FLY_TO_FIX,149.22,149,-0.22,759.71,-1.91,11.33,12,66.22,0.055,0.2559,0,15.034,1,0.6,4.5,0.75,0.35,0.0168,0.4,0,22.675,0,0.22,0,66.25,-0.603,0,0,-0.73,0.04,1,-0.6,66.25,0.7482,-0.0068,-0.6635,7,90.4,0,0,24.161,0,0,0,4,0,0,0,1770.75,0,0,0,90.4,1,0,0,0,0,3,0,0,0,11.5,-7.947,0,0,2,2,0,0,VALID,0,0,0,0,0,1,0,0,0,0,0,0,0,0,0,0,0,0,0,0,260.97,1022.36,2,0,0.08,0.08,4845,11.54,0.1,0.08,52.38,FLYING,X10-F,0:/Integrated Flight Computer/aircraft/x10_f_cfg.ks (inferred preloaded)
407.68,APPROACH,FLY_TO_FIX,149.2,149,-0.2,762.1,-1.89,11.34,12,66.22,0.053,0.2559,0,14.975,1,0.6,4.5,0.75,0.35,0.0168,0.4,0,22.679,0,0.205,0,66.25,-0.605,0,0,-0.73,0.04,1,-0.6,66.25,0.7482,-0.0068,-0.6635,7,90.4,0,0,24.119,0,0,0,4,0,0,0,1767.82,0,0,0,90.4,1,0,0,0,0,3,0,0,0,11.5,-7.947,0,0,2,2,0,0,VALID,0,0,0,0,0,1,0,0,0,0,0,0,0,0,0,0,0,0,0,0,260.99,1022.33,2,0,0.1,0.1,4848,10.71,0.1,0.08,52.66,FLYING,X10-F,0:/Integrated Flight Computer/aircraft/x10_f_cfg.ks (inferred preloaded)
407.94,APPROACH,FLY_TO_FIX,149.19,149,-0.19,763.56,-1.89,11.34,12,66.22,0.052,0.2569,0,14.924,1,0.6,4.5,0.75,0.35,0.0168,0.4,0,22.683,0,0.19,0,66.25,-0.602,0,0,-0.73,0.04,1,-0.6,66.25,0.7482,-0.0068,-0.6635,7,90.4,0,0,24.08,0,0,0,4,0,0,0,1765.1,0,0,0,90.4,1,0,0,0,0,3,0,0,0,11.5,-7.947,0,0,2,2,0,0,VALID,0,0,0,0,0,1,0,0,0,0,0,0,0,0,0,0,0,0,0,0,261.04,1022.29,2,0,0.08,0.08,4851,11.54,0.1,0.08,52.92,FLYING,X10-F,0:/Integrated Flight Computer/aircraft/x10_f_cfg.ks (inferred preloaded)
408.22,APPROACH,FLY_TO_FIX,149.17,149,-0.17,761.81,-1.89,11.34,12,66.22,0.051,0.257,0,14.874,1,0.6,4.5,0.75,0.35,0.0168,0.4,0,22.687,0,0.174,0,66.25,-0.601,0,0,-0.72,0.04,1,-0.6,66.25,0.7482,-0.0068,-0.6635,7,90.4,0,0,24.038,0,0,0,4,0,0,0,1762.17,0,0,0,90.4,1,0,0,0,0,3,0,0,0,11.5,-7.947,0,0,2,2,0,0,VALID,0,0,0,0,0,1,0,0,0,0,0,0,0,0,0,0,0,0,0,0,261.12,1022.26,2,0,0.1,0.1,4854,10.71,0.1,0.08,53.2,FLYING,X10-F,0:/Integrated Flight Computer/aircraft/x10_f_cfg.ks (inferred preloaded)
408.48,APPROACH,FLY_TO_FIX,149.16,149,-0.16,760.29,-1.89,11.34,12,66.22,0.051,0.2575,0,14.831,1,0.6,4.5,0.75,0.35,0.0168,0.4,0,22.691,0,0.16,0,66.25,-0.599,0,0,-0.72,0.04,1,-0.6,66.25,0.7482,-0.0068,-0.6635,7,90.4,0,0,23.999,0,0,0,4,0,0,0,1759.45,0,0,0,90.4,1,0,0,0,0,3,0,0,0,11.5,-7.947,0,0,2,2,0,0,VALID,0,0,0,0,0,1,0,0,0,0,0,0,0,0,0,0,0,0,0,0,261.19,1022.22,2,0,0.08,0.08,4857,11.54,0.1,0.08,53.46,FLYING,X10-F,0:/Integrated Flight Computer/aircraft/x10_f_cfg.ks (inferred preloaded)
408.76,APPROACH,FLY_TO_FIX,149.14,149,-0.14,758.78,-1.89,11.35,12.01,66.22,0.05,0.258,0,14.79,1,0.6,4.5,0.75,0.35,0.0168,0.4,0,22.696,0,0.144,0,66.25,-0.595,0,0,-0.73,0.04,1,-0.6,66.25,0.7482,-0.0068,-0.6635,7,90.4,0,0,23.957,0,0,0,4,0,0,0,1756.52,0,0,0,90.4,1,0,0,0,0,3,0,0,0,11.5,-7.947,0,0,2,2,0,0,VALID,0,0,0,0,0,1,0,0,0,0,0,0,0,0,0,0,0,0,0,0,261.3,1022.19,2,0,0.1,0.1,4860,10.71,0.1,0.08,53.74,FLYING,X10-F,0:/Integrated Flight Computer/aircraft/x10_f_cfg.ks (inferred preloaded)
409.02,APPROACH,FLY_TO_FIX,149.13,149,-0.13,762.23,-1.88,11.35,12.02,66.22,0.049,0.2575,0,14.755,1,0.6,4.5,0.75,0.35,0.0168,0.4,0,22.7,0,0.131,0,66.25,-0.592,0,0,-0.73,0.04,1,-0.59,66.25,0.7482,-0.0068,-0.6635,7,90.4,0,0,23.918,0,0,0,4,0,0,0,1753.8,0,0,0,90.4,1,0,0,0,0,3,0,0,0,11.5,-7.947,0,0,2,2,0,0,VALID,0,0,0,0,0,1,0,0,0,0,0,0,0,0,0,0,0,0,0,0,261.41,1022.16,2,0,0.08,0.08,4863,11.54,0.1,0.08,54,FLYING,X10-F,0:/Integrated Flight Computer/aircraft/x10_f_cfg.ks (inferred preloaded)
409.3,APPROACH,FLY_TO_FIX,149.11,149,-0.11,763.38,-1.89,11.35,12.01,66.22,0.049,0.258,0,14.721,1,0.6,4.5,0.75,0.35,0.0168,0.4,0,22.704,0,0.115,0,66.25,-0.591,0,0,-0.72,0.04,1,-0.59,66.25,0.7482,-0.0068,-0.6635,7,90.4,0,0,23.876,0,0,0,4,0,0,0,1750.88,0,0,0,90.4,1,0,0,0,0,3,0,0,0,11.5,-7.947,0,0,2,2,0,0,VALID,0,0,0,0,0,1,0,0,0,0,0,0,0,0,0,0,0,0,0,0,261.51,1022.13,2,0,0.1,0.1,4866,10.71,0.1,0.08,54.28,FLYING,X10-F,0:/Integrated Flight Computer/aircraft/x10_f_cfg.ks (inferred preloaded)
409.56,APPROACH,FLY_TO_FIX,149.1,149,-0.1,764.78,-1.86,11.36,12.01,66.22,0.047,0.2583,0,14.693,1,0.6,4.5,0.75,0.35,0.0168,0.4,0,22.708,0,0.102,0,66.25,-0.594,0,0,-0.72,0.04,1,-0.59,66.25,0.7482,-0.0068,-0.6635,7,90.4,0,0,23.838,0,0,0,4,0,0,0,1748.16,0,0,0,90.4,1,0,0,0,0,3,0,0,0,11.5,-7.947,0,0,2,2,0,0,VALID,0,0,0,0,0,1,0,0,0,0,0,0,0,0,0,0,0,0,0,0,261.61,1022.1,2,0,0.08,0.08,4869,11.54,0.1,0.08,54.54,FLYING,X10-F,0:/Integrated Flight Computer/aircraft/x10_f_cfg.ks (inferred preloaded)
409.84,APPROACH,FLY_TO_FIX,149.09,149,-0.09,765.43,-1.86,11.36,12.01,66.22,0.045,0.2584,0,14.668,1,0.6,4.5,0.75,0.35,0.0168,0.4,0,22.712,0,0.088,0,66.25,-0.592,0,0,-0.72,0.04,1,-0.59,66.25,0.7482,-0.0068,-0.6635,7,90.4,0,0,23.796,0,0,0,4,0,0,0,1745.23,0,0,0,90.4,1,0,0,0,0,3,0,0,0,11.5,-7.947,0,0,2,2,0,0,VALID,0,0,0,0,0,1,0,0,0,0,0,0,0,0,0,0,0,0,0,0,261.75,1022.07,2,0,0.1,0.1,4872,10.71,0.1,0.08,54.82,FLYING,X10-F,0:/Integrated Flight Computer/aircraft/x10_f_cfg.ks (inferred preloaded)
410.1,APPROACH,FLY_TO_FIX,149.07,149,-0.07,763.58,-1.87,11.36,12.02,66.22,0.045,0.2583,0,14.647,1,0.6,4.5,0.75,0.35,0.0168,0.4,0,22.715,0,0.075,0,66.25,-0.586,0,0,-0.72,0.04,1,-0.59,66.25,0.7482,-0.0068,-0.6635,7,90.4,0,0,23.757,0,0,0,4,0,0,0,1742.51,0,0,0,90.4,1,0,0,0,0,3,0,0,0,11.5,-7.947,0,0,2,2,0,0,VALID,0,0,0,0,0,1,0,0,0,0,0,0,0,0,0,0,0,0,0,0,261.86,1022.04,2,0,0.08,0.08,4875,11.54,0.1,0.08,55.08,FLYING,X10-F,0:/Integrated Flight Computer/aircraft/x10_f_cfg.ks (inferred preloaded)
410.38,APPROACH,FLY_TO_FIX,149.06,149,-0.06,762.77,-1.88,11.36,12.02,66.22,0.044,0.2584,0,14.628,1,0.6,4.5,0.75,0.35,0.0168,0.4,0,22.719,0,0.062,0,66.25,-0.583,0,0,-0.72,0.04,1,-0.59,66.25,0.7482,-0.0068,-0.6635,7,90.4,0,0,23.715,0,0,0,4,0,0,0,1739.58,0,0,0,90.4,1,0,0,0,0,3,0,0,0,11.5,-7.947,0,0,2,2,0,0,VALID,0,0,0,0,0,1,0,0,0,0,0,0,0,0,0,0,0,0,0,0,261.97,1022.01,2,0,0.1,0.1,4878,10.71,0.1,0.08,55.36,FLYING,X10-F,0:/Integrated Flight Computer/aircraft/x10_f_cfg.ks (inferred preloaded)
410.64,APPROACH,FLY_TO_FIX,149.05,149,-0.05,761.89,-1.89,11.37,12.03,66.22,0.044,0.2597,0,14.615,1,0.6,4.5,0.75,0.35,0.0168,0.4,0,22.723,0,0.048,0,66.25,-0.578,0,0,-0.72,0.04,1,-0.59,66.25,0.7482,-0.0068,-0.6635,7,90.4,0,0,23.676,0,0,0,4,0,0,0,1736.87,0,0,0,90.4,1,0,0,0,0,3,0,0,0,11.5,-7.947,0,0,2,2,0,0,VALID,0,0,0,0,0,1,0,0,0,0,0,0,0,0,0,0,0,0,0,0,262.08,1021.99,2,0,0.08,0.08,4881,11.54,0.1,0.08,55.62,FLYING,X10-F,0:/Integrated Flight Computer/aircraft/x10_f_cfg.ks (inferred preloaded)
410.92,APPROACH,FLY_TO_FIX,149.03,149,-0.03,761.88,-1.86,11.38,12.03,66.22,0.042,0.262,0,14.604,1,0.6,4.5,0.75,0.35,0.0168,0.4,0,22.727,0,0.032,0,66.25,-0.579,0,0,-0.72,0.04,1,-0.59,66.25,0.7482,-0.0068,-0.6635,7,90.4,0,0,23.634,0,0,0,4,0,0,0,1733.94,0,0,0,90.4,1,0,0,0,0,3,0,0,0,11.5,-7.947,0,0,2,2,0,0,VALID,0,0,0,0,0,1,0,0,0,0,0,0,0,0,0,0,0,0,0,0,262.29,1021.95,2,0,0.1,0.1,4884,10.71,0.1,0.08,55.9,FLYING,X10-F,0:/Integrated Flight Computer/aircraft/x10_f_cfg.ks (inferred preloaded)
411.18,APPROACH,FLY_TO_FIX,149.02,149,-0.02,760.9,-1.85,11.38,12.03,66.22,0.043,0.262,0,14.598,1,0.6,4.5,0.75,0.35,0.0168,0.4,0,22.731,0,0.019,0,66.25,-0.582,0,0,-0.71,0.04,1,-0.58,66.25,0.7482,-0.0068,-0.6635,7,90.4,0,0,23.595,0,0,0,4,0,0,0,1731.22,0,0,0,90.4,1,0,0,0,0,3,0,0,0,11.5,-7.947,0,0,2,2,0,0,VALID,0,0,0,0,0,1,0,0,0,0,0,0,0,0,0,0,0,0,0,0,262.55,1021.92,2,0,0.08,0.08,4887,11.54,0.1,0.08,56.16,FLYING,X10-F,0:/Integrated Flight Computer/aircraft/x10_f_cfg.ks (inferred preloaded)
411.46,APPROACH,FLY_TO_FIX,149.01,149,-0.01,759.14,-1.85,11.38,12.03,66.22,0.042,0.2606,0,14.595,1,0.6,4.5,0.75,0.35,0.0168,0.4,0,22.734,0,0.008,0,66.25,-0.581,0,0,-0.71,0.04,1,-0.58,66.25,0.7482,-0.0068,-0.6635,7,90.4,0,0,23.554,0,0,0,4,0,0,0,1728.3,0,0,0,90.4,1,0,0,0,0,3,0,0,0,11.5,-7.947,0,0,2,2,0,0,VALID,0,0,0,0,0,1,0,0,0,0,0,0,0,0,0,0,0,0,0,0,262.81,1021.9,2,0,0.1,0.1,4890,10.71,0.1,0.08,56.44,FLYING,X10-F,0:/Integrated Flight Computer/aircraft/x10_f_cfg.ks (inferred preloaded)
411.72,APPROACH,FLY_TO_FIX,149,149,0,755.49,-1.84,11.39,12.03,66.22,0.042,0.2598,0,14.594,1,0.6,4.5,0.75,0.35,0.0168,0.4,0,22.737,0,-0.001,0,66.25,-0.581,0,0,-0.71,0.04,1,-0.58,66.25,0.7482,-0.0068,-0.6635,7,90.4,0,0,23.515,0,0,0,4,0,0,0,1725.58,0,0,0,90.4,1,0,0,0,0,3,0,0,0,11.5,-7.947,0,0,2,2,0,0,VALID,0,0,0,0,0,1,0,0,0,0,0,0,0,0,0,0,0,0,0,0,262.97,1021.89,2,0,0.08,0.08,4893,11.54,0.1,0.08,56.7,FLYING,X10-F,0:/Integrated Flight Computer/aircraft/x10_f_cfg.ks (inferred preloaded)
412,APPROACH,FLY_TO_FIX,148.99,149,0.01,751.14,-1.84,11.39,12.03,66.22,0.042,0.2602,0,14.596,1,0.6,4.5,0.75,0.35,0.0168,0.4,0,22.74,0,-0.012,0,66.26,-0.582,0,0,-0.7,0.04,1,-0.58,66.26,0.7482,-0.0068,-0.6635,7,90.4,0,0,23.473,0,0,0,4,0,0,0,1722.66,0,0,0,90.4,1,0,0,0,0,3,0,0,0,11.5,-7.947,0,0,2,2,0,0,VALID,0,0,0,0,0,1,0,0,0,0,0,0,0,0,0,0,0,0,0,0,263.1,1021.87,2,0,0.1,0.1,4896,10.71,0.1,0.08,56.98,FLYING,X10-F,0:/Integrated Flight Computer/aircraft/x10_f_cfg.ks (inferred preloaded)
412.26,APPROACH,FLY_TO_FIX,148.98,149,0.02,749.8,-1.85,11.39,12.03,66.22,0.041,0.2613,0,14.601,1,0.6,4.5,0.75,0.35,0.0168,0.4,0,22.743,0,-0.023,0,66.26,-0.576,0,0,-0.71,0.04,1,-0.58,66.26,0.7482,-0.0068,-0.6635,7,90.4,0,0,23.434,0,0,0,4,0,0,0,1719.94,0,0,0,90.4,1,0,0,0,0,3,0,0,0,11.5,-7.947,0,0,2,2,0,0,VALID,0,0,0,0,0,1,0,0,0,0,0,0,0,0,0,0,0,0,0,0,263.25,1021.86,2,0,0.08,0.08,4899,11.54,0.1,0.08,57.24,FLYING,X10-F,0:/Integrated Flight Computer/aircraft/x10_f_cfg.ks (inferred preloaded)
412.54,APPROACH,FLY_TO_FIX,148.97,149,0.03,748.31,-1.85,11.39,12.03,66.22,0.04,0.2616,0,14.61,1,0.6,4.5,0.75,0.35,0.0168,0.4,0,22.746,0,-0.034,0,66.26,-0.573,0,0,-0.71,0.04,1,-0.58,66.26,0.7482,-0.0068,-0.6635,7,90.4,0,0,23.392,0,0,0,4,0,0,0,1717.02,0,0,0,90.4,1,0,0,0,0,3,0,0,0,11.5,-7.947,0,0,2,2,0,0,VALID,0,0,0,0,0,1,0,0,0,0,0,0,0,0,0,0,0,0,0,0,263.46,1021.84,2,0,0.1,0.1,4902,10.71,0.1,0.08,57.52,FLYING,X10-F,0:/Integrated Flight Computer/aircraft/x10_f_cfg.ks (inferred preloaded)
412.8,APPROACH,FLY_TO_FIX,148.96,149,0.04,746.55,-1.83,11.39,12.03,66.22,0.038,0.2621,0,14.62,1,0.6,4.5,0.75,0.35,0.0168,0.4,0,22.749,0,-0.043,0,66.26,-0.574,0,0,-0.7,0.04,1,-0.57,66.26,0.7482,-0.0068,-0.6635,7,90.4,0,0,23.353,0,0,0,4,0,0,0,1714.3,0,0,0,90.4,1,0,0,0,0,3,0,0,0,11.5,-7.947,0,0,2,2,0,0,VALID,0,0,0,0,0,1,0,0,0,0,0,0,0,0,0,0,0,0,0,0,263.65,1021.83,2,0,0.08,0.08,4905,11.54,0.1,0.08,57.78,FLYING,X10-F,0:/Integrated Flight Computer/aircraft/x10_f_cfg.ks (inferred preloaded)
413.08,APPROACH,FLY_TO_FIX,148.95,149,0.05,743.76,-1.82,11.4,12.03,66.22,0.038,0.262,0,14.634,1,0.6,4.5,0.75,0.35,0.0168,0.4,0,22.751,0,-0.052,0,66.26,-0.576,0,0,-0.7,0.04,1,-0.57,66.26,0.7482,-0.0068,-0.6635,7,90.4,0,0,23.312,0,0,0,4,0,0,0,1711.38,0,0,0,90.4,1,0,0,0,0,3,0,0,0,11.5,-7.947,0,0,2,2,0,0,VALID,0,0,0,0,0,1,0,0,0,0,0,0,0,0,0,0,0,0,0,0,263.87,1021.82,2,0,0.1,0.1,4908,10.71,0.1,0.08,58.06,FLYING,X10-F,0:/Integrated Flight Computer/aircraft/x10_f_cfg.ks (inferred preloaded)
413.34,APPROACH,FLY_TO_FIX,148.94,149,0.06,744.48,-1.81,11.4,12.03,66.22,0.038,0.2624,0,14.649,1,0.6,4.5,0.75,0.35,0.0168,0.4,0,22.754,0,-0.061,0,66.26,-0.575,0,0,-0.7,0.04,1,-0.57,66.26,0.7482,-0.0068,-0.6635,7,90.4,0,0,23.273,0,0,0,4,0,0,0,1708.66,0,0,0,90.4,1,0,0,0,0,3,0,0,0,11.5,-7.947,0,0,2,2,0,0,VALID,0,0,0,0,0,1,0,0,0,0,0,0,0,0,0,0,0,0,0,0,264.08,1021.81,2,0,0.08,0.08,4911,11.54,0.1,0.08,58.32,FLYING,X10-F,0:/Integrated Flight Computer/aircraft/x10_f_cfg.ks (inferred preloaded)
413.62,APPROACH,FLY_TO_FIX,148.93,149,0.07,743.8,-1.81,11.4,12.03,66.22,0.038,0.2629,0,14.668,1,0.6,4.5,0.75,0.35,0.0168,0.4,0,22.756,0,-0.07,0,66.26,-0.574,0,0,-0.69,0.04,1,-0.57,66.26,0.7482,-0.0068,-0.6635,7,90.4,0,0,23.231,0,0,0,4,0,0,0,1705.74,0,0,0,90.4,1,0,0,0,0,3,0,0,0,11.5,-7.947,0,0,2,2,0,0,VALID,0,0,0,0,0,1,0,0,0,0,0,0,0,0,0,0,0,0,0,0,264.3,1021.8,2,0,0.1,0.1,4914,10.71,0.1,0.08,58.6,FLYING,X10-F,0:/Integrated Flight Computer/aircraft/x10_f_cfg.ks (inferred preloaded)
413.88,APPROACH,FLY_TO_FIX,148.92,149,0.08,741.96,-1.81,11.4,12.04,66.22,0.038,0.2639,0,14.688,1,0.6,4.5,0.75,0.35,0.0168,0.4,0,22.759,0,-0.079,0,66.26,-0.569,0,0,-0.7,0.04,1,-0.57,66.26,0.7482,-0.0068,-0.6635,7,90.4,0,0,23.192,0,0,0,4,0,0,0,1703.02,0,0,0,90.4,1,0,0,0,0,3,0,0,0,11.5,-7.947,0,0,2,2,0,0,VALID,0,0,0,0,0,1,0,0,0,0,0,0,0,0,0,0,0,0,0,0,264.54,1021.79,2,0,0.08,0.08,4917,11.54,0.1,0.08,58.86,FLYING,X10-F,0:/Integrated Flight Computer/aircraft/x10_f_cfg.ks (inferred preloaded)
414.16,APPROACH,FLY_TO_FIX,148.91,149,0.09,742.35,-1.81,11.4,12.04,66.22,0.039,0.2636,0,14.711,1,0.6,4.5,0.75,0.35,0.0168,0.4,0,22.761,0,-0.086,0,66.26,-0.568,0,0,-0.7,0.04,1,-0.57,66.26,0.7482,-0.0068,-0.6635,7,90.4,0,0,23.15,0,0,0,4,0,0,0,1700.1,0,0,0,90.4,1,0,0,0,0,3,0,0,0,11.5,-7.947,0,0,2,2,0,0,VALID,0,0,0,0,0,1,0,0,0,0,0,0,0,0,0,0,0,0,0,0,264.81,1021.79,2,0,0.1,0.1,4920,10.71,0.1,0.08,59.14,FLYING,X10-F,0:/Integrated Flight Computer/aircraft/x10_f_cfg.ks (inferred preloaded)
414.42,APPROACH,FLY_TO_FIX,148.91,149,0.09,743.99,-1.81,11.39,12.03,66.22,0.038,0.2633,0,14.735,1,0.6,4.5,0.75,0.35,0.0168,0.4,0,22.762,0,-0.092,0,66.26,-0.565,0,0,-0.69,0.04,1,-0.57,66.26,0.7482,-0.0068,-0.6635,7,90.4,0,0,23.112,0,0,0,4,0,0,0,1697.38,0,0,0,90.4,1,0,0,0,0,3,0,0,0,11.5,-7.947,0,0,2,2,0,0,VALID,0,0,0,0,0,1,0,0,0,0,0,0,0,0,0,0,0,0,0,0,265.04,1021.79,2,0,0.08,0.08,4923,11.54,0.1,0.08,59.4,FLYING,X10-F,0:/Integrated Flight Computer/aircraft/x10_f_cfg.ks (inferred preloaded)
414.7,APPROACH,FLY_TO_FIX,148.9,149,0.1,745.83,-1.82,11.4,12.03,66.22,0.037,0.2628,0,14.762,1,0.6,4.5,0.75,0.35,0.0168,0.4,0,22.764,0,-0.098,0,66.26,-0.562,0,0,-0.7,0.04,1,-0.57,66.26,0.7482,-0.0068,-0.6635,7,90.4,0,0,23.07,0,0,0,4,0,0,0,1694.46,0,0,0,90.4,1,0,0,0,0,3,0,0,0,11.5,-7.947,0,0,2,2,0,0,VALID,0,0,0,0,0,1,0,0,0,0,0,0,0,0,0,0,0,0,0,0,265.24,1021.8,2,0,0.1,0.1,4926,10.71,0.1,0.08,59.68,FLYING,X10-F,0:/Integrated Flight Computer/aircraft/x10_f_cfg.ks (inferred preloaded)
414.96,APPROACH,FLY_TO_FIX,148.9,149,0.1,747.01,-1.8,11.41,12.04,66.22,0.037,0.2639,0,14.788,1,0.6,4.5,0.75,0.35,0.0168,0.4,0,22.766,0,-0.104,0,66.26,-0.561,0,0,-0.7,0.03,1,-0.57,66.26,0.7482,-0.0068,-0.6635,7,90.4,0,0,23.031,0,0,0,4,0,0,0,1691.75,0,0,0,90.4,1,0,0,0,0,3,0,0,0,11.5,-7.947,0,0,2,2,0,0,VALID,0,0,0,0,0,1,0,0,0,0,0,0,0,0,0,0,0,0,0,0,265.41,1021.8,2,0,0.08,0.08,4929,11.54,0.1,0.08,59.94,FLYING,X10-F,0:/Integrated Flight Computer/aircraft/x10_f_cfg.ks (inferred preloaded)
415.24,APPROACH,FLY_TO_FIX,148.89,149,0.11,748.35,-1.79,11.41,12.04,66.22,0.036,0.2638,0,14.818,1,0.6,4.5,0.75,0.35,0.0168,0.4,0,22.767,0,-0.109,0,66.26,-0.563,0,0,-0.69,0.04,1,-0.56,66.26,0.7482,-0.0068,-0.6635,7,90.4,0,0,22.989,0,0,0,4,0,0,0,1688.82,0,0,0,90.4,1,0,0,0,0,3,0,0,0,11.5,-7.947,0,0,2,2,0,0,VALID,0,0,0,0,0,1,0,0,0,0,0,0,0,0,0,0,0,0,0,0,265.64,1021.81,2,0,0.1,0.1,4932,10.71,0.1,0.08,60.22,FLYING,X10-F,0:/Integrated Flight Computer/aircraft/x10_f_cfg.ks (inferred preloaded)
415.5,APPROACH,FLY_TO_FIX,148.89,149,0.11,749.66,-1.79,11.41,12.04,66.22,0.037,0.264,0,14.847,1,0.6,4.5,0.75,0.35,0.0168,0.4,0,22.768,0,-0.113,0,66.26,-0.564,0,0,-0.69,0.04,1,-0.56,66.26,0.7482,-0.0068,-0.6635,7,90.4,0,0,22.95,0,0,0,4,0,0,0,1686.11,0,0,0,90.4,1,0,0,0,0,3,0,0,0,11.5,-7.947,0,0,2,2,0,0,VALID,0,0,0,0,0,1,0,0,0,0,0,0,0,0,0,0,0,0,0,0,265.86,1021.81,2,0,0.08,0.08,4935,11.54,0.1,0.08,60.48,FLYING,X10-F,0:/Integrated Flight Computer/aircraft/x10_f_cfg.ks (inferred preloaded)
415.78,APPROACH,FLY_TO_FIX,148.88,149,0.12,749.65,-1.78,11.41,12.03,66.22,0.037,0.2637,0,14.88,1,0.6,4.5,0.75,0.35,0.0168,0.4,0,22.769,0,-0.117,0,66.26,-0.564,0,0,-0.68,0.03,1,-0.56,66.26,0.7482,-0.0068,-0.6635,7,90.4,0,0,22.909,0,0,0,4,0,0,0,1683.19,0,0,0,90.4,1,0,0,0,0,3,0,0,0,11.5,-7.947,0,0,2,2,0,0,VALID,0,0,0,0,0,1,0,0,0,0,0,0,0,0,0,0,0,0,0,0,266.07,1021.83,2,0,0.1,0.1,4938,10.71,0.1,0.08,60.76,FLYING,X10-F,0:/Integrated Flight Computer/aircraft/x10_f_cfg.ks (inferred preloaded)
416.04,APPROACH,FLY_TO_FIX,148.88,149,0.12,747.44,-1.78,11.41,12.03,66.22,0.038,0.2643,0,14.911,1,0.6,4.5,0.75,0.35,0.0168,0.4,0,22.77,0,-0.121,0,66.26,-0.56,0,0,-0.69,0.03,1,-0.56,66.26,0.7482,-0.0068,-0.6635,7,90.4,0,0,22.87,0,0,0,4,0,0,0,1680.48,0,0,0,90.4,1,0,0,0,0,3,0,0,0,11.5,-7.947,0,0,2,2,0,0,VALID,0,0,0,0,0,1,0,0,0,0,0,0,0,0,0,0,0,0,0,0,266.25,1021.84,2,0,0.08,0.08,4941,11.54,0.1,0.08,61.02,FLYING,X10-F,0:/Integrated Flight Computer/aircraft/x10_f_cfg.ks (inferred preloaded)
416.32,APPROACH,FLY_TO_FIX,148.88,149,0.12,749.6,-1.78,11.41,12.03,66.22,0.037,0.2638,0,14.945,1,0.6,4.5,0.75,0.35,0.0168,0.4,0,22.771,0,-0.123,0,66.26,-0.56,0,0,-0.68,0.03,1,-0.56,66.26,0.7482,-0.0068,-0.6635,7,90.4,0,0,22.828,0,0,0,4,0,0,0,1677.55,0,0,0,90.4,1,0,0,0,0,3,0,0,0,11.5,-7.947,0,0,2,2,0,0,VALID,0,0,0,0,0,1,0,0,0,0,0,0,0,0,0,0,0,0,0,0,266.46,1021.86,2,0,0.1,0.1,4944,10.71,0.1,0.08,61.3,FLYING,X10-F,0:/Integrated Flight Computer/aircraft/x10_f_cfg.ks (inferred preloaded)
416.58,APPROACH,FLY_TO_FIX,148.87,149,0.13,752.3,-1.77,11.41,12.04,66.22,0.037,0.2637,0,14.977,1,0.6,4.5,0.75,0.35,0.0168,0.4,0,22.772,0,-0.125,0,66.26,-0.556,0,0,-0.69,0.03,1,-0.56,66.26,0.7482,-0.0068,-0.6635,7,90.4,0,0,22.789,0,0,0,4,0,0,0,1674.84,0,0,0,90.4,1,0,0,0,0,3,0,0,0,11.5,-7.947,0,0,2,2,0,0,VALID,0,0,0,0,0,1,0,0,0,0,0,0,0,0,0,0,0,0,0,0,266.62,1021.87,2,0,0.08,0.08,4947,11.54,0.1,0.08,61.56,FLYING,X10-F,0:/Integrated Flight Computer/aircraft/x10_f_cfg.ks (inferred preloaded)
416.86,APPROACH,FLY_TO_FIX,148.87,149,0.13,756.33,-1.78,11.41,12.04,66.22,0.037,0.2642,0,15.013,1,0.6,4.5,0.75,0.35,0.0168,0.4,0,22.772,0,-0.127,0,66.26,-0.555,0,0,-0.68,0.03,1,-0.56,66.26,0.7482,-0.0068,-0.6635,7,90.4,0,0,22.747,0,0,0,4,0,0,0,1671.92,0,0,0,90.4,1,0,0,0,0,3,0,0,0,11.5,-7.947,0,0,2,2,0,0,VALID,0,0,0,0,0,1,0,0,0,0,0,0,0,0,0,0,0,0,0,0,266.78,1021.89,2,0,0.1,0.1,4950,10.71,0.1,0.08,61.84,FLYING,X10-F,0:/Integrated Flight Computer/aircraft/x10_f_cfg.ks (inferred preloaded)
417.12,APPROACH,FLY_TO_FIX,148.87,149,0.13,760.99,-1.77,11.42,12.03,66.22,0.038,0.2645,0,15.046,1,0.6,4.5,0.75,0.35,0.0168,0.4,0,22.773,0,-0.129,0,66.26,-0.555,0,0,-0.68,0.03,1,-0.55,66.26,0.7482,-0.0068,-0.6635,7,90.4,0,0,22.709,0,0,0,4,0,0,0,1669.2,0,0,0,90.4,1,0,0,0,0,3,0,0,0,11.5,-7.947,0,0,2,2,0,0,VALID,0,0,0,0,0,1,0,0,0,0,0,0,0,0,0,0,0,0,0,0,266.95,1021.91,2,0,0.08,0.08,4953,11.54,0.1,0.08,62.1,FLYING,X10-F,0:/Integrated Flight Computer/aircraft/x10_f_cfg.ks (inferred preloaded)
417.4,APPROACH,FLY_TO_FIX,148.87,149,0.13,764.32,-1.76,11.41,12.03,66.22,0.037,0.2649,0,15.083,1,0.6,4.5,0.75,0.35,0.0168,0.4,0,22.773,0,-0.13,0,66.26,-0.553,0,0,-0.68,0.03,1,-0.56,66.26,0.7482,-0.0068,-0.6635,7,90.4,0,0,22.667,0,0,0,4,0,0,0,1666.28,0,0,0,90.4,1,0,0,0,0,3,0,0,0,11.5,-7.947,0,0,2,2,0,0,VALID,0,0,0,0,0,1,0,0,0,0,0,0,0,0,0,0,0,0,0,0,267.14,1021.94,2,0,0.1,0.1,4956,10.71,0.1,0.08,62.38,FLYING,X10-F,0:/Integrated Flight Computer/aircraft/x10_f_cfg.ks (inferred preloaded)
417.66,APPROACH,FLY_TO_FIX,148.87,149,0.13,765.21,-1.75,11.42,12.03,66.22,0.037,0.2638,0,15.116,1,0.6,4.5,0.75,0.35,0.0168,0.4,0,22.773,0,-0.13,0,66.26,-0.555,0,0,-0.68,0.03,1,-0.55,66.26,0.7482,-0.0068,-0.6635,7,90.4,0,0,22.628,0,0,0,4,0,0,0,1663.57,0,0,0,90.4,1,0,0,0,0,3,0,0,0,11.5,-7.947,0,0,2,2,0,0,VALID,0,0,0,0,0,1,0,0,0,0,0,0,0,0,0,0,0,0,0,0,267.3,1021.96,2,0,0.08,0.08,4959,11.54,0.1,0.08,62.64,FLYING,X10-F,0:/Integrated Flight Computer/aircraft/x10_f_cfg.ks (inferred preloaded)
417.94,APPROACH,FLY_TO_FIX,148.87,149,0.13,765.88,-1.76,11.41,12.03,66.23,0.037,0.264,0,15.153,1,0.6,4.5,0.75,0.35,0.0168,0.4,0,22.773,0,-0.13,0,66.26,-0.551,0,0,-0.68,0.03,1,-0.55,66.26,0.7482,-0.0068,-0.6635,7,90.4,0,0,22.586,0,0,0,4,0,0,0,1660.65,0,0,0,90.4,1,0,0,0,0,3,0,0,0,11.5,-7.947,0,0,2,2,0,0,VALID,0,0,0,0,0,1,0,0,0,0,0,0,0,0,0,0,0,0,0,0,267.46,1021.99,2,0,0.1,0.1,4962,10.71,0.1,0.08,62.92,FLYING,X10-F,0:/Integrated Flight Computer/aircraft/x10_f_cfg.ks (inferred preloaded)
418.2,APPROACH,FLY_TO_FIX,148.87,149,0.13,763.5,-1.75,11.42,12.04,66.23,0.036,0.2633,0,15.186,1,0.6,4.5,0.75,0.35,0.0168,0.4,0,22.773,0,-0.128,0,66.26,-0.548,0,0,-0.68,0.03,1,-0.55,66.26,0.7482,-0.0068,-0.6635,7,90.4,0,0,22.547,0,0,0,4,0,0,0,1657.94,0,0,0,90.4,1,0,0,0,0,3,0,0,0,11.5,-7.947,0,0,2,2,0,0,VALID,0,0,0,0,0,1,0,0,0,0,0,0,0,0,0,0,0,0,0,0,267.58,1022.03,2,0,0.08,0.08,4965,11.54,0.1,0.08,63.18,FLYING,X10-F,0:/Integrated Flight Computer/aircraft/x10_f_cfg.ks (inferred preloaded)
418.48,APPROACH,FLY_TO_FIX,148.87,149,0.13,762.35,-1.76,11.41,12.03,66.23,0.036,0.2638,0,15.222,1,0.6,4.5,0.75,0.35,0.0168,0.4,0,22.772,0,-0.128,0,66.26,-0.547,0,0,-0.67,0.03,1,-0.55,66.26,0.7482,-0.0068,-0.6635,7,90.4,0,0,22.506,0,0,0,4,0,0,0,1655.01,0,0,0,90.4,1,0,0,0,0,3,0,0,0,11.5,-7.947,0,0,2,2,0,0,VALID,0,0,0,0,0,1,0,0,0,0,0,0,0,0,0,0,0,0,0,0,267.68,1022.06,2,0,0.1,0.1,4968,10.71,0.1,0.08,63.46,FLYING,X10-F,0:/Integrated Flight Computer/aircraft/x10_f_cfg.ks (inferred preloaded)
418.74,APPROACH,FLY_TO_FIX,148.87,149,0.13,762.66,-1.74,11.42,12.03,66.23,0.037,0.2645,0,15.255,1,0.6,4.5,0.75,0.35,0.0168,0.4,0,22.772,0,-0.127,0,66.26,-0.548,0,0,-0.67,0.03,1,-0.55,66.26,0.7482,-0.0068,-0.6635,7,90.4,0,0,22.467,0,0,0,4,0,0,0,1652.3,0,0,0,90.4,1,0,0,0,0,3,0,0,0,11.5,-7.947,0,0,2,2,0,0,VALID,0,0,0,0,0,1,0,0,0,0,0,0,0,0,0,0,0,0,0,0,267.78,1022.08,2,0,0.08,0.08,4971,11.54,0.1,0.08,63.72,FLYING,X10-F,0:/Integrated Flight Computer/aircraft/x10_f_cfg.ks (inferred preloaded)
419.02,APPROACH,FLY_TO_FIX,148.87,149,0.13,765.05,-1.73,11.42,12.03,66.23,0.037,0.2642,0,15.291,1,0.6,4.5,0.75,0.35,0.0168,0.4,0,22.772,0,-0.126,0,66.26,-0.548,0,0,-0.67,0.03,1,-0.55,66.26,0.7482,-0.0068,-0.6635,7,90.4,0,0,22.425,0,0,0,4,0,0,0,1649.38,0,0,0,90.4,1,0,0,0,0,3,0,0,0,11.5,-7.947,0,0,2,2,0,0,VALID,0,0,0,0,0,1,0,0,0,0,0,0,0,0,0,0,0,0,0,0,267.93,1022.12,2,0,0.1,0.1,4974,10.71,0.1,0.08,64,FLYING,X10-F,0:/Integrated Flight Computer/aircraft/x10_f_cfg.ks (inferred preloaded)
419.28,APPROACH,FLY_TO_FIX,148.88,149,0.12,767.29,-1.73,11.42,12.02,66.23,0.037,0.2644,0,15.323,1,0.6,4.5,0.75,0.35,0.0168,0.4,0,22.771,0,-0.124,0,66.26,-0.548,0,0,-0.67,0.03,1,-0.54,66.26,0.7482,-0.0068,-0.6635,7,90.4,0,0,22.386,0,0,0,4,0,0,0,1646.67,0,0,0,90.4,1,0,0,0,0,3,0,0,0,11.5,-7.947,0,0,2,2,0,0,VALID,0,0,0,0,0,1,0,0,0,0,0,0,0,0,0,0,0,0,0,0,268.07,1022.15,2,0,0.08,0.08,4977,11.54,0.1,0.08,64.26,FLYING,X10-F,0:/Integrated Flight Computer/aircraft/x10_f_cfg.ks (inferred preloaded)
419.56,APPROACH,FLY_TO_FIX,148.88,149,0.12,769.18,-1.73,11.42,12.03,66.23,0.037,0.2644,0,15.358,1,0.6,4.5,0.75,0.35,0.0168,0.4,0,22.771,0,-0.122,0,66.26,-0.542,0,0,-0.67,0.03,1,-0.55,66.26,0.7482,-0.0068,-0.6635,7,90.4,0,0,22.344,0,0,0,4,0,0,0,1643.75,0,0,0,90.4,1,0,0,0,0,3,0,0,0,11.5,-7.947,0,0,2,2,0,0,VALID,0,0,0,0,0,1,0,0,0,0,0,0,0,0,0,0,0,0,0,0,268.2,1022.19,2,0,0.1,0.1,4980,10.71,0.1,0.08,64.54,FLYING,X10-F,0:/Integrated Flight Computer/aircraft/x10_f_cfg.ks (inferred preloaded)
419.82,APPROACH,FLY_TO_FIX,148.88,149,0.12,771.31,-1.73,11.41,12.01,66.23,0.035,0.2647,0,15.389,1,0.6,4.5,0.75,0.35,0.0168,0.4,0,22.77,0,-0.12,0,66.26,-0.545,0,0,-0.66,0.03,1,-0.54,66.26,0.7482,-0.0068,-0.6635,7,90.4,0,0,22.306,0,0,0,4,0,0,0,1641.03,0,0,0,90.4,1,0,0,0,0,3,0,0,0,11.5,-7.947,0,0,2,2,0,0,VALID,0,0,0,0,0,1,0,0,0,0,0,0,0,0,0,0,0,0,0,0,268.31,1022.22,2,0,0.08,0.08,4983,11.54,0.1,0.08,64.8,FLYING,X10-F,0:/Integrated Flight Computer/aircraft/x10_f_cfg.ks (inferred preloaded)
420.1,APPROACH,FLY_TO_FIX,148.88,149,0.12,773.82,-1.73,11.42,12.02,66.23,0.034,0.2646,0,15.422,1,0.6,4.5,0.75,0.35,0.0168,0.4,0,22.77,0,-0.118,0,66.26,-0.541,0,0,-0.66,0.03,1,-0.54,66.26,0.7482,-0.0068,-0.6635,7,90.4,0,0,22.264,0,0,0,4,0,0,0,1638.11,0,0,0,90.4,1,0,0,0,0,3,0,0,0,11.5,-7.947,0,0,2,2,0,0,VALID,0,0,0,0,0,1,0,0,0,0,0,0,0,0,0,0,0,0,0,0,268.45,1022.26,2,0,0.1,0.1,4986,10.71,0.1,0.08,65.08,FLYING,X10-F,0:/Integrated Flight Computer/aircraft/x10_f_cfg.ks (inferred preloaded)
420.36,APPROACH,FLY_TO_FIX,148.88,149,0.12,775.15,-1.74,11.42,12.03,66.23,0.035,0.2649,0,15.452,1,0.6,4.5,0.75,0.35,0.0168,0.4,0,22.769,0,-0.115,0,66.26,-0.535,0,0,-0.67,0.03,1,-0.54,66.26,0.7482,-0.0068,-0.6635,7,90.4,0,0,22.225,0,0,0,4,0,0,0,1635.4,0,0,0,90.4,1,0,0,0,0,3,0,0,0,11.5,-7.947,0,0,2,2,0,0,VALID,0,0,0,0,0,1,0,0,0,0,0,0,0,0,0,0,0,0,0,0,268.55,1022.3,2,0,0.08,0.08,4989,11.54,0.1,0.08,65.34,FLYING,X10-F,0:/Integrated Flight Computer/aircraft/x10_f_cfg.ks (inferred preloaded)
420.64,APPROACH,FLY_TO_FIX,148.89,149,0.11,775.57,-1.73,11.42,12.03,66.23,0.036,0.265,0,15.484,1,0.6,4.5,0.75,0.35,0.0168,0.4,0,22.768,0,-0.113,0,66.26,-0.534,0,0,-0.66,0.03,1,-0.54,66.26,0.7482,-0.0068,-0.6635,7,90.4,0,0,22.183,0,0,0,4,0,0,0,1632.48,0,0,0,90.4,1,0,0,0,0,3,0,0,0,11.5,-7.947,0,0,2,2,0,0,VALID,0,0,0,0,0,1,0,0,0,0,0,0,0,0,0,0,0,0,0,0,268.68,1022.34,2,0,0.1,0.1,4992,10.71,0.1,0.08,65.62,FLYING,X10-F,0:/Integrated Flight Computer/aircraft/x10_f_cfg.ks (inferred preloaded)
420.9,APPROACH,FLY_TO_FIX,148.89,149,0.11,776.05,-1.72,11.42,12.02,66.23,0.036,0.2656,0,15.513,1,0.6,4.5,0.75,0.35,0.0168,0.4,0,22.768,0,-0.111,0,66.26,-0.536,0,0,-0.66,0.03,1,-0.54,66.26,0.7482,-0.0068,-0.6635,7,90.4,0,0,22.145,0,0,0,4,0,0,0,1629.76,0,0,0,90.4,1,0,0,0,0,3,0,0,0,11.5,-7.947,0,0,2,2,0,0,VALID,0,0,0,0,0,1,0,0,0,0,0,0,0,0,0,0,0,0,0,0,268.8,1022.37,2,0,0.08,0.08,4995,11.54,0.1,0.08,65.88,FLYING,X10-F,0:/Integrated Flight Computer/aircraft/x10_f_cfg.ks (inferred preloaded)
421.18,APPROACH,FLY_TO_FIX,148.89,149,0.11,778.52,-1.7,11.42,12.02,66.23,0.036,0.2641,0,15.543,1,0.6,4.5,0.75,0.35,0.0168,0.4,0,22.766,0,-0.106,0,66.26,-0.538,0,0,-0.66,0.03,1,-0.54,66.26,0.7482,-0.0068,-0.6635,7,90.4,0,0,22.103,0,0,0,4,0,0,0,1626.84,0,0,0,90.4,1,0,0,0,0,3,0,0,0,11.5,-7.947,0,0,2,2,0,0,VALID,0,0,0,0,0,1,0,0,0,0,0,0,0,0,0,0,0,0,0,0,268.94,1022.42,2,0,0.1,0.1,4998,10.71,0.1,0.08,66.16,FLYING,X10-F,0:/Integrated Flight Computer/aircraft/x10_f_cfg.ks (inferred preloaded)
421.44,APPROACH,FLY_TO_FIX,148.9,149,0.1,780.85,-1.71,11.42,12.02,66.23,0.036,0.2637,0,15.57,1,0.6,4.5,0.75,0.35,0.0168,0.4,0,22.765,0,-0.102,0,66.26,-0.536,0,0,-0.65,0.03,1,-0.54,66.26,0.7482,-0.0068,-0.6635,7,90.4,0,0,22.064,0,0,0,4,0,0,0,1624.13,0,0,0,90.4,1,0,0,0,0,3,0,0,0,11.5,-7.947,0,0,2,2,0,0,VALID,0,0,0,0,0,1,0,0,0,0,0,0,0,0,0,0,0,0,0,0,269,1022.46,2,0,0.08,0.08,5001,11.54,0.1,0.08,66.42,FLYING,X10-F,0:/Integrated Flight Computer/aircraft/x10_f_cfg.ks (inferred preloaded)
421.72,APPROACH,FLY_TO_FIX,148.9,149,0.1,782.64,-1.71,11.42,12.01,66.23,0.035,0.2633,0,15.598,1,0.6,4.5,0.75,0.35,0.0168,0.4,0,22.764,0,-0.097,0,66.26,-0.534,0,0,-0.65,0.03,1,-0.53,66.26,0.7482,-0.0068,-0.6635,7,90.4,0,0,22.022,0,0,0,4,0,0,0,1621.21,0,0,0,90.4,1,0,0,0,0,3,0,0,0,11.5,-7.947,0,0,2,2,0,0,VALID,0,0,0,0,0,1,0,0,0,0,0,0,0,0,0,0,0,0,0,0,269.11,1022.51,2,0,0.1,0.1,5004,10.71,0.1,0.08,66.7,FLYING,X10-F,0:/Integrated Flight Computer/aircraft/x10_f_cfg.ks (inferred preloaded)
421.98,APPROACH,FLY_TO_FIX,148.91,149,0.09,784.08,-1.7,11.42,12.01,66.23,0.034,0.2631,0,15.622,1,0.6,4.5,0.75,0.35,0.0168,0.4,0,22.762,0,-0.092,0,66.26,-0.534,0,0,-0.65,0.03,1,-0.53,66.26,0.7482,-0.0068,-0.6635,7,90.4,0,0,21.983,0,0,0,4,0,0,0,1618.5,0,0,0,90.4,1,0,0,0,0,3,0,0,0,11.5,-7.947,0,0,2,2,0,0,VALID,0,0,0,0,0,1,0,0,0,0,0,0,0,0,0,0,0,0,0,0,269.18,1022.55,2,0,0.08,0.08,5007,11.54,0.1,0.08,66.96,FLYING,X10-F,0:/Integrated Flight Computer/aircraft/x10_f_cfg.ks (inferred preloaded)
422.26,APPROACH,FLY_TO_FIX,148.91,149,0.09,783.68,-1.7,11.42,12.02,66.23,0.034,0.2627,0,15.647,1,0.6,4.5,0.75,0.35,0.0168,0.4,0,22.761,0,-0.087,0,66.26,-0.527,0,0,-0.66,0.03,1,-0.53,66.26,0.7482,-0.0068,-0.6635,7,90.4,0,0,21.942,0,0,0,4,0,0,0,1615.57,0,0,0,90.4,1,0,0,0,0,3,0,0,0,11.5,-7.947,0,0,2,2,0,0,VALID,0,0,0,0,0,1,0,0,0,0,0,0,0,0,0,0,0,0,0,0,269.17,1022.6,2,0,0.1,0.1,5010,10.71,0.1,0.08,67.24,FLYING,X10-F,0:/Integrated Flight Computer/aircraft/x10_f_cfg.ks (inferred preloaded)
422.52,APPROACH,FLY_TO_FIX,148.92,149,0.08,783.47,-1.68,11.43,12.02,66.23,0.033,0.2636,0,15.669,1,0.6,4.5,0.75,0.35,0.0168,0.4,0,22.76,0,-0.083,0,66.26,-0.533,0,0,-0.65,0.03,1,-0.53,66.26,0.7482,-0.0068,-0.6635,7,90.4,0,0,21.903,0,0,0,4,0,0,0,1612.86,0,0,0,90.4,1,0,0,0,0,3,0,0,0,11.5,-7.947,0,0,2,2,0,0,VALID,0,0,0,0,0,1,0,0,0,0,0,0,0,0,0,0,0,0,0,0,269.15,1022.64,2,0,0.08,0.08,5013,11.54,0.1,0.08,67.5,FLYING,X10-F,0:/Integrated Flight Computer/aircraft/x10_f_cfg.ks (inferred preloaded)
422.8,APPROACH,FLY_TO_FIX,148.92,149,0.08,783.83,-1.67,11.42,12.01,66.23,0.033,0.2635,0,15.691,1,0.6,4.5,0.75,0.35,0.0168,0.4,0,22.759,0,-0.079,0,66.26,-0.534,0,0,-0.64,0.03,1,-0.53,66.26,0.7482,-0.0068,-0.6635,7,90.4,0,0,21.861,0,0,0,4,0,0,0,1609.94,0,0,0,90.4,1,0,0,0,0,3,0,0,0,11.5,-7.947,0,0,2,2,0,0,VALID,0,0,0,0,0,1,0,0,0,0,0,0,0,0,0,0,0,0,0,0,269.19,1022.69,2,0,0.1,0.1,5016,10.71,0.1,0.08,67.78,FLYING,X10-F,0:/Integrated Flight Computer/aircraft/x10_f_cfg.ks (inferred preloaded)
423.06,APPROACH,FLY_TO_FIX,148.93,149,0.07,785.12,-1.68,11.42,12.01,66.23,0.032,0.2631,0,15.711,1,0.6,4.5,0.75,0.35,0.0168,0.4,0,22.757,0,-0.074,0,66.26,-0.529,0,0,-0.65,0.03,1,-0.53,66.26,0.7482,-0.0068,-0.6635,7,90.4,0,0,21.822,0,0,0,4,0,0,0,1607.23,0,0,0,90.4,1,0,0,0,0,3,0,0,0,11.5,-7.947,0,0,2,2,0,0,VALID,0,0,0,0,0,1,0,0,0,0,0,0,0,0,0,0,0,0,0,0,269.22,1022.74,2,0,0.08,0.08,5019,11.54,0.1,0.08,68.04,FLYING,X10-F,0:/Integrated Flight Computer/aircraft/x10_f_cfg.ks (inferred preloaded)
423.34,APPROACH,FLY_TO_FIX,148.93,149,0.07,787.94,-1.68,11.41,12.01,66.23,0.032,0.263,0,15.731,1,0.6,4.5,0.75,0.35,0.0168,0.4,0,22.756,0,-0.069,0,66.26,-0.526,0,0,-0.65,0.03,1,-0.53,66.26,0.7482,-0.0068,-0.6635,7,90.4,0,0,21.78,0,0,0,4,0,0,0,1604.31,0,0,0,90.4,1,0,0,0,0,3,0,0,0,11.5,-7.947,0,0,2,2,0,0,VALID,0,0,0,0,0,1,0,0,0,0,0,0,0,0,0,0,0,0,0,0,269.21,1022.78,2,0,0.1,0.1,5022,10.71,0.1,0.08,68.32,FLYING,X10-F,0:/Integrated Flight Computer/aircraft/x10_f_cfg.ks (inferred preloaded)
423.6,APPROACH,FLY_TO_FIX,148.94,149,0.06,789.93,-1.69,11.42,12.01,66.23,0.032,0.2625,0,15.748,1,0.6,4.5,0.75,0.35,0.0168,0.4,0,22.754,0,-0.064,0,66.26,-0.521,0,0,-0.65,0.03,1,-0.53,66.26,0.7482,-0.0068,-0.6635,7,90.4,0,0,21.742,0,0,0,4,0,0,0,1601.59,0,0,0,90.4,1,0,0,0,0,3,0,0,0,11.5,-7.947,0,0,2,2,0,0,VALID,0,0,0,0,0,1,0,0,0,0,0,0,0,0,0,0,0,0,0,0,269.2,1022.83,2,0,0.08,0.08,5025,11.54,0.1,0.08,68.58,FLYING,X10-F,0:/Integrated Flight Computer/aircraft/x10_f_cfg.ks (inferred preloaded)
423.88,APPROACH,FLY_TO_FIX,148.94,149,0.06,792.24,-1.67,11.42,12.01,66.23,0.031,0.2632,0,15.765,1,0.6,4.5,0.75,0.35,0.0168,0.4,0,22.753,0,-0.06,0,66.26,-0.526,0,0,-0.64,0.03,1,-0.52,66.26,0.7482,-0.0068,-0.6635,7,90.4,0,0,21.7,0,0,0,4,0,0,0,1598.67,0,0,0,90.4,1,0,0,0,0,3,0,0,0,11.5,-7.947,0,0,2,2,0,0,VALID,0,0,0,0,0,1,0,0,0,0,0,0,0,0,0,0,0,0,0,0,269.16,1022.88,2,0,0.1,0.1,5028,10.71,0.1,0.08,68.86,FLYING,X10-F,0:/Integrated Flight Computer/aircraft/x10_f_cfg.ks (inferred preloaded)
424.14,APPROACH,FLY_TO_FIX,148.95,149,0.05,795.11,-1.66,11.42,12,66.23,0.031,0.2625,0,15.78,1,0.6,4.5,0.75,0.35,0.0168,0.4,0,22.752,0,-0.055,0,66.26,-0.527,0,0,-0.64,0.03,1,-0.52,66.26,0.7482,-0.0068,-0.6635,7,90.4,0,0,21.661,0,0,0,4,0,0,0,1595.96,0,0,0,90.4,1,0,0,0,0,3,0,0,0,11.5,-7.947,0,0,2,2,0,0,VALID,0,0,0,0,0,1,0,0,0,0,0,0,0,0,0,0,0,0,0,0,269.25,1022.92,2,0,0.08,0.08,5031,11.54,0.1,0.08,69.12,FLYING,X10-F,0:/Integrated Flight Computer/aircraft/x10_f_cfg.ks (inferred preloaded)
424.42,APPROACH,FLY_TO_FIX,148.95,149,0.05,796.09,-1.67,11.42,12.01,66.23,0.031,0.2625,0,15.794,1,0.6,4.5,0.75,0.35,0.0168,0.4,0,22.75,0,-0.05,0,66.26,-0.52,0,0,-0.65,0.03,1,-0.53,66.26,0.7482,-0.0068,-0.6635,7,90.4,0,0,21.619,0,0,0,4,0,0,0,1593.04,0,0,0,90.4,1,0,0,0,0,3,0,0,0,11.5,-7.947,0,0,2,2,0,0,VALID,0,0,0,0,0,1,0,0,0,0,0,0,0,0,0,0,0,0,0,0,269.18,1022.97,2,0,0.1,0.1,5034,10.71,0.1,0.08,69.4,FLYING,X10-F,0:/Integrated Flight Computer/aircraft/x10_f_cfg.ks (inferred preloaded)
424.68,APPROACH,FLY_TO_FIX,148.96,149,0.04,796.24,-1.67,11.42,12,66.23,0.031,0.2627,0,15.806,1,0.6,4.5,0.75,0.35,0.0168,0.4,0,22.749,0,-0.045,0,66.26,-0.52,0,0,-0.64,0.03,1,-0.52,66.26,0.7482,-0.0068,-0.6635,7,90.4,0,0,21.58,0,0,0,4,0,0,0,1590.32,0,0,0,90.4,1,0,0,0,0,3,0,0,0,11.5,-7.947,0,0,2,2,0,0,VALID,0,0,0,0,0,1,0,0,0,0,0,0,0,0,0,0,0,0,0,0,269.15,1023.01,2,0,0.08,0.08,5037,11.54,0.1,0.08,69.66,FLYING,X10-F,0:/Integrated Flight Computer/aircraft/x10_f_cfg.ks (inferred preloaded)
424.96,APPROACH,FLY_TO_FIX,148.96,149,0.04,797.87,-1.67,11.41,12,66.23,0.031,0.2619,0,15.818,1,0.6,4.5,0.75,0.35,0.0168,0.4,0,22.748,0,-0.04,0,66.27,-0.519,0,0,-0.64,0.03,1,-0.52,66.27,0.7482,-0.0068,-0.6635,7,90.4,0,0,21.539,0,0,0,4,0,0,0,1587.4,0,0,0,90.4,1,0,0,0,0,3,0,0,0,11.5,-7.947,0,0,2,2,0,0,VALID,0,0,0,0,0,1,0,0,0,0,0,0,0,0,0,0,0,0,0,0,269.09,1023.07,2,0,0.1,0.1,5040,10.71,0.1,0.08,69.94,FLYING,X10-F,0:/Integrated Flight Computer/aircraft/x10_f_cfg.ks (inferred preloaded)
425.22,APPROACH,FLY_TO_FIX,148.96,149,0.04,799.09,-1.65,11.42,12,66.23,0.031,0.2622,0,15.827,1,0.6,4.5,0.75,0.35,0.0168,0.4,0,22.746,0,-0.035,0,66.27,-0.519,0,0,-0.64,0.03,1,-0.52,66.27,0.7482,-0.0068,-0.6635,7,90.4,0,0,21.5,0,0,0,4,0,0,0,1584.69,0,0,0,90.4,1,0,0,0,0,3,0,0,0,11.5,-7.947,0,0,2,2,0,0,VALID,0,0,0,0,0,1,0,0,0,0,0,0,0,0,0,0,0,0,0,0,268.99,1023.11,2,0,0.08,0.08,5043,11.54,0.1,0.08,70.2,FLYING,X10-F,0:/Integrated Flight Computer/aircraft/x10_f_cfg.ks (inferred preloaded)
425.5,APPROACH,FLY_TO_FIX,148.97,149,0.03,800.37,-1.65,11.42,12,66.23,0.032,0.2621,0,15.836,1,0.6,4.5,0.75,0.35,0.0168,0.4,0,22.745,0,-0.03,0,66.27,-0.516,0,0,-0.64,0.03,1,-0.52,66.27,0.7482,-0.0068,-0.6635,7,90.4,0,0,21.458,0,0,0,4,0,0,0,1581.77,0,0,0,90.4,1,0,0,0,0,3,0,0,0,11.5,-7.947,0,0,2,2,0,0,VALID,0,0,0,0,0,1,0,0,0,0,0,0,0,0,0,0,0,0,0,0,268.94,1023.16,2,0,0.1,0.1,5046,10.71,0.1,0.08,70.48,FLYING,X10-F,0:/Integrated Flight Computer/aircraft/x10_f_cfg.ks (inferred preloaded)
425.76,APPROACH,FLY_TO_FIX,148.97,149,0.03,800.71,-1.65,11.42,12,66.23,0.033,0.2624,0,15.844,1,0.6,4.5,0.75,0.35,0.0168,0.4,0,22.744,0,-0.027,0,66.27,-0.515,0,0,-0.64,0.03,1,-0.52,66.27,0.7482,-0.0068,-0.6635,7,90.4,0,0,21.419,0,0,0,4,0,0,0,1579.05,0,0,0,90.4,1,0,0,0,0,3,0,0,0,11.5,-7.947,0,0,2,2,0,0,VALID,0,0,0,0,0,1,0,0,0,0,0,0,0,0,0,0,0,0,0,0,268.9,1023.2,2,0,0.08,0.08,5049,11.54,0.1,0.08,70.74,FLYING,X10-F,0:/Integrated Flight Computer/aircraft/x10_f_cfg.ks (inferred preloaded)
426.04,APPROACH,FLY_TO_FIX,148.98,149,0.02,801.46,-1.65,11.41,11.99,66.23,0.034,0.2622,0,15.85,1,0.6,4.5,0.75,0.35,0.0168,0.4,0,22.743,0,-0.022,0,66.27,-0.515,0,0,-0.63,0.03,1,-0.51,66.27,0.7482,-0.0068,-0.6635,7,90.4,0,0,21.378,0,0,0,4,0,0,0,1576.13,0,0,0,90.4,1,0,0,0,0,3,0,0,0,11.5,-7.947,0,0,2,2,0,0,VALID,0,0,0,0,0,1,0,0,0,0,0,0,0,0,0,0,0,0,0,0,268.87,1023.24,2,0,0.1,0.1,5052,10.71,0.1,0.08,71.02,FLYING,X10-F,0:/Integrated Flight Computer/aircraft/x10_f_cfg.ks (inferred preloaded)
426.3,APPROACH,FLY_TO_FIX,148.98,149,0.02,800.49,-1.63,11.42,11.99,66.23,0.033,0.2618,0,15.855,1,0.6,4.5,0.75,0.35,0.0168,0.4,0,22.741,0,-0.018,0,66.27,-0.517,0,0,-0.63,0.03,1,-0.51,66.27,0.7482,-0.0068,-0.6635,7,90.4,0,0,21.339,0,0,0,4,0,0,0,1573.42,0,0,0,90.4,1,0,0,0,0,3,0,0,0,11.5,-7.947,0,0,2,2,0,0,VALID,0,0,0,0,0,1,0,0,0,0,0,0,0,0,0,0,0,0,0,0,268.82,1023.28,2,0,0.08,0.08,5055,11.54,0.1,0.08,71.28,FLYING,X10-F,0:/Integrated Flight Computer/aircraft/x10_f_cfg.ks (inferred preloaded)
426.58,APPROACH,FLY_TO_FIX,148.99,149,0.01,800.2,-1.63,11.42,11.99,66.23,0.033,0.262,0,15.86,1,0.6,4.5,0.75,0.35,0.0168,0.4,0,22.74,0,-0.014,0,66.27,-0.515,0,0,-0.63,0.03,1,-0.51,66.27,0.7482,-0.0068,-0.6635,7,90.4,0,0,21.297,0,0,0,4,0,0,0,1570.5,0,0,0,90.4,1,0,0,0,0,3,0,0,0,11.5,-7.947,0,0,2,2,0,0,VALID,0,0,0,0,0,1,0,0,0,0,0,0,0,0,0,0,0,0,0,0,268.77,1023.33,2,0,0.1,0.1,5058,10.71,0.1,0.08,71.56,FLYING,X10-F,0:/Integrated Flight Computer/aircraft/x10_f_cfg.ks (inferred preloaded)
426.84,APPROACH,FLY_TO_FIX,148.99,149,0.01,801.41,-1.64,11.42,12,66.23,0.033,0.2623,0,15.863,1,0.6,4.5,0.75,0.35,0.0168,0.4,0,22.739,0,-0.01,0,66.27,-0.509,0,0,-0.63,0.03,1,-0.51,66.27,0.7482,-0.0068,-0.6635,7,90.4,0,0,21.258,0,0,0,4,0,0,0,1567.78,0,0,0,90.4,1,0,0,0,0,3,0,0,0,11.5,-7.947,0,0,2,2,0,0,VALID,0,0,0,0,0,1,0,0,0,0,0,0,0,0,0,0,0,0,0,0,268.73,1023.37,2,0,0.08,0.08,5061,11.54,0.1,0.08,71.82,FLYING,X10-F,0:/Integrated Flight Computer/aircraft/x10_f_cfg.ks (inferred preloaded)
427.12,APPROACH,FLY_TO_FIX,148.99,149,0.01,805.31,-1.64,11.42,11.99,66.23,0.033,0.2624,0,15.865,1,0.6,4.5,0.75,0.35,0.0168,0.4,0,22.738,0,-0.007,0,66.27,-0.508,0,0,-0.63,0.03,1,-0.51,66.27,0.7482,-0.0068,-0.6635,7,90.4,0,0,21.216,0,0,0,4,0,0,0,1564.86,0,0,0,90.4,1,0,0,0,0,3,0,0,0,11.5,-7.947,0,0,2,2,0,0,VALID,0,0,0,0,0,1,0,0,0,0,0,0,0,0,0,0,0,0,0,0,268.71,1023.41,2,0,0.1,0.1,5064,10.71,0.1,0.08,72.1,FLYING,X10-F,0:/Integrated Flight Computer/aircraft/x10_f_cfg.ks (inferred preloaded)
427.38,APPROACH,FLY_TO_FIX,149,149,0,809.7,-1.64,11.41,11.98,66.23,0.032,0.262,0,15.866,1,0.6,4.5,0.75,0.35,0.0168,0.4,0,22.737,0,-0.003,0,66.27,-0.509,0,0,-0.62,0.03,1,-0.51,66.27,0.7482,-0.0068,-0.6635,7,90.4,0,0,21.178,0,0,0,4,0,0,0,1562.15,0,0,0,90.4,1,0,0,0,0,3,0,0,0,11.5,-7.947,0,0,2,2,0,0,VALID,0,0,0,0,0,1,0,0,0,0,0,0,0,0,0,0,0,0,0,0,268.69,1023.45,2,0,0.08,0.08,5067,11.54,0.1,0.08,72.36,FLYING,X10-F,0:/Integrated Flight Computer/aircraft/x10_f_cfg.ks (inferred preloaded)
427.66,APPROACH,FLY_TO_FIX,149,149,0,815.55,-1.62,11.42,11.99,66.23,0.032,0.262,0,15.866,1,0.6,4.5,0.75,0.35,0.0168,0.4,0,22.736,0,0,0,66.27,-0.509,0,0,-0.62,0.03,1,-0.51,66.27,0.7482,-0.0068,-0.6635,7,90.4,0,0,21.136,0,0,0,4,0,0,0,1559.23,0,0,0,90.4,1,0,0,0,0,3,0,0,0,11.5,-7.947,0,0,2,2,0,0,VALID,0,0,0,0,0,1,0,0,0,0,0,0,0,0,0,0,0,0,0,0,268.64,1023.49,2,0,0.1,0.1,5070,10.71,0.1,0.08,72.64,FLYING,X10-F,0:/Integrated Flight Computer/aircraft/x10_f_cfg.ks (inferred preloaded)
427.92,APPROACH,FLY_TO_FIX,149,149,0,820.04,-1.63,11.42,12,66.23,0.034,0.2615,0,15.865,1,0.6,4.5,0.75,0.35,0.0168,0.4,0,22.735,0,0.004,0,66.27,-0.503,0,0,-0.63,0.03,1,-0.51,66.27,0.7482,-0.0068,-0.6635,7,90.4,0,0,21.097,0,0,0,4,0,0,0,1556.51,0,0,0,90.4,1,0,0,0,0,3,0,0,0,11.5,-7.947,0,0,2,2,0,0,VALID,0,0,0,0,0,1,0,0,0,0,0,0,0,0,0,0,0,0,0,0,268.58,1023.53,2,0,0.08,0.08,5073,11.54,0.1,0.08,72.9,FLYING,X10-F,0:/Integrated Flight Computer/aircraft/x10_f_cfg.ks (inferred preloaded)
428.2,APPROACH,FLY_TO_FIX,149.01,149,-0.01,823.27,-1.61,11.42,11.99,66.23,0.034,0.2623,0,15.864,1,0.6,4.5,0.75,0.35,0.0168,0.4,0,22.735,0,0.006,0,66.27,-0.506,0,0,-0.63,0.03,1,-0.5,66.27,0.7482,-0.0068,-0.6635,7,90.4,0,0,21.055,0,0,0,4,0,0,0,1553.59,0,0,0,90.4,1,0,0,0,0,3,0,0,0,11.5,-7.947,0,0,2,2,0,0,VALID,0,0,0,0,0,1,0,0,0,0,0,0,0,0,0,0,0,0,0,0,268.62,1023.56,2,0,0.1,0.1,5076,10.71,0.1,0.08,73.18,FLYING,X10-F,0:/Integrated Flight Computer/aircraft/x10_f_cfg.ks (inferred preloaded)
428.46,APPROACH,FLY_TO_FIX,149.01,149,-0.01,826.45,-1.61,11.43,12,66.23,0.033,0.262,0,15.862,1,0.6,4.5,0.75,0.35,0.0168,0.4,0,22.734,0,0.009,0,66.27,-0.503,0,0,-0.63,0.03,1,-0.5,66.27,0.7482,-0.0068,-0.6635,7,90.4,0,0,21.016,0,0,0,4,0,0,0,1550.88,0,0,0,90.4,1,0,0,0,0,3,0,0,0,11.5,-7.947,0,0,2,2,0,0,VALID,0,0,0,0,0,1,0,0,0,0,0,0,0,0,0,0,0,0,0,0,268.59,1023.6,2,0,0.08,0.08,5079,11.54,0.1,0.08,73.44,FLYING,X10-F,0:/Integrated Flight Computer/aircraft/x10_f_cfg.ks (inferred preloaded)
428.74,APPROACH,FLY_TO_FIX,149.01,149,-0.01,831.05,-1.63,11.41,11.99,66.23,0.033,0.2641,0,15.86,1,0.6,4.5,0.75,0.35,0.0168,0.4,0,22.734,0,0.008,0,66.27,-0.495,0,0,-0.63,0.03,1,-0.5,66.27,0.7482,-0.0068,-0.6635,7,90.4,0,0,20.975,0,0,0,4,0,0,0,1547.96,0,0,0,90.4,1,0,0,0,0,3,0,0,0,11.5,-7.947,0,0,2,2,0,0,VALID,0,0,0,0,0,1,0,0,0,0,0,0,0,0,0,0,0,0,0,0,268.64,1023.62,2,0,0.1,0.1,5082,10.71,0.1,0.08,73.72,FLYING,X10-F,0:/Integrated Flight Computer/aircraft/x10_f_cfg.ks (inferred preloaded)
429,APPROACH,FLY_TO_FIX,149.01,149,-0.01,835.4,-1.61,11.42,12,66.23,0.034,0.2637,0,15.857,1,0.6,4.5,0.75,0.35,0.0168,0.4,0,22.734,0,0.01,0,66.27,-0.496,0,0,-0.63,0.03,1,-0.5,66.27,0.7482,-0.0068,-0.6635,7,90.4,0,0,20.936,0,0,0,4,0,0,0,1545.24,0,0,0,90.4,1,0,0,0,0,3,0,0,0,11.5,-7.947,0,0,2,2,0,0,VALID,0,0,0,0,0,1,0,0,0,0,0,0,0,0,0,0,0,0,0,0,268.72,1023.65,2,0,0.08,0.08,5085,11.54,0.1,0.08,73.98,FLYING,X10-F,0:/Integrated Flight Computer/aircraft/x10_f_cfg.ks (inferred preloaded)
429.28,APPROACH,FLY_TO_FIX,149.01,149,-0.01,838.08,-1.61,11.43,11.99,66.23,0.035,0.2634,0,15.854,1,0.6,4.5,0.75,0.35,0.0168,0.4,0,22.733,0,0.012,0,66.27,-0.5,0,0,-0.62,0.03,1,-0.5,66.27,0.7482,-0.0068,-0.6635,7,90.4,0,0,20.894,0,0,0,4,0,0,0,1542.32,0,0,0,90.4,1,0,0,0,0,3,0,0,0,11.5,-7.947,0,0,2,2,0,0,VALID,0,0,0,0,0,1,0,0,0,0,0,0,0,0,0,0,0,0,0,0,268.8,1023.69,2,0,0.1,0.1,5088,10.71,0.1,0.08,74.26,FLYING,X10-F,0:/Integrated Flight Computer/aircraft/x10_f_cfg.ks (inferred preloaded)
429.54,APPROACH,FLY_TO_FIX,149.02,149,-0.02,841.71,-1.61,11.43,11.99,66.24,0.037,0.2619,0,15.851,1,0.6,4.5,0.75,0.35,0.0168,0.4,0,22.732,0,0.015,0,66.27,-0.5,0,0,-0.61,0.03,1,-0.5,66.27,0.7482,-0.0068,-0.6635,7,90.4,0,0,20.855,0,0,0,4,0,0,0,1539.61,0,0,0,90.4,1,0,0,0,0,3,0,0,0,11.5,-7.947,0,0,2,2,0,0,VALID,0,0,0,0,0,1,0,0,0,0,0,0,0,0,0,0,0,0,0,0,268.82,1023.72,2,0,0.08,0.08,5091,11.54,0.1,0.08,74.52,FLYING,X10-F,0:/Integrated Flight Computer/aircraft/x10_f_cfg.ks (inferred preloaded)
429.82,APPROACH,FLY_TO_FIX,149.02,149,-0.02,843.24,-1.6,11.42,11.98,66.24,0.036,0.261,0,15.846,1,0.6,4.5,0.75,0.35,0.0168,0.4,0,22.731,0,0.019,0,66.27,-0.499,0,0,-0.61,0.03,1,-0.5,66.27,0.7482,-0.0068,-0.6635,7,90.4,0,0,20.813,0,0,0,4,0,0,0,1536.69,0,0,0,90.4,1,0,0,0,0,3,0,0,0,11.5,-7.947,0,0,2,2,0,0,VALID,0,0,0,0,0,1,0,0,0,0,0,0,0,0,0,0,0,0,0,0,268.74,1023.77,2,0,0.1,0.1,5094,10.71,0.1,0.08,74.8,FLYING,X10-F,0:/Integrated Flight Computer/aircraft/x10_f_cfg.ks (inferred preloaded)
430.08,APPROACH,FLY_TO_FIX,149.02,149,-0.02,845.27,-1.59,11.43,11.99,66.24,0.035,0.2602,0,15.84,1,0.6,4.5,0.75,0.35,0.0168,0.4,0,22.73,0,0.022,0,66.27,-0.497,0,0,-0.62,0.03,1,-0.5,66.27,0.7482,-0.0068,-0.6635,7,90.4,0,0,20.775,0,0,0,4,0,0,0,1533.97,0,0,0,90.4,1,0,0,0,0,3,0,0,0,11.5,-7.947,0,0,2,2,0,0,VALID,0,0,0,0,0,1,0,0,0,0,0,0,0,0,0,0,0,0,0,0,268.59,1023.8,2,0,0.08,0.08,5097,11.54,0.1,0.08,75.06,FLYING,X10-F,0:/Integrated Flight Computer/aircraft/x10_f_cfg.ks (inferred preloaded)
430.36,APPROACH,FLY_TO_FIX,149.02,149,-0.02,848.29,-1.59,11.43,11.99,66.24,0.034,0.2606,0,15.833,1,0.6,4.5,0.75,0.35,0.0168,0.4,0,22.729,0,0.025,0,66.27,-0.495,0,0,-0.61,0.03,1,-0.49,66.27,0.7482,-0.0068,-0.6635,7,90.4,0,0,20.733,0,0,0,4,0,0,0,1531.05,0,0,0,90.4,1,0,0,0,0,3,0,0,0,11.5,-7.947,0,0,2,2,0,0,VALID,0,0,0,0,0,1,0,0,0,0,0,0,0,0,0,0,0,0,0,0,268.41,1023.84,2,0,0.1,0.1,5100,10.71,0.1,0.08,75.34,FLYING,X10-F,0:/Integrated Flight Computer/aircraft/x10_f_cfg.ks (inferred preloaded)
430.62,APPROACH,FLY_TO_FIX,149.03,149,-0.03,852.28,-1.58,11.43,11.97,66.24,0.034,0.261,0,15.827,1,0.6,4.5,0.75,0.35,0.0168,0.4,0,22.729,0,0.027,0,66.27,-0.5,0,0,-0.6,0.03,1,-0.49,66.27,0.7482,-0.0068,-0.6635,7,90.4,0,0,20.694,0,0,0,4,0,0,0,1528.34,0,0,0,90.4,1,0,0,0,0,3,0,0,0,11.5,-7.947,0,0,2,2,0,0,VALID,0,0,0,0,0,1,0,0,0,0,0,0,0,0,0,0,0,0,0,0,268.28,1023.87,2,0,0.08,0.08,5103,11.54,0.1,0.08,75.6,FLYING,X10-F,0:/Integrated Flight Computer/aircraft/x10_f_cfg.ks (inferred preloaded)
430.9,APPROACH,FLY_TO_FIX,149.03,149,-0.03,857.9,-1.58,11.43,11.98,66.24,0.034,0.2612,0,15.819,1,0.6,4.5,0.75,0.35,0.0168,0.4,0,22.728,0,0.028,0,66.27,-0.494,0,0,-0.61,0.03,1,-0.49,66.27,0.7482,-0.0068,-0.6635,7,90.4,0,0,20.652,0,0,0,4,0,0,0,1525.41,0,0,0,90.4,1,0,0,0,0,3,0,0,0,11.5,-7.947,0,0,2,2,0,0,VALID,0,0,0,0,0,1,0,0,0,0,0,0,0,0,0,0,0,0,0,0,268.22,1023.9,2,0,0.1,0.1,5106,10.71,0.1,0.08,75.88,FLYING,X10-F,0:/Integrated Flight Computer/aircraft/x10_f_cfg.ks (inferred preloaded)
431.16,APPROACH,FLY_TO_FIX,149.03,149,-0.03,862.65,-1.58,11.42,11.97,66.24,0.033,0.2616,0,15.811,1,0.6,4.5,0.75,0.35,0.0168,0.4,0,22.728,0,0.029,0,66.27,-0.495,0,0,-0.6,0.03,1,-0.5,66.27,0.7482,-0.0068,-0.6635,7,90.4,0,0,20.613,0,0,0,4,0,0,0,1522.7,0,0,0,90.4,1,0,0,0,0,3,0,0,0,11.5,-7.947,0,0,2,2,0,0,VALID,0,0,0,0,0,1,0,0,0,0,0,0,0,0,0,0,0,0,0,0,268.15,1023.93,2,0,0.08,0.08,5109,11.54,0.1,0.08,76.14,FLYING,X10-F,0:/Integrated Flight Computer/aircraft/x10_f_cfg.ks (inferred preloaded)
431.44,APPROACH,FLY_TO_FIX,149.03,149,-0.03,867.06,-1.59,11.42,11.98,66.24,0.033,0.2626,0,15.803,1,0.6,4.5,0.75,0.35,0.0168,0.4,0,22.728,0,0.029,0,66.27,-0.49,0,0,-0.61,0.04,1,-0.5,66.27,0.7482,-0.0068,-0.6635,7,90.4,0,0,20.572,0,0,0,4,0,0,0,1519.78,0,0,0,90.4,1,0,0,0,0,3,0,0,0,11.5,-7.947,0,0,2,2,0,0,VALID,0,0,0,0,0,1,0,0,0,0,0,0,0,0,0,0,0,0,0,0,268.16,1023.96,2,0,0.1,0.1,5112,10.71,0.1,0.08,76.42,FLYING,X10-F,0:/Integrated Flight Computer/aircraft/x10_f_cfg.ks (inferred preloaded)
431.7,APPROACH,FLY_TO_FIX,149.03,149,-0.03,868.24,-1.58,11.43,11.98,66.24,0.032,0.2621,0,15.795,1,0.6,4.5,0.75,0.35,0.0168,0.4,0,22.728,0,0.03,0,66.27,-0.491,0,0,-0.6,0.04,1,-0.49,66.27,0.7482,-0.0068,-0.6635,7,90.4,0,0,20.533,0,0,0,4,0,0,0,1517.07,0,0,0,90.4,1,0,0,0,0,3,0,0,0,11.5,-7.947,0,0,2,2,0,0,VALID,0,0,0,0,0,1,0,0,0,0,0,0,0,0,0,0,0,0,0,0,268.19,1023.98,2,0,0.08,0.08,5115,11.54,0.1,0.08,76.68,FLYING,X10-F,0:/Integrated Flight Computer/aircraft/x10_f_cfg.ks (inferred preloaded)
431.98,APPROACH,FLY_TO_FIX,149.03,149,-0.03,871.02,-1.57,11.43,11.98,66.24,0.033,0.2618,0,15.786,1,0.6,4.5,0.75,0.35,0.0168,0.4,0,22.727,0,0.032,0,66.27,-0.487,0,0,-0.61,0.04,1,-0.49,66.27,0.7482,-0.0068,-0.6635,7,90.4,0,0,20.491,0,0,0,4,0,0,0,1514.14,0,0,0,90.4,1,0,0,0,0,3,0,0,0,11.5,-7.947,0,0,2,2,0,0,VALID,0,0,0,0,0,1,0,0,0,0,0,0,0,0,0,0,0,0,0,0,268.19,1024.02,2,0,0.1,0.1,5118,10.71,0.1,0.08,76.96,FLYING,X10-F,0:/Integrated Flight Computer/aircraft/x10_f_cfg.ks (inferred preloaded)
432.24,APPROACH,FLY_TO_FIX,149.03,149,-0.03,874.79,-1.58,11.43,11.99,66.24,0.032,0.2607,0,15.778,1,0.6,4.5,0.75,0.35,0.0168,0.4,0,22.727,0,0.034,0,66.27,-0.483,0,0,-0.61,0.04,1,-0.49,66.27,0.7482,-0.0068,-0.6635,7,90.4,0,0,20.452,0,0,0,4,0,0,0,1511.43,0,0,0,90.4,1,0,0,0,0,3,0,0,0,11.5,-7.947,0,0,2,2,0,0,VALID,0,0,0,0,0,1,0,0,0,0,0,0,0,0,0,0,0,0,0,0,268.15,1024.05,2,0,0.08,0.08,5121,11.54,0.1,0.08,77.22,FLYING,X10-F,0:/Integrated Flight Computer/aircraft/x10_f_cfg.ks (inferred preloaded)
432.52,APPROACH,FLY_TO_FIX,149.03,149,-0.03,878.71,-1.56,11.43,11.98,66.24,0.032,0.2613,0,15.768,1,0.6,4.5,0.75,0.35,0.0168,0.4,0,22.727,0,0.034,0,66.27,-0.487,0,0,-0.6,0.04,1,-0.48,66.27,0.7482,-0.0068,-0.6635,7,90.4,0,0,20.41,0,0,0,4,0,0,0,1508.51,0,0,0,90.4,1,0,0,0,0,3,0,0,0,11.5,-7.947,0,0,2,2,0,0,VALID,0,0,0,0,0,1,0,0,0,0,0,0,0,0,0,0,0,0,0,0,268.08,1024.07,2,0,0.1,0.1,5124,10.71,0.1,0.08,77.5,FLYING,X10-F,0:/Integrated Flight Computer/aircraft/x10_f_cfg.ks (inferred preloaded)
432.78,APPROACH,FLY_TO_FIX,149.04,149,-0.04,881.61,-1.57,11.43,11.98,66.24,0.033,0.2607,0,15.759,1,0.6,4.5,0.75,0.35,0.0168,0.4,0,22.726,0,0.036,0,66.27,-0.486,0,0,-0.6,0.04,1,-0.48,66.27,0.7482,-0.0068,-0.6635,7,90.4,0,0,20.372,0,0,0,4,0,0,0,1505.8,0,0,0,90.4,1,0,0,0,0,3,0,0,0,11.5,-7.947,0,0,2,2,0,0,VALID,0,0,0,0,0,1,0,0,0,0,0,0,0,0,0,0,0,0,0,0,268.02,1024.1,2,0,0.08,0.08,5127,11.54,0.1,0.08,77.76,FLYING,X10-F,0:/Integrated Flight Computer/aircraft/x10_f_cfg.ks (inferred preloaded)
433.06,APPROACH,FLY_TO_FIX,149.04,149,-0.04,882.45,-1.56,11.43,11.97,66.24,0.033,0.2606,0,15.749,1,0.6,4.5,0.75,0.35,0.0168,0.4,0,22.726,0,0.037,0,66.27,-0.486,0,0,-0.6,0.04,1,-0.48,66.27,0.7482,-0.0068,-0.6635,7,90.4,0,0,20.33,0,0,0,4,0,0,0,1502.88,0,0,0,90.4,1,0,0,0,0,3,0,0,0,11.5,-7.947,0,0,2,2,0,0,VALID,0,0,0,0,0,1,0,0,0,0,0,0,0,0,0,0,0,0,0,0,267.92,1024.13,2,0,0.1,0.1,5130,10.71,0.1,0.08,78.04,FLYING,X10-F,0:/Integrated Flight Computer/aircraft/x10_f_cfg.ks (inferred preloaded)
433.32,APPROACH,FLY_TO_FIX,149.04,149,-0.04,882.96,-1.55,11.43,11.97,66.24,0.033,0.2604,0,15.739,1,0.6,4.5,0.75,0.35,0.0168,0.4,0,22.726,0,0.038,0,66.27,-0.487,0,0,-0.6,0.04,1,-0.48,66.27,0.7482,-0.0068,-0.6635,7,90.4,0,0,20.291,0,0,0,4,0,0,0,1500.16,0,0,0,90.4,1,0,0,0,0,3,0,0,0,11.5,-7.947,0,0,2,2,0,0,VALID,0,0,0,0,0,1,0,0,0,0,0,0,0,0,0,0,0,0,0,0,267.83,1024.16,2,0,0.08,0.08,5133,11.54,0.1,0.08,78.3,FLYING,X10-F,0:/Integrated Flight Computer/aircraft/x10_f_cfg.ks (inferred preloaded)
433.6,APPROACH,FLY_TO_FIX,149.04,149,-0.04,885.36,-1.56,11.43,11.98,66.24,0.035,0.2607,0,15.729,1,0.6,4.5,0.75,0.35,0.0168,0.4,0,22.726,0,0.038,0,66.27,-0.481,0,0,-0.6,0.04,1,-0.48,66.27,0.7482,-0.0068,-0.6635,7,90.4,0,0,20.249,0,0,0,4,0,0,0,1497.24,0,0,0,90.4,1,0,0,0,0,3,0,0,0,11.5,-7.947,0,0,2,2,0,0,VALID,0,0,0,0,0,1,0,0,0,0,0,0,0,0,0,0,0,0,0,0,267.73,1024.19,2,0,0.1,0.1,5136,10.71,0.1,0.08,78.58,FLYING,X10-F,0:/Integrated Flight Computer/aircraft/x10_f_cfg.ks (inferred preloaded)
433.86,APPROACH,FLY_TO_FIX,149.04,149,-0.04,886.92,-1.57,11.43,11.98,66.24,0.034,0.2609,0,15.719,1,0.6,4.5,0.75,0.35,0.0168,0.4,0,22.726,0,0.038,0,66.27,-0.479,0,0,-0.6,0.04,1,-0.48,66.27,0.7482,-0.0068,-0.6635,7,90.4,0,0,20.211,0,0,0,4,0,0,0,1494.53,0,0,0,90.4,1,0,0,0,0,3,0,0,0,11.5,-7.947,0,0,2,2,0,0,VALID,0,0,0,0,0,1,0,0,0,0,0,0,0,0,0,0,0,0,0,0,267.68,1024.21,2,0,0.08,0.08,5139,11.54,0.1,0.08,78.84,FLYING,X10-F,0:/Integrated Flight Computer/aircraft/x10_f_cfg.ks (inferred preloaded)
434.14,APPROACH,FLY_TO_FIX,149.04,149,-0.04,888.06,-1.55,11.44,11.98,66.24,0.035,0.262,0,15.708,1,0.6,4.5,0.75,0.35,0.0168,0.4,0,22.726,0,0.037,0,66.27,-0.478,0,0,-0.6,0.04,1,-0.48,66.27,0.7482,-0.0068,-0.6635,7,90.4,0,0,20.169,0,0,0,4,0,0,0,1491.61,0,0,0,90.4,1,0,0,0,0,3,0,0,0,11.5,-7.947,0,0,2,2,0,0,VALID,0,0,0,0,0,1,0,0,0,0,0,0,0,0,0,0,0,0,0,0,267.66,1024.23,2,0,0.1,0.1,5142,10.71,0.1,0.08,79.12,FLYING,X10-F,0:/Integrated Flight Computer/aircraft/x10_f_cfg.ks (inferred preloaded)
434.4,APPROACH,FLY_TO_FIX,149.04,149,-0.04,888.64,-1.53,11.44,11.99,66.24,0.034,0.2611,0,15.699,1,0.6,4.5,0.75,0.35,0.0168,0.4,0,22.726,0,0.037,0,66.27,-0.48,0,0,-0.6,0.04,1,-0.48,66.27,0.7482,-0.0068,-0.6635,7,90.4,0,0,20.13,0,0,0,4,0,0,0,1488.89,0,0,0,90.4,1,0,0,0,0,3,0,0,0,11.5,-7.947,0,0,2,2,0,0,VALID,0,0,0,0,0,1,0,0,0,0,0,0,0,0,0,0,0,0,0,0,267.72,1024.26,2,0,0.08,0.08,5145,11.54,0.1,0.08,79.38,FLYING,X10-F,0:/Integrated Flight Computer/aircraft/x10_f_cfg.ks (inferred preloaded)
434.68,APPROACH,FLY_TO_FIX,149.04,149,-0.04,888.38,-1.53,11.44,11.98,66.24,0.035,0.2614,0,15.688,1,0.6,4.5,0.75,0.35,0.0168,0.4,0,22.726,0,0.037,0,66.28,-0.481,0,0,-0.59,0.04,1,-0.47,66.28,0.7482,-0.0068,-0.6635,7,90.4,0,0,20.088,0,0,0,4,0,0,0,1485.97,0,0,0,90.4,1,0,0,0,0,3,0,0,0,11.5,-7.947,0,0,2,2,0,0,VALID,0,0,0,0,0,1,0,0,0,0,0,0,0,0,0,0,0,0,0,0,267.61,1024.28,2,0,0.1,0.1,5148,10.71,0.1,0.08,79.66,FLYING,X10-F,0:/Integrated Flight Computer/aircraft/x10_f_cfg.ks (inferred preloaded)
434.94,APPROACH,FLY_TO_FIX,149.04,149,-0.04,890.17,-1.52,11.44,11.97,66.24,0.036,0.2616,0,15.679,1,0.6,4.5,0.75,0.35,0.0168,0.4,0,22.726,0,0.036,0,66.28,-0.482,0,0,-0.59,0.04,1,-0.48,66.28,0.7482,-0.0068,-0.6635,7,90.4,0,0,20.049,0,0,0,4,0,0,0,1483.26,0,0,0,90.4,1,0,0,0,0,3,0,0,0,11.5,-7.947,0,0,2,2,0,0,VALID,0,0,0,0,0,1,0,0,0,0,0,0,0,0,0,0,0,0,0,0,267.63,1024.3,2,0,0.08,0.08,5151,11.54,0.1,0.08,79.92,FLYING,X10-F,0:/Integrated Flight Computer/aircraft/x10_f_cfg.ks (inferred preloaded)
435.22,APPROACH,FLY_TO_FIX,149.04,149,-0.04,891.31,-1.53,11.44,11.98,66.24,0.035,0.2613,0,15.669,1,0.6,4.5,0.75,0.35,0.0168,0.4,0,22.726,0,0.036,0,66.28,-0.478,0,0,-0.59,0.04,1,-0.48,66.28,0.7482,-0.0068,-0.6635,7,90.4,0,0,20.008,0,0,0,4,0,0,0,1480.34,0,0,0,90.4,1,0,0,0,0,3,0,0,0,11.5,-7.947,0,0,2,2,0,0,VALID,0,0,0,0,0,1,0,0,0,0,0,0,0,0,0,0,0,0,0,0,267.7,1024.32,2,0,0.1,0.1,5154,10.71,0.1,0.08,80.2,FLYING,X10-F,0:/Integrated Flight Computer/aircraft/x10_f_cfg.ks (inferred preloaded)
435.48,APPROACH,FLY_TO_FIX,149.03,149,-0.03,891.51,-1.54,11.44,11.97,66.24,0.034,0.2614,0,15.66,1,0.6,4.5,0.75,0.35,0.0168,0.4,0,22.727,0,0.035,0,66.28,-0.476,0,0,-0.58,0.04,1,-0.48,66.28,0.7482,-0.0068,-0.6635,7,90.4,0,0,19.969,0,0,0,4,0,0,0,1477.63,0,0,0,90.4,1,0,0,0,0,3,0,0,0,11.5,-7.947,0,0,2,2,0,0,VALID,0,0,0,0,0,1,0,0,0,0,0,0,0,0,0,0,0,0,0,0,267.74,1024.34,2,0,0.08,0.08,5157,11.54,0.1,0.08,80.46,FLYING,X10-F,0:/Integrated Flight Computer/aircraft/x10_f_cfg.ks (inferred preloaded)
435.76,APPROACH,FLY_TO_FIX,149.03,149,-0.03,890.35,-1.53,11.44,11.98,66.24,0.033,0.2618,0,15.65,1,0.6,4.5,0.75,0.35,0.0168,0.4,0,22.727,0,0.034,0,66.28,-0.471,0,0,-0.59,0.04,1,-0.48,66.28,0.7482,-0.0068,-0.6635,7,90.4,0,0,19.927,0,0,0,4,0,0,0,1474.71,0,0,0,90.4,1,0,0,0,0,3,0,0,0,11.5,-7.947,0,0,2,2,0,0,VALID,0,0,0,0,0,1,0,0,0,0,0,0,0,0,0,0,0,0,0,0,267.9,1024.36,2,0,0.1,0.1,5160,10.71,0.1,0.08,80.74,FLYING,X10-F,0:/Integrated Flight Computer/aircraft/x10_f_cfg.ks (inferred preloaded)
436.02,APPROACH,FLY_TO_FIX,149.03,149,-0.03,891.38,-1.51,11.45,11.98,66.24,0.033,0.261,0,15.642,1,0.6,4.5,0.75,0.35,0.0168,0.4,0,22.727,0,0.034,0,66.28,-0.474,0,0,-0.59,0.04,1,-0.47,66.28,0.7482,-0.0068,-0.6635,7,90.4,0,0,19.888,0,0,0,4,0,0,0,1471.99,0,0,0,90.4,1,0,0,0,0,3,0,0,0,11.5,-7.947,0,0,2,2,0,0,VALID,0,0,0,0,0,1,0,0,0,0,0,0,0,0,0,0,0,0,0,0,267.89,1024.38,2,0,0.08,0.08,5163,11.54,0.1,0.08,81,FLYING,X10-F,0:/Integrated Flight Computer/aircraft/x10_f_cfg.ks (inferred preloaded)
436.3,APPROACH,FLY_TO_FIX,149.03,149,-0.03,893.15,-1.5,11.44,11.97,66.24,0.034,0.2617,0,15.632,1,0.6,4.5,0.75,0.35,0.0168,0.4,0,22.727,0,0.032,0,66.28,-0.478,0,0,-0.58,0.04,1,-0.47,66.28,0.7482,-0.0068,-0.6635,7,90.4,0,0,19.847,0,0,0,4,0,0,0,1469.07,0,0,0,90.4,1,0,0,0,0,3,0,0,0,11.5,-7.947,0,0,2,2,0,0,VALID,0,0,0,0,0,1,0,0,0,0,0,0,0,0,0,0,0,0,0,0,267.94,1024.4,2,0,0.1,0.1,5166,10.71,0.1,0.08,81.28,FLYING,X10-F,0:/Integrated Flight Computer/aircraft/x10_f_cfg.ks (inferred preloaded)
436.56,APPROACH,FLY_TO_FIX,149.03,149,-0.03,895.59,-1.51,11.44,11.96,66.24,0.034,0.2613,0,15.624,1,0.6,4.5,0.75,0.35,0.0168,0.4,0,22.728,0,0.031,0,66.28,-0.474,0,0,-0.58,0.04,1,-0.47,66.28,0.7482,-0.0068,-0.6635,7,90.4,0,0,19.808,0,0,0,4,0,0,0,1466.36,0,0,0,90.4,1,0,0,0,0,3,0,0,0,11.5,-7.947,0,0,2,2,0,0,VALID,0,0,0,0,0,1,0,0,0,0,0,0,0,0,0,0,0,0,0,0,267.96,1024.42,2,0,0.08,0.08,5169,11.54,0.1,0.08,81.54,FLYING,X10-F,0:/Integrated Flight Computer/aircraft/x10_f_cfg.ks (inferred preloaded)
436.84,APPROACH,FLY_TO_FIX,149.03,149,-0.03,901.16,-1.51,11.44,11.97,66.24,0.033,0.2604,0,15.615,1,0.6,4.5,0.75,0.35,0.0168,0.4,0,22.727,0,0.032,0,66.28,-0.472,0,0,-0.58,0.04,1,-0.47,66.28,0.7482,-0.0068,-0.6635,7,90.4,0,0,19.766,0,0,0,4,0,0,0,1463.44,0,0,0,90.4,1,0,0,0,0,3,0,0,0,11.5,-7.947,0,0,2,2,0,0,VALID,0,0,0,0,0,1,0,0,0,0,0,0,0,0,0,0,0,0,0,0,267.91,1024.44,2,0,0.1,0.1,5172,10.71,0.1,0.08,81.82,FLYING,X10-F,0:/Integrated Flight Computer/aircraft/x10_f_cfg.ks (inferred preloaded)
437.1,APPROACH,FLY_TO_FIX,149.03,149,-0.03,903.81,-1.52,11.44,11.98,66.24,0.033,0.2602,0,15.607,1,0.6,4.5,0.75,0.35,0.0168,0.4,0,22.727,0,0.032,0,66.28,-0.467,0,0,-0.58,0.04,1,-0.47,66.28,0.7482,-0.0068,-0.6635,7,90.4,0,0,19.727,0,0,0,4,0,0,0,1460.73,0,0,0,90.4,1,0,0,0,0,3,0,0,0,11.5,-7.947,0,0,2,2,0,0,VALID,0,0,0,0,0,1,0,0,0,0,0,0,0,0,0,0,0,0,0,0,267.8,1024.47,2,0,0.08,0.08,5175,11.54,0.1,0.08,82.08,FLYING,X10-F,0:/Integrated Flight Computer/aircraft/x10_f_cfg.ks (inferred preloaded)
437.38,APPROACH,FLY_TO_FIX,149.03,149,-0.03,903.99,-1.52,11.44,11.98,66.24,0.033,0.2602,0,15.598,1,0.6,4.5,0.75,0.35,0.0168,0.4,0,22.728,0,0.031,0,66.28,-0.463,0,0,-0.58,0.04,1,-0.47,66.28,0.7482,-0.0068,-0.6635,7,90.4,0,0,19.685,0,0,0,4,0,0,0,1457.81,0,0,0,90.4,1,0,0,0,0,3,0,0,0,11.5,-7.947,0,0,2,2,0,0,VALID,0,0,0,0,0,1,0,0,0,0,0,0,0,0,0,0,0,0,0,0,267.69,1024.49,2,0,0.1,0.1,5178,10.71,0.1,0.08,82.36,FLYING,X10-F,0:/Integrated Flight Computer/aircraft/x10_f_cfg.ks (inferred preloaded)
437.64,APPROACH,FLY_TO_FIX,149.03,149,-0.03,904.75,-1.51,11.45,11.99,66.24,0.033,0.2604,0,15.59,1,0.6,4.5,0.75,0.35,0.0168,0.4,0,22.728,0,0.031,0,66.28,-0.463,0,0,-0.58,0.04,1,-0.47,66.28,0.7482,-0.0068,-0.6635,7,90.4,0,0,19.647,0,0,0,4,0,0,0,1455.09,0,0,0,90.4,1,0,0,0,0,3,0,0,0,11.5,-7.947,0,0,2,2,0,0,VALID,0,0,0,0,0,1,0,0,0,0,0,0,0,0,0,0,0,0,0,0,267.6,1024.51,2,0,0.08,0.08,5181,11.54,0.1,0.08,82.62,FLYING,X10-F,0:/Integrated Flight Computer/aircraft/x10_f_cfg.ks (inferred preloaded)
437.92,APPROACH,FLY_TO_FIX,149.03,149,-0.03,906.8,-1.49,11.46,11.98,66.24,0.033,0.2613,0,15.582,1,0.6,4.5,0.75,0.35,0.0168,0.4,0,22.728,0,0.029,0,66.28,-0.466,0,0,-0.58,0.04,1,-0.46,66.28,0.7482,-0.0068,-0.6635,7,90.4,0,0,19.605,0,0,0,4,0,0,0,1452.17,0,0,0,90.4,1,0,0,0,0,3,0,0,0,11.5,-7.947,0,0,2,2,0,0,VALID,0,0,0,0,0,1,0,0,0,0,0,0,0,0,0,0,0,0,0,0,267.61,1024.52,2,0,0.1,0.1,5184,10.71,0.1,0.08,82.9,FLYING,X10-F,0:/Integrated Flight Computer/aircraft/x10_f_cfg.ks (inferred preloaded)
438.18,APPROACH,FLY_TO_FIX,149.03,149,-0.03,909.68,-1.49,11.45,11.97,66.24,0.034,0.2626,0,15.575,1,0.6,4.5,0.75,0.35,0.0168,0.4,0,22.729,0,0.025,0,66.28,-0.466,0,0,-0.58,0.04,1,-0.46,66.28,0.7482,-0.0068,-0.6635,7,90.4,0,0,19.566,0,0,0,4,0,0,0,1449.46,0,0,0,90.4,1,0,0,0,0,3,0,0,0,11.5,-7.947,0,0,2,2,0,0,VALID,0,0,0,0,0,1,0,0,0,0,0,0,0,0,0,0,0,0,0,0,267.66,1024.53,2,0,0.08,0.08,5187,11.54,0.1,0.08,83.16,FLYING,X10-F,0:/Integrated Flight Computer/aircraft/x10_f_cfg.ks (inferred preloaded)
438.46,APPROACH,FLY_TO_FIX,149.02,149,-0.02,912.93,-1.5,11.45,11.97,66.24,0.035,0.2621,0,15.568,1,0.6,4.5,0.75,0.35,0.0168,0.4,0,22.73,0,0.024,0,66.28,-0.464,0,0,-0.57,0.04,1,-0.46,66.28,0.7482,-0.0068,-0.6635,7,90.4,0,0,19.524,0,0,0,4,0,0,0,1446.54,0,0,0,90.4,1,0,0,0,0,3,0,0,0,11.5,-7.947,0,0,2,2,0,0,VALID,0,0,0,0,0,1,0,0,0,0,0,0,0,0,0,0,0,0,0,0,267.73,1024.55,2,0,0.1,0.1,5190,10.71,0.1,0.08,83.44,FLYING,X10-F,0:/Integrated Flight Computer/aircraft/x10_f_cfg.ks (inferred preloaded)
438.72,APPROACH,FLY_TO_FIX,149.02,149,-0.02,915.92,-1.48,11.45,11.97,66.24,0.036,0.2616,0,15.562,1,0.6,4.5,0.75,0.35,0.0168,0.4,0,22.73,0,0.023,0,66.28,-0.467,0,0,-0.57,0.04,1,-0.46,66.28,0.7482,-0.0068,-0.6635,7,90.4,0,0,19.486,0,0,0,4,0,0,0,1443.83,0,0,0,90.4,1,0,0,0,0,3,0,0,0,11.5,-7.947,0,0,2,2,0,0,VALID,0,0,0,0,0,1,0,0,0,0,0,0,0,0,0,0,0,0,0,0,267.7,1024.57,2,0,0.08,0.08,5193,11.54,0.1,0.08,83.7,FLYING,X10-F,0:/Integrated Flight Computer/aircraft/x10_f_cfg.ks (inferred preloaded)
439,APPROACH,FLY_TO_FIX,149.02,149,-0.02,918,-1.48,11.45,11.97,66.24,0.035,0.2613,0,15.556,1,0.6,4.5,0.75,0.35,0.0168,0.4,0,22.73,0,0.022,0,66.28,-0.465,0,0,-0.57,0.04,1,-0.46,66.28,0.7482,-0.0068,-0.6635,7,90.4,0,0,19.444,0,0,0,4,0,0,0,1440.91,0,0,0,90.4,1,0,0,0,0,3,0,0,0,11.5,-7.947,0,0,2,2,0,0,VALID,0,0,0,0,0,1,0,0,0,0,0,0,0,0,0,0,0,0,0,0,267.81,1024.59,2,0,0.1,0.1,5196,10.71,0.1,0.08,83.98,FLYING,X10-F,0:/Integrated Flight Computer/aircraft/x10_f_cfg.ks (inferred preloaded)
439.26,APPROACH,FLY_TO_FIX,149.02,149,-0.02,920.15,-1.49,11.45,11.97,66.24,0.035,0.2608,0,15.55,1,0.6,4.5,0.75,0.35,0.0168,0.4,0,22.73,0,0.022,0,66.28,-0.458,0,0,-0.57,0.04,1,-0.46,66.28,0.7482,-0.0068,-0.6635,7,90.4,0,0,19.405,0,0,0,4,0,0,0,1438.2,0,0,0,90.4,1,0,0,0,0,3,0,0,0,11.5,-7.947,0,0,2,2,0,0,VALID,0,0,0,0,0,1,0,0,0,0,0,0,0,0,0,0,0,0,0,0,267.8,1024.61,2,0,0.08,0.08,5199,11.54,0.1,0.08,84.24,FLYING,X10-F,0:/Integrated Flight Computer/aircraft/x10_f_cfg.ks (inferred preloaded)
439.54,APPROACH,FLY_TO_FIX,149.02,149,-0.02,921.43,-1.5,11.45,11.97,66.24,0.036,0.2606,0,15.544,1,0.6,4.5,0.75,0.35,0.0168,0.4,0,22.73,0,0.021,0,66.28,-0.457,0,0,-0.57,0.04,1,-0.46,66.28,0.7482,-0.0068,-0.6635,7,90.4,0,0,19.363,0,0,0,4,0,0,0,1435.28,0,0,0,90.4,1,0,0,0,0,3,0,0,0,11.5,-7.947,0,0,2,2,0,0,VALID,0,0,0,0,0,1,0,0,0,0,0,0,0,0,0,0,0,0,0,0,267.74,1024.63,2,0,0.1,0.1,5202,10.71,0.1,0.08,84.52,FLYING,X10-F,0:/Integrated Flight Computer/aircraft/x10_f_cfg.ks (inferred preloaded)
439.8,APPROACH,FLY_TO_FIX,149.02,149,-0.02,923.88,-1.48,11.46,11.98,66.25,0.036,0.2614,0,15.539,1,0.6,4.5,0.75,0.35,0.0168,0.4,0,22.731,0,0.019,0,66.28,-0.455,0,0,-0.57,0.04,1,-0.46,66.28,0.7482,-0.0068,-0.6635,7,90.4,0,0,19.324,0,0,0,4,0,0,0,1432.57,0,0,0,90.4,1,0,0,0,0,3,0,0,0,11.5,-7.947,0,0,2,2,0,0,VALID,0,0,0,0,0,1,0,0,0,0,0,0,0,0,0,0,0,0,0,0,267.68,1024.64,2,0,0.08,0.08,5205,11.54,0.1,0.08,84.78,FLYING,X10-F,0:/Integrated Flight Computer/aircraft/x10_f_cfg.ks (inferred preloaded)
440.08,APPROACH,FLY_TO_FIX,149.02,149,-0.02,927.74,-1.47,11.46,11.98,66.25,0.037,0.2614,0,15.534,1,0.6,4.5,0.75,0.35,0.0168,0.4,0,22.731,0,0.018,0,66.28,-0.456,0,0,-0.57,0.04,1,-0.45,66.28,0.7482,-0.0068,-0.6635,7,90.4,0,0,19.283,0,0,0,4,0,0,0,1429.65,0,0,0,90.4,1,0,0,0,0,3,0,0,0,11.5,-7.947,0,0,2,2,0,0,VALID,0,0,0,0,0,1,0,0,0,0,0,0,0,0,0,0,0,0,0,0,267.69,1024.66,2,0,0.1,0.1,5208,10.71,0.1,0.08,85.06,FLYING,X10-F,0:/Integrated Flight Computer/aircraft/x10_f_cfg.ks (inferred preloaded)
440.34,APPROACH,FLY_TO_FIX,149.02,149,-0.02,930.68,-1.48,11.46,11.98,66.25,0.036,0.2612,0,15.529,1,0.6,4.5,0.75,0.35,0.0168,0.4,0,22.732,0,0.017,0,66.28,-0.455,0,0,-0.56,0.04,1,-0.46,66.28,0.7482,-0.0068,-0.6635,7,90.4,0,0,19.244,0,0,0,4,0,0,0,1426.94,0,0,0,90.4,1,0,0,0,0,3,0,0,0,11.5,-7.947,0,0,2,2,0,0,VALID,0,0,0,0,0,1,0,0,0,0,0,0,0,0,0,0,0,0,0,0,267.66,1024.68,2,0,0.08,0.08,5211,11.54,0.1,0.08,85.32,FLYING,X10-F,0:/Integrated Flight Computer/aircraft/x10_f_cfg.ks (inferred preloaded)
440.62,APPROACH,FLY_TO_FIX,149.02,149,-0.02,932.49,-1.46,11.46,11.97,66.25,0.035,0.2612,0,15.525,1,0.6,4.5,0.75,0.35,0.0168,0.4,0,22.732,0,0.016,0,66.28,-0.458,0,0,-0.56,0.04,1,-0.45,66.28,0.7482,-0.0068,-0.6635,7,90.4,0,0,19.202,0,0,0,4,0,0,0,1424.02,0,0,0,90.4,1,0,0,0,0,3,0,0,0,11.5,-7.947,0,0,2,2,0,0,VALID,0,0,0,0,0,1,0,0,0,0,0,0,0,0,0,0,0,0,0,0,267.51,1024.7,2,0,0.1,0.1,5214,10.71,0.1,0.08,85.6,FLYING,X10-F,0:/Integrated Flight Computer/aircraft/x10_f_cfg.ks (inferred preloaded)
440.88,APPROACH,FLY_TO_FIX,149.01,149,-0.01,933.3,-1.45,11.47,11.98,66.25,0.034,0.2618,0,15.521,1,0.6,4.5,0.75,0.35,0.0168,0.4,0,22.732,0,0.014,0,66.28,-0.455,0,0,-0.56,0.04,1,-0.46,66.28,0.7482,-0.0068,-0.6635,7,90.4,0,0,19.163,0,0,0,4,0,0,0,1421.3,0,0,0,90.4,1,0,0,0,0,3,0,0,0,11.5,-7.947,0,0,2,2,0,0,VALID,0,0,0,0,0,1,0,0,0,0,0,0,0,0,0,0,0,0,0,0,267.54,1024.71,2,0,0.08,0.08,5217,11.54,0.1,0.08,85.86,FLYING,X10-F,0:/Integrated Flight Computer/aircraft/x10_f_cfg.ks (inferred preloaded)
441.16,APPROACH,FLY_TO_FIX,149.01,149,-0.01,934.24,-1.46,11.46,11.97,66.25,0.035,0.2621,0,15.517,1,0.6,4.5,0.75,0.35,0.0168,0.4,0,22.733,0,0.012,0,66.28,-0.456,0,0,-0.56,0.04,1,-0.45,66.28,0.7482,-0.0068,-0.6635,7,90.4,0,0,19.122,0,0,0,4,0,0,0,1418.38,0,0,0,90.4,1,0,0,0,0,3,0,0,0,11.5,-7.947,0,0,2,2,0,0,VALID,0,0,0,0,0,1,0,0,0,0,0,0,0,0,0,0,0,0,0,0,267.59,1024.72,2,0,0.1,0.1,5220,10.71,0.1,0.08,86.14,FLYING,X10-F,0:/Integrated Flight Computer/aircraft/x10_f_cfg.ks (inferred preloaded)
441.42,APPROACH,FLY_TO_FIX,149.01,149,-0.01,935.79,-1.46,11.46,11.98,66.25,0.034,0.2627,0,15.515,1,0.6,4.5,0.75,0.35,0.0168,0.4,0,22.734,0,0.009,0,66.28,-0.451,0,0,-0.56,0.04,1,-0.46,66.28,0.7482,-0.0068,-0.6635,7,90.4,0,0,19.083,0,0,0,4,0,0,0,1415.67,0,0,0,90.4,1,0,0,0,0,3,0,0,0,11.5,-7.947,0,0,2,2,0,0,VALID,0,0,0,0,0,1,0,0,0,0,0,0,0,0,0,0,0,0,0,0,267.65,1024.74,2,0,0.08,0.08,5223,11.54,0.1,0.08,86.4,FLYING,X10-F,0:/Integrated Flight Computer/aircraft/x10_f_cfg.ks (inferred preloaded)
441.7,APPROACH,FLY_TO_FIX,149.01,149,-0.01,935.3,-1.47,11.46,11.98,66.25,0.035,0.2624,0,15.512,1,0.6,4.5,0.75,0.35,0.0168,0.4,0,22.734,0,0.008,0,66.28,-0.447,0,0,-0.56,0.04,1,-0.45,66.28,0.7482,-0.0068,-0.6635,7,90.4,0,0,19.041,0,0,0,4,0,0,0,1412.75,0,0,0,90.4,1,0,0,0,0,3,0,0,0,11.5,-7.947,0,0,2,2,0,0,VALID,0,0,0,0,0,1,0,0,0,0,0,0,0,0,0,0,0,0,0,0,267.74,1024.75,2,0,0.1,0.1,5226,10.71,0.1,0.08,86.68,FLYING,X10-F,0:/Integrated Flight Computer/aircraft/x10_f_cfg.ks (inferred preloaded)
441.96,APPROACH,FLY_TO_FIX,149.01,149,-0.01,936.11,-1.46,11.46,11.97,66.25,0.035,0.2624,0,15.511,1,0.6,4.5,0.75,0.35,0.0168,0.4,0,22.735,0,0.006,0,66.29,-0.451,0,0,-0.56,0.04,1,-0.45,66.29,0.7482,-0.0068,-0.6635,7,90.4,0,0,19.002,0,0,0,4,0,0,0,1410.04,0,0,0,90.4,1,0,0,0,0,3,0,0,0,11.5,-7.947,0,0,2,2,0,0,VALID,0,0,0,0,0,1,0,0,0,0,0,0,0,0,0,0,0,0,0,0,267.8,1024.77,2,0,0.08,0.08,5229,11.54,0.1,0.08,86.94,FLYING,X10-F,0:/Integrated Flight Computer/aircraft/x10_f_cfg.ks (inferred preloaded)
442.24,APPROACH,FLY_TO_FIX,149,149,0,937.86,-1.45,11.46,11.98,66.25,0.035,0.2625,0,15.509,1,0.6,4.5,0.75,0.35,0.0168,0.4,0,22.735,0,0.005,0,66.29,-0.445,0,0,-0.56,0.04,1,-0.45,66.29,0.7482,-0.0068,-0.6635,7,90.4,0,0,18.961,0,0,0,4,0,0,0,1407.12,0,0,0,90.4,1,0,0,0,0,3,0,0,0,11.5,-7.947,0,0,2,2,0,0,VALID,0,0,0,0,0,1,0,0,0,0,0,0,0,0,0,0,0,0,0,0,267.85,1024.78,2,0,0.1,0.1,5232,10.71,0.1,0.08,87.22,FLYING,X10-F,0:/Integrated Flight Computer/aircraft/x10_f_cfg.ks (inferred preloaded)
442.5,APPROACH,FLY_TO_FIX,149,149,0,938.79,-1.45,11.47,11.98,66.25,0.037,0.2619,0,15.508,1,0.6,4.5,0.75,0.35,0.0168,0.4,0,22.735,0,0.004,0,66.29,-0.445,0,0,-0.56,0.04,1,-0.45,66.29,0.7482,-0.0068,-0.6635,7,90.4,0,0,18.922,0,0,0,4,0,0,0,1404.41,0,0,0,90.4,1,0,0,0,0,3,0,0,0,11.5,-7.947,0,0,2,2,0,0,VALID,0,0,0,0,0,1,0,0,0,0,0,0,0,0,0,0,0,0,0,0,267.9,1024.8,2,0,0.08,0.08,5235,11.54,0.1,0.08,87.48,FLYING,X10-F,0:/Integrated Flight Computer/aircraft/x10_f_cfg.ks (inferred preloaded)
442.78,APPROACH,FLY_TO_FIX,149,149,0,940.64,-1.44,11.47,11.98,66.25,0.036,0.2618,0,15.507,1,0.6,4.5,0.75,0.35,0.0168,0.4,0,22.736,0,0.003,0,66.29,-0.448,0,0,-0.55,0.04,1,-0.44,66.29,0.7482,-0.0068,-0.6635,7,90.4,0,0,18.88,0,0,0,4,0,0,0,1401.49,0,0,0,90.4,1,0,0,0,0,3,0,0,0,11.5,-7.947,0,0,2,2,0,0,VALID,0,0,0,0,0,1,0,0,0,0,0,0,0,0,0,0,0,0,0,0,267.93,1024.82,2,0,0.1,0.1,5238,10.71,0.1,0.08,87.76,FLYING,X10-F,0:/Integrated Flight Computer/aircraft/x10_f_cfg.ks (inferred preloaded)
443.04,APPROACH,FLY_TO_FIX,149,149,0,944.43,-1.44,11.47,11.98,66.25,0.036,0.2612,0,15.506,1,0.6,4.5,0.75,0.35,0.0168,0.4,0,22.736,0,0.003,0,66.29,-0.447,0,0,-0.55,0.04,1,-0.45,66.29,0.7482,-0.0068,-0.6635,7,90.4,0,0,18.841,0,0,0,4,0,0,0,1398.78,0,0,0,90.4,1,0,0,0,0,3,0,0,0,11.5,-7.947,0,0,2,2,0,0,VALID,0,0,0,0,0,1,0,0,0,0,0,0,0,0,0,0,0,0,0,0,267.96,1024.84,2,0,0.08,0.08,5241,11.54,0.1,0.08,88.02,FLYING,X10-F,0:/Integrated Flight Computer/aircraft/x10_f_cfg.ks (inferred preloaded)
443.32,APPROACH,FLY_TO_FIX,149,149,0,949.93,-1.43,11.47,11.97,66.25,0.035,0.2617,0,15.506,1,0.6,4.5,0.75,0.35,0.0168,0.4,0,22.736,0,0.001,0,66.29,-0.447,0,0,-0.55,0.04,1,-0.45,66.29,0.7482,-0.0068,-0.6635,7,90.4,0,0,18.8,0,0,0,4,0,0,0,1395.86,0,0,0,90.4,1,0,0,0,0,3,0,0,0,11.5,-7.947,0,0,2,2,0,0,VALID,0,0,0,0,0,1,0,0,0,0,0,0,0,0,0,0,0,0,0,0,267.95,1024.86,2,0,0.1,0.1,5244,10.71,0.1,0.08,88.3,FLYING,X10-F,0:/Integrated Flight Computer/aircraft/x10_f_cfg.ks (inferred preloaded)
443.58,APPROACH,FLY_TO_FIX,149,149,0,952.14,-1.44,11.47,11.98,66.25,0.036,0.2614,0,15.506,1,0.6,4.5,0.75,0.35,0.0168,0.4,0,22.736,0,0.001,0,66.29,-0.441,0,0,-0.56,0.04,1,-0.45,66.29,0.7482,-0.0068,-0.6635,7,90.4,0,0,18.761,0,0,0,4,0,0,0,1393.15,0,0,0,90.4,1,0,0,0,0,3,0,0,0,11.5,-7.947,0,0,2,2,0,0,VALID,0,0,0,0,0,1,0,0,0,0,0,0,0,0,0,0,0,0,0,0,268.02,1024.88,2,0,0.08,0.08,5247,11.54,0.1,0.08,88.56,FLYING,X10-F,0:/Integrated Flight Computer/aircraft/x10_f_cfg.ks (inferred preloaded)
443.86,APPROACH,FLY_TO_FIX,149,149,0,955.43,-1.41,11.48,11.97,66.25,0.036,0.2621,0,15.506,1,0.6,4.5,0.75,0.35,0.0168,0.4,0,22.737,0,-0.001,0,66.29,-0.447,0,0,-0.55,0.04,1,-0.44,66.29,0.7482,-0.0068,-0.6635,7,90.4,0,0,18.719,0,0,0,4,0,0,0,1390.23,0,0,0,90.4,1,0,0,0,0,3,0,0,0,11.5,-7.947,0,0,2,2,0,0,VALID,0,0,0,0,0,1,0,0,0,0,0,0,0,0,0,0,0,0,0,0,268.03,1024.89,2,0,0.1,0.1,5250,10.71,0.1,0.08,88.84,FLYING,X10-F,0:/Integrated Flight Computer/aircraft/x10_f_cfg.ks (inferred preloaded)
444.12,APPROACH,FLY_TO_FIX,149,149,0,959.47,-1.42,11.47,11.97,66.25,0.038,0.2628,0,15.506,1,0.6,4.5,0.75,0.35,0.0168,0.4,0,22.737,0,-0.003,0,66.29,-0.444,0,0,-0.55,0.04,1,-0.44,66.29,0.7482,-0.0068,-0.6635,7,90.4,0,0,18.68,0,0,0,4,0,0,0,1387.52,0,0,0,90.4,1,0,0,0,0,3,0,0,0,11.5,-7.947,0,0,2,2,0,0,VALID,0,0,0,0,0,1,0,0,0,0,0,0,0,0,0,0,0,0,0,0,268.09,1024.91,2,0,0.08,0.08,5253,11.54,0.1,0.08,89.1,FLYING,X10-F,0:/Integrated Flight Computer/aircraft/x10_f_cfg.ks (inferred preloaded)
444.4,APPROACH,FLY_TO_FIX,149,149,0,962.23,-1.41,11.47,11.96,66.25,0.037,0.2623,0,15.507,1,0.6,4.5,0.75,0.35,0.0168,0.4,0,22.737,0,-0.004,0,66.29,-0.447,0,0,-0.54,0.04,1,-0.44,66.29,0.7482,-0.0068,-0.6635,7,90.4,0,0,18.639,0,0,0,4,0,0,0,1384.6,0,0,0,90.4,1,0,0,0,0,3,0,0,0,11.5,-7.947,0,0,2,2,0,0,VALID,0,0,0,0,0,1,0,0,0,0,0,0,0,0,0,0,0,0,0,0,268.15,1024.92,2,0,0.1,0.1,5256,10.71,0.1,0.08,89.38,FLYING,X10-F,0:/Integrated Flight Computer/aircraft/x10_f_cfg.ks (inferred preloaded)
444.66,APPROACH,FLY_TO_FIX,148.99,149,0.01,967.58,-1.42,11.47,11.97,66.25,0.037,0.2627,0,15.509,1,0.6,4.5,0.75,0.35,0.0168,0.4,0,22.738,0,-0.005,0,66.29,-0.443,0,0,-0.54,0.04,1,-0.44,66.29,0.7482,-0.0068,-0.6635,7,90.4,0,0,18.6,0,0,0,4,0,0,0,1381.89,0,0,0,90.4,1,0,0,0,0,3,0,0,0,11.5,-7.947,0,0,2,2,0,0,VALID,0,0,0,0,0,1,0,0,0,0,0,0,0,0,0,0,0,0,0,0,268.19,1024.94,2,0,0.08,0.08,5259,11.54,0.1,0.08,89.64,FLYING,X10-F,0:/Integrated Flight Computer/aircraft/x10_f_cfg.ks (inferred preloaded)
444.94,APPROACH,FLY_TO_FIX,148.99,149,0.01,971.97,-1.42,11.47,11.97,66.25,0.039,0.2636,0,15.51,1,0.6,4.5,0.75,0.35,0.0168,0.4,0,22.739,0,-0.008,0,66.29,-0.438,0,0,-0.55,0.04,1,-0.44,66.29,0.7482,-0.0068,-0.6635,7,90.4,0,0,18.558,0,0,0,4,0,0,0,1378.98,0,0,0,90.4,1,0,0,0,0,3,0,0,0,11.5,-7.947,0,0,2,2,0,0,VALID,0,0,0,0,0,1,0,0,0,0,0,0,0,0,0,0,0,0,0,0,268.26,1024.95,2,0,0.1,0.1,5262,10.71,0.1,0.08,89.92,FLYING,X10-F,0:/Integrated Flight Computer/aircraft/x10_f_cfg.ks (inferred preloaded)
445.2,APPROACH,FLY_TO_FIX,148.99,149,0.01,975.83,-1.43,11.48,11.98,66.25,0.038,0.2622,0,15.512,1,0.6,4.5,0.75,0.35,0.0168,0.4,0,22.738,0,-0.007,0,66.29,-0.433,0,0,-0.55,0.04,1,-0.44,66.29,0.7482,-0.0068,-0.6635,7,90.4,0,0,18.519,0,0,0,4,0,0,0,1376.27,0,0,0,90.4,1,0,0,0,0,3,0,0,0,11.5,-7.947,0,0,2,2,0,0,VALID,0,0,0,0,0,1,0,0,0,0,0,0,0,0,0,0,0,0,0,0,268.35,1024.98,2,0,0.08,0.08,5265,11.54,0.1,0.08,90.18,FLYING,X10-F,0:/Integrated Flight Computer/aircraft/x10_f_cfg.ks (inferred preloaded)
445.48,APPROACH,FLY_TO_FIX,148.99,149,0.01,979.73,-1.39,11.48,11.98,66.25,0.038,0.263,0,15.515,1,0.6,4.5,0.75,0.35,0.0168,0.4,0,22.739,0,-0.009,0,66.29,-0.44,0,0,-0.54,0.04,1,-0.44,66.29,0.7482,-0.0068,-0.6635,7,90.4,0,0,18.478,0,0,0,4,0,0,0,1373.35,0,0,0,90.4,1,0,0,0,0,3,0,0,0,11.5,-7.947,0,0,2,2,0,0,VALID,0,0,0,0,0,1,0,0,0,0,0,0,0,0,0,0,0,0,0,0,268.38,1024.99,2,0,0.1,0.1,5268,10.71,0.1,0.08,90.46,FLYING,X10-F,0:/Integrated Flight Computer/aircraft/x10_f_cfg.ks (inferred preloaded)
445.74,APPROACH,FLY_TO_FIX,148.99,149,0.01,981.38,-1.4,11.48,11.97,66.25,0.038,0.2627,0,15.518,1,0.6,4.5,0.75,0.35,0.0168,0.4,0,22.739,0,-0.01,0,66.29,-0.438,0,0,-0.54,0.04,1,-0.43,66.29,0.7482,-0.0068,-0.6635,7,90.4,0,0,18.439,0,0,0,4,0,0,0,1370.64,0,0,0,90.4,1,0,0,0,0,3,0,0,0,11.5,-7.947,0,0,2,2,0,0,VALID,0,0,0,0,0,1,0,0,0,0,0,0,0,0,0,0,0,0,0,0,268.45,1025.01,2,0,0.08,0.08,5271,11.54,0.1,0.08,90.72,FLYING,X10-F,0:/Integrated Flight Computer/aircraft/x10_f_cfg.ks (inferred preloaded)
446.02,APPROACH,FLY_TO_FIX,148.99,149,0.01,983.26,-1.4,11.48,11.97,66.25,0.039,0.2612,0,15.52,1,0.6,4.5,0.75,0.35,0.0168,0.4,0,22.739,0,-0.009,0,66.29,-0.438,0,0,-0.54,0.04,1,-0.44,66.29,0.7482,-0.0068,-0.6635,7,90.4,0,0,18.397,0,0,0,4,0,0,0,1367.72,0,0,0,90.4,1,0,0,0,0,3,0,0,0,11.5,-7.947,0,0,2,2,0,0,VALID,0,0,0,0,0,1,0,0,0,0,0,0,0,0,0,0,0,0,0,0,268.48,1025.04,2,0,0.1,0.1,5274,10.71,0.1,0.08,91,FLYING,X10-F,0:/Integrated Flight Computer/aircraft/x10_f_cfg.ks (inferred preloaded)
446.28,APPROACH,FLY_TO_FIX,148.99,149,0.01,987.07,-1.39,11.48,11.98,66.25,0.04,0.2607,0,15.522,1,0.6,4.5,0.75,0.35,0.0168,0.4,0,22.739,0,-0.008,0,66.29,-0.435,0,0,-0.54,0.04,1,-0.44,66.29,0.7482,-0.0068,-0.6635,7,90.4,0,0,18.358,0,0,0,4,0,0,0,1365.01,0,0,0,90.4,1,0,0,0,0,3,0,0,0,11.5,-7.947,0,0,2,2,0,0,VALID,0,0,0,0,0,1,0,0,0,0,0,0,0,0,0,0,0,0,0,0,268.4,1025.06,2,0,0.08,0.08,5277,11.54,0.1,0.08,91.26,FLYING,X10-F,0:/Integrated Flight Computer/aircraft/x10_f_cfg.ks (inferred preloaded)
446.56,APPROACH,FLY_TO_FIX,148.99,149,0.01,990.88,-1.4,11.48,11.97,66.25,0.04,0.261,0,15.524,1,0.6,4.5,0.75,0.35,0.0168,0.4,0,22.739,0,-0.008,0,66.29,-0.433,0,0,-0.54,0.04,1,-0.44,66.29,0.7482,-0.0068,-0.6635,7,90.4,0,0,18.317,0,0,0,4,0,0,0,1362.09,0,0,0,90.4,1,0,0,0,0,3,0,0,0,11.5,-7.947,0,0,2,2,0,0,VALID,0,0,0,0,0,1,0,0,0,0,0,0,0,0,0,0,0,0,0,0,268.32,1025.08,2,0,0.1,0.1,5280,10.71,0.1,0.08,91.54,FLYING,X10-F,0:/Integrated Flight Computer/aircraft/x10_f_cfg.ks (inferred preloaded)
446.82,APPROACH,FLY_TO_FIX,148.99,149,0.01,994.28,-1.39,11.47,11.96,66.25,0.039,0.2613,0,15.527,1,0.6,4.5,0.75,0.35,0.0168,0.4,0,22.739,0,-0.008,0,66.29,-0.435,0,0,-0.53,0.04,1,-0.44,66.29,0.7482,-0.0068,-0.6635,7,90.4,0,0,18.278,0,0,0,4,0,0,0,1359.38,0,0,0,90.4,1,0,0,0,0,3,0,0,0,11.5,-7.947,0,0,2,2,0,0,VALID,0,0,0,0,0,1,0,0,0,0,0,0,0,0,0,0,0,0,0,0,268.26,1025.1,2,0,0.08,0.08,5283,11.54,0.1,0.08,91.8,FLYING,X10-F,0:/Integrated Flight Computer/aircraft/x10_f_cfg.ks (inferred preloaded)
447.1,APPROACH,FLY_TO_FIX,148.99,149,0.01,998.03,-1.39,11.48,11.97,66.25,0.038,0.262,0,15.529,1,0.6,4.5,0.75,0.35,0.0168,0.4,0,22.739,0,-0.009,0,66.3,-0.432,0,0,-0.54,0.04,1,-0.43,66.3,0.7482,-0.0068,-0.6635,7,90.4,0,0,18.236,0,0,0,4,0,0,0,1356.46,0,0,0,90.4,1,0,0,0,0,3,0,0,0,11.5,-7.947,0,0,2,2,0,0,VALID,0,0,0,0,0,1,0,0,0,0,0,0,0,0,0,0,0,0,0,0,268.22,1025.12,2,0,0.1,0.1,5286,10.71,0.1,0.08,92.08,FLYING,X10-F,0:/Integrated Flight Computer/aircraft/x10_f_cfg.ks (inferred preloaded)
447.36,APPROACH,FLY_TO_FIX,148.99,149,0.01,999.77,-1.4,11.48,11.97,66.26,0.04,0.2618,0,15.531,1,0.6,4.5,0.75,0.35,0.0168,0.4,0,22.739,0,-0.009,0,66.3,-0.426,0,0,-0.54,0.04,1,-0.43,66.3,0.7482,-0.0068,-0.6635,7,90.4,0,0,18.197,0,0,0,4,0,0,0,1353.75,0,0,0,90.4,1,0,0,0,0,3,0,0,0,11.5,-7.947,0,0,2,2,0,0,VALID,0,0,0,0,0,1,0,0,0,0,0,0,0,0,0,0,0,0,0,0,268.24,1025.14,2,0,0.08,0.08,5289,11.54,0.1,0.08,92.34,FLYING,X10-F,0:/Integrated Flight Computer/aircraft/x10_f_cfg.ks (inferred preloaded)
447.64,APPROACH,FLY_TO_FIX,148.99,149,0.01,1003.77,-1.38,11.49,11.97,66.26,0.04,0.2631,0,15.534,1,0.6,4.5,0.75,0.35,0.0168,0.4,0,22.739,0,-0.011,0,66.3,-0.43,0,0,-0.54,0.04,1,-0.43,66.3,0.7482,-0.0068,-0.6635,7,90.4,0,0,18.156,0,0,0,4,0,0,0,1350.83,0,0,0,90.4,1,0,0,0,0,3,0,0,0,11.5,-7.947,0,0,2,2,0,0,VALID,0,0,0,0,0,1,0,0,0,0,0,0,0,0,0,0,0,0,0,0,268.27,1025.16,2,0,0.1,0.1,5292,10.71,0.1,0.08,92.62,FLYING,X10-F,0:/Integrated Flight Computer/aircraft/x10_f_cfg.ks (inferred preloaded)
447.9,APPROACH,FLY_TO_FIX,148.99,149,0.01,1008.32,-1.38,11.49,11.97,66.26,0.04,0.2627,0,15.537,1,0.6,4.5,0.75,0.35,0.0168,0.4,0,22.739,0,-0.011,0,66.3,-0.429,0,0,-0.53,0.04,1,-0.43,66.3,0.7482,-0.0068,-0.6635,7,90.4,0,0,18.117,0,0,0,4,0,0,0,1348.12,0,0,0,90.4,1,0,0,0,0,3,0,0,0,11.5,-7.947,0,0,2,2,0,0,VALID,0,0,0,0,0,1,0,0,0,0,0,0,0,0,0,0,0,0,0,0,268.35,1025.17,2,0,0.08,0.08,5295,11.54,0.1,0.08,92.88,FLYING,X10-F,0:/Integrated Flight Computer/aircraft/x10_f_cfg.ks (inferred preloaded)
448.18,APPROACH,FLY_TO_FIX,148.99,149,0.01,1012.93,-1.37,11.49,11.97,66.26,0.041,0.2624,0,15.54,1,0.6,4.5,0.75,0.35,0.0168,0.4,0,22.74,0,-0.011,0,66.3,-0.432,0,0,-0.53,0.04,1,-0.42,66.3,0.7482,-0.0068,-0.6635,7,90.4,0,0,18.075,0,0,0,4,0,0,0,1345.21,0,0,0,90.4,1,0,0,0,0,3,0,0,0,11.5,-7.947,0,0,2,2,0,0,VALID,0,0,0,0,0,1,0,0,0,0,0,0,0,0,0,0,0,0,0,0,268.4,1025.19,2,0,0.1,0.1,5298,10.71,0.1,0.08,93.16,FLYING,X10-F,0:/Integrated Flight Computer/aircraft/x10_f_cfg.ks (inferred preloaded)
448.44,APPROACH,FLY_TO_FIX,148.99,149,0.01,1016.15,-1.37,11.49,11.97,66.26,0.042,0.2625,0,15.543,1,0.6,4.5,0.75,0.35,0.0168,0.4,0,22.74,0,-0.012,0,66.3,-0.431,0,0,-0.53,0.04,1,-0.43,66.3,0.7482,-0.0068,-0.6635,7,90.4,0,0,18.036,0,0,0,4,0,0,0,1342.5,0,0,0,90.4,1,0,0,0,0,3,0,0,0,11.5,-7.947,0,0,2,2,0,0,VALID,0,0,0,0,0,1,0,0,0,0,0,0,0,0,0,0,0,0,0,0,268.45,1025.21,2,0,0.08,0.08,5301,11.54,0.1,0.08,93.42,FLYING,X10-F,0:/Integrated Flight Computer/aircraft/x10_f_cfg.ks (inferred preloaded)
448.72,APPROACH,FLY_TO_FIX,148.99,149,0.01,1017.97,-1.38,11.48,11.97,66.26,0.043,0.2628,0,15.546,1,0.6,4.5,0.75,0.35,0.0168,0.4,0,22.74,0,-0.012,0,66.3,-0.426,0,0,-0.53,0.04,1,-0.43,66.3,0.7482,-0.0068,-0.6635,7,90.4,0,0,17.995,0,0,0,4,0,0,0,1339.58,0,0,0,90.4,1,0,0,0,0,3,0,0,0,11.5,-7.947,0,0,2,2,0,0,VALID,0,0,0,0,0,1,0,0,0,0,0,0,0,0,0,0,0,0,0,0,268.49,1025.23,2,0,0.1,0.1,5304,10.71,0.1,0.08,93.7,FLYING,X10-F,0:/Integrated Flight Computer/aircraft/x10_f_cfg.ks (inferred preloaded)
448.98,APPROACH,FLY_TO_FIX,148.99,149,0.01,1019.12,-1.38,11.49,11.97,66.26,0.042,0.2629,0,15.55,1,0.6,4.5,0.75,0.35,0.0168,0.4,0,22.74,0,-0.013,0,66.3,-0.423,0,0,-0.53,0.04,1,-0.43,66.3,0.7482,-0.0068,-0.6635,7,90.4,0,0,17.956,0,0,0,4,0,0,0,1336.87,0,0,0,90.4,1,0,0,0,0,3,0,0,0,11.5,-7.947,0,0,2,2,0,0,VALID,0,0,0,0,0,1,0,0,0,0,0,0,0,0,0,0,0,0,0,0,268.55,1025.25,2,0,0.08,0.08,5307,11.54,0.1,0.08,93.96,FLYING,X10-F,0:/Integrated Flight Computer/aircraft/x10_f_cfg.ks (inferred preloaded)
449.26,APPROACH,FLY_TO_FIX,148.99,149,0.01,1020.96,-1.36,11.49,11.97,66.26,0.041,0.2631,0,15.553,1,0.6,4.5,0.75,0.35,0.0168,0.4,0,22.74,0,-0.014,0,66.3,-0.425,0,0,-0.53,0.04,1,-0.43,66.3,0.7482,-0.0068,-0.6635,7,90.4,0,0,17.914,0,0,0,4,0,0,0,1333.95,0,0,0,90.4,1,0,0,0,0,3,0,0,0,11.5,-7.947,0,0,2,2,0,0,VALID,0,0,0,0,0,1,0,0,0,0,0,0,0,0,0,0,0,0,0,0,268.6,1025.27,2,0,0.1,0.1,5310,10.71,0.1,0.08,94.24,FLYING,X10-F,0:/Integrated Flight Computer/aircraft/x10_f_cfg.ks (inferred preloaded)
449.52,APPROACH,FLY_TO_FIX,148.99,149,0.01,1024.39,-1.36,11.49,11.97,66.26,0.042,0.2618,0,15.557,1,0.6,4.5,0.75,0.35,0.0168,0.4,0,22.74,0,-0.012,0,66.3,-0.426,0,0,-0.52,0.04,1,-0.42,66.3,0.7482,-0.0068,-0.6635,7,90.4,0,0,17.875,0,0,0,4,0,0,0,1331.24,0,0,0,90.4,1,0,0,0,0,3,0,0,0,11.5,-7.947,0,0,2,2,0,0,VALID,0,0,0,0,0,1,0,0,0,0,0,0,0,0,0,0,0,0,0,0,268.64,1025.29,2,0,0.08,0.08,5313,11.54,0.1,0.08,94.5,FLYING,X10-F,0:/Integrated Flight Computer/aircraft/x10_f_cfg.ks (inferred preloaded)
449.8,APPROACH,FLY_TO_FIX,148.99,149,0.01,1025.76,-1.36,11.49,11.97,66.26,0.043,0.2612,0,15.56,1,0.6,4.5,0.75,0.35,0.0168,0.4,0,22.739,0,-0.011,0,66.3,-0.424,0,0,-0.52,0.04,1,-0.42,66.3,0.7482,-0.0068,-0.6635,7,90.4,0,0,17.834,0,0,0,4,0,0,0,1328.32,0,0,0,90.4,1,0,0,0,0,3,0,0,0,11.5,-7.947,0,0,2,2,0,0,VALID,0,0,0,0,0,1,0,0,0,0,0,0,0,0,0,0,0,0,0,0,268.62,1025.32,2,0,0.1,0.1,5316,10.71,0.1,0.08,94.78,FLYING,X10-F,0:/Integrated Flight Computer/aircraft/x10_f_cfg.ks (inferred preloaded)
450.06,APPROACH,FLY_TO_FIX,148.99,149,0.01,1026.5,-1.35,11.49,11.96,66.26,0.045,0.2613,0,15.563,1,0.6,4.5,0.75,0.35,0.0168,0.4,0,22.739,0,-0.01,0,66.3,-0.425,0,0,-0.52,0.04,1,-0.42,66.3,0.7482,-0.0068,-0.6635,7,90.4,0,0,17.795,0,0,0,4,0,0,0,1325.61,0,0,0,90.4,1,0,0,0,0,3,0,0,0,11.5,-7.947,0,0,2,2,0,0,VALID,0,0,0,0,0,1,0,0,0,0,0,0,0,0,0,0,0,0,0,0,268.54,1025.34,2,0,0.08,0.08,5319,11.54,0.1,0.08,95.04,FLYING,X10-F,0:/Integrated Flight Computer/aircraft/x10_f_cfg.ks (inferred preloaded)
450.34,APPROACH,FLY_TO_FIX,148.99,149,0.01,1027.55,-1.35,11.49,11.96,66.26,0.044,0.2619,0,15.566,1,0.6,4.5,0.75,0.35,0.0168,0.4,0,22.739,0,-0.011,0,66.3,-0.423,0,0,-0.52,0.04,1,-0.42,66.3,0.7482,-0.0068,-0.6635,7,90.4,0,0,17.753,0,0,0,4,0,0,0,1322.7,0,0,0,90.4,1,0,0,0,0,3,0,0,0,11.5,-7.947,0,0,2,2,0,0,VALID,0,0,0,0,0,1,0,0,0,0,0,0,0,0,0,0,0,0,0,0,268.5,1025.36,2,0,0.1,0.1,5322,10.71,0.1,0.08,95.32,FLYING,X10-F,0:/Integrated Flight Computer/aircraft/x10_f_cfg.ks (inferred preloaded)
450.6,APPROACH,FLY_TO_FIX,148.99,149,0.01,1028.63,-1.36,11.48,11.96,66.26,0.044,0.2625,0,15.568,1,0.6,4.5,0.75,0.35,0.0168,0.4,0,22.739,0,-0.011,0,66.3,-0.419,0,0,-0.52,0.04,1,-0.43,66.3,0.7482,-0.0068,-0.6635,7,90.4,0,0,17.714,0,0,0,4,0,0,0,1319.99,0,0,0,90.4,1,0,0,0,0,3,0,0,0,11.5,-7.947,0,0,2,2,0,0,VALID,0,0,0,0,0,1,0,0,0,0,0,0,0,0,0,0,0,0,0,0,268.5,1025.38,2,0,0.08,0.08,5325,11.54,0.1,0.08,95.58,FLYING,X10-F,0:/Integrated Flight Computer/aircraft/x10_f_cfg.ks (inferred preloaded)
450.88,APPROACH,FLY_TO_FIX,148.99,149,0.01,1028.75,-1.36,11.49,11.97,66.26,0.045,0.2623,0,15.571,1,0.6,4.5,0.75,0.35,0.0168,0.4,0,22.739,0,-0.011,0,66.3,-0.416,0,0,-0.52,0.04,1,-0.42,66.3,0.7482,-0.0068,-0.6635,7,90.4,0,0,17.673,0,0,0,4,0,0,0,1317.07,0,0,0,90.4,1,0,0,0,0,3,0,0,0,11.5,-7.947,0,0,2,2,0,0,VALID,0,0,0,0,0,1,0,0,0,0,0,0,0,0,0,0,0,0,0,0,268.53,1025.41,2,0,0.1,0.1,5328,10.71,0.1,0.08,95.86,FLYING,X10-F,0:/Integrated Flight Computer/aircraft/x10_f_cfg.ks (inferred preloaded)
451.14,APPROACH,FLY_TO_FIX,148.99,149,0.01,1028.01,-1.36,11.5,11.99,66.26,0.046,0.2625,0,15.574,1,0.6,4.5,0.75,0.35,0.0168,0.4,0,22.739,0,-0.011,0,66.31,-0.412,0,0,-0.53,0.04,1,-0.42,66.31,0.7482,-0.0068,-0.6635,7,90.4,0,0,17.634,0,0,0,4,0,0,0,1314.36,0,0,0,90.4,1,0,0,0,0,3,0,0,0,11.5,-7.947,0,0,2,2,0,0,VALID,0,0,0,0,0,1,0,0,0,0,0,0,0,0,0,0,0,0,0,0,268.56,1025.43,2,0,0.08,0.08,5331,11.54,0.1,0.08,96.12,FLYING,X10-F,0:/Integrated Flight Computer/aircraft/x10_f_cfg.ks (inferred preloaded)
451.42,APPROACH,FLY_TO_FIX,148.98,149,0.02,1028.49,-1.35,11.49,11.97,66.26,0.046,0.2657,0,15.578,1,0.6,4.5,0.75,0.35,0.0168,0.4,0,22.741,0,-0.015,0,66.31,-0.413,0,0,-0.52,0.04,1,-0.42,66.31,0.7482,-0.0068,-0.6635,7,90.4,0,0,17.592,0,0,0,4,0,0,0,1311.44,0,0,0,90.4,1,0,0,0,0,3,0,0,0,11.5,-7.947,0,0,2,2,0,0,VALID,0,0,0,0,0,1,0,0,0,0,0,0,0,0,0,0,0,0,0,0,268.66,1025.43,2,0,0.1,0.1,5334,10.71,0.1,0.08,96.4,FLYING,X10-F,0:/Integrated Flight Computer/aircraft/x10_f_cfg.ks (inferred preloaded)
451.68,APPROACH,FLY_TO_FIX,148.98,149,0.02,1028.28,-1.33,11.5,11.97,66.26,0.047,0.2651,0,15.582,1,0.6,4.5,0.75,0.35,0.0168,0.4,0,22.741,0,-0.017,0,66.31,-0.417,0,0,-0.52,0.04,1,-0.41,66.31,0.7482,-0.0068,-0.6635,7,90.4,0,0,17.554,0,0,0,4,0,0,0,1308.73,0,0,0,90.4,1,0,0,0,0,3,0,0,0,11.5,-7.947,0,0,2,2,0,0,VALID,0,0,0,0,0,1,0,0,0,0,0,0,0,0,0,0,0,0,0,0,268.84,1025.44,2,0,0.08,0.08,5337,11.54,0.1,0.08,96.66,FLYING,X10-F,0:/Integrated Flight Computer/aircraft/x10_f_cfg.ks (inferred preloaded)
451.96,APPROACH,FLY_TO_FIX,148.98,149,0.02,1027.45,-1.34,11.5,11.97,66.26,0.049,0.2639,0,15.587,1,0.6,4.5,0.75,0.35,0.0168,0.4,0,22.741,0,-0.016,0,66.31,-0.415,0,0,-0.51,0.04,1,-0.41,66.31,0.7482,-0.0068,-0.6635,7,90.4,0,0,17.512,0,0,0,4,0,0,0,1305.82,0,0,0,90.4,1,0,0,0,0,3,0,0,0,11.5,-7.947,0,0,2,2,0,0,VALID,0,0,0,0,0,1,0,0,0,0,0,0,0,0,0,0,0,0,0,0,268.99,1025.46,2,0,0.1,0.1,5340,10.71,0.1,0.08,96.94,FLYING,X10-F,0:/Integrated Flight Computer/aircraft/x10_f_cfg.ks (inferred preloaded)
452.22,APPROACH,FLY_TO_FIX,148.98,149,0.02,1025.81,-1.32,11.5,11.96,66.27,0.049,0.2631,0,15.591,1,0.6,4.5,0.75,0.35,0.0168,0.4,0,22.741,0,-0.016,0,66.31,-0.417,0,0,-0.51,0.04,1,-0.41,66.31,0.7482,-0.0068,-0.6635,7,90.4,0,0,17.473,0,0,0,4,0,0,0,1303.11,0,0,0,90.4,1,0,0,0,0,3,0,0,0,11.5,-7.947,0,0,2,2,0,0,VALID,0,0,0,0,0,1,0,0,0,0,0,0,0,0,0,0,0,0,0,0,269.07,1025.49,2,0,0.08,0.08,5343,11.54,0.1,0.08,97.2,FLYING,X10-F,0:/Integrated Flight Computer/aircraft/x10_f_cfg.ks (inferred preloaded)
452.5,APPROACH,FLY_TO_FIX,148.99,149,0.01,1021.95,-1.32,11.5,11.96,66.27,0.049,0.2622,0,15.595,1,0.6,4.5,0.75,0.35,0.0168,0.4,0,22.74,0,-0.014,0,66.31,-0.417,0,0,-0.51,0.04,1,-0.42,66.31,0.7482,-0.0068,-0.6635,7,90.4,0,0,17.431,0,0,0,4,0,0,0,1300.19,0,0,0,90.4,1,0,0,0,0,3,0,0,0,11.5,-7.947,0,0,2,2,0,0,VALID,0,0,0,0,0,1,0,0,0,0,0,0,0,0,0,0,0,0,0,0,269.11,1025.51,2,0,0.1,0.1,5346,10.71,0.1,0.08,97.48,FLYING,X10-F,0:/Integrated Flight Computer/aircraft/x10_f_cfg.ks (inferred preloaded)
452.76,APPROACH,FLY_TO_FIX,148.99,149,0.01,1019.26,-1.32,11.49,11.95,66.27,0.05,0.2621,0,15.599,1,0.6,4.5,0.75,0.35,0.0168,0.4,0,22.74,0,-0.014,0,66.31,-0.417,0,0,-0.5,0.04,1,-0.41,66.31,0.7482,-0.0068,-0.6635,7,90.4,0,0,17.393,0,0,0,4,0,0,0,1297.48,0,0,0,90.4,1,0,0,0,0,3,0,0,0,11.5,-7.947,0,0,2,2,0,0,VALID,0,0,0,0,0,1,0,0,0,0,0,0,0,0,0,0,0,0,0,0,269.1,1025.54,2,0,0.08,0.08,5349,11.54,0.1,0.08,97.74,FLYING,X10-F,0:/Integrated Flight Computer/aircraft/x10_f_cfg.ks (inferred preloaded)
453.04,APPROACH,FLY_TO_FIX,148.99,149,0.01,1017.77,-1.32,11.49,11.95,66.27,0.049,0.262,0,15.603,1,0.6,4.5,0.75,0.35,0.0168,0.4,0,22.74,0,-0.013,0,66.31,-0.415,0,0,-0.5,0.05,1,-0.41,66.31,0.7482,-0.0068,-0.6635,7,90.4,0,0,17.351,0,0,0,4,0,0,0,1294.56,0,0,0,90.4,1,0,0,0,0,3,0,0,0,11.5,-7.947,0,0,2,2,0,0,VALID,0,0,0,0,0,1,0,0,0,0,0,0,0,0,0,0,0,0,0,0,269.05,1025.56,2,0,0.1,0.1,5352,10.71,0.1,0.08,98.02,FLYING,X10-F,0:/Integrated Flight Computer/aircraft/x10_f_cfg.ks (inferred preloaded)
453.3,APPROACH,FLY_TO_FIX,148.99,149,0.01,1018.25,-1.33,11.49,11.96,66.27,0.049,0.262,0,15.606,1,0.6,4.5,0.75,0.35,0.0168,0.4,0,22.74,0,-0.012,0,66.31,-0.41,0,0,-0.51,0.05,1,-0.41,66.31,0.7482,-0.0068,-0.6635,7,90.4,0,0,17.312,0,0,0,4,0,0,0,1291.85,0,0,0,90.4,1,0,0,0,0,3,0,0,0,11.5,-7.947,0,0,2,2,0,0,VALID,0,0,0,0,0,1,0,0,0,0,0,0,0,0,0,0,0,0,0,0,269.01,1025.58,2,0,0.08,0.08,5355,11.54,0.1,0.08,98.28,FLYING,X10-F,0:/Integrated Flight Computer/aircraft/x10_f_cfg.ks (inferred preloaded)
453.58,APPROACH,FLY_TO_FIX,148.99,149,0.01,1018.3,-1.33,11.5,11.97,66.27,0.05,0.2621,0,15.609,1,0.6,4.5,0.75,0.35,0.0168,0.4,0,22.74,0,-0.011,0,66.31,-0.406,0,0,-0.51,0.05,1,-0.41,66.31,0.7482,-0.0068,-0.6635,7,90.4,0,0,17.27,0,0,0,4,0,0,0,1288.94,0,0,0,90.4,1,0,0,0,0,3,0,0,0,11.5,-7.947,0,0,2,2,0,0,VALID,0,0,0,0,0,1,0,0,0,0,0,0,0,0,0,0,0,0,0,0,268.91,1025.61,2,0,0.1,0.1,5358,10.71,0.1,0.08,98.56,FLYING,X10-F,0:/Integrated Flight Computer/aircraft/x10_f_cfg.ks (inferred preloaded)
453.84,APPROACH,FLY_TO_FIX,148.99,149,0.01,1018.51,-1.31,11.51,11.97,66.27,0.052,0.2624,0,15.612,1,0.6,4.5,0.75,0.35,0.0168,0.4,0,22.739,0,-0.011,0,66.31,-0.409,0,0,-0.51,0.05,1,-0.41,66.31,0.7482,-0.0068,-0.6635,7,90.4,0,0,17.232,0,0,0,4,0,0,0,1286.23,0,0,0,90.4,1,0,0,0,0,3,0,0,0,11.5,-7.947,0,0,2,2,0,0,VALID,0,0,0,0,0,1,0,0,0,0,0,0,0,0,0,0,0,0,0,0,268.95,1025.63,2,0,0.08,0.08,5361,11.54,0.1,0.08,98.82,FLYING,X10-F,0:/Integrated Flight Computer/aircraft/x10_f_cfg.ks (inferred preloaded)
454.12,APPROACH,FLY_TO_FIX,148.99,149,0.01,1019.2,-1.3,11.5,11.96,66.27,0.053,0.2631,0,15.615,1,0.6,4.5,0.75,0.35,0.0168,0.4,0,22.74,0,-0.012,0,66.32,-0.411,0,0,-0.5,0.05,1,-0.41,66.32,0.7482,-0.0068,-0.6635,7,90.4,0,0,17.19,0,0,0,4,0,0,0,1283.31,0,0,0,90.4,1,0,0,0,0,3,0,0,0,11.5,-7.947,0,0,2,2,0,0,VALID,0,0,0,0,0,1,0,0,0,0,0,0,0,0,0,0,0,0,0,0,268.99,1025.65,2,0,0.1,0.1,5364,10.71,0.1,0.08,99.1,FLYING,X10-F,0:/Integrated Flight Computer/aircraft/x10_f_cfg.ks (inferred preloaded)
454.38,APPROACH,FLY_TO_FIX,148.99,149,0.01,1018.78,-1.29,11.51,11.96,66.27,0.055,0.2627,0,15.618,1,0.6,4.5,0.75,0.35,0.0168,0.4,0,22.739,0,-0.011,0,66.32,-0.414,0,0,-0.5,0.05,1,-0.4,66.32,0.7482,-0.0068,-0.6635,7,90.4,0,0,17.151,0,0,0,4,0,0,0,1280.6,0,0,0,90.4,1,0,0,0,0,3,0,0,0,11.5,-7.947,0,0,2,2,0,0,VALID,0,0,0,0,0,1,0,0,0,0,0,0,0,0,0,0,0,0,0,0,269.03,1025.67,2,0,0.08,0.08,5367,11.54,0.1,0.08,99.36,FLYING,X10-F,0:/Integrated Flight Computer/aircraft/x10_f_cfg.ks (inferred preloaded)
454.66,APPROACH,FLY_TO_FIX,148.99,149,0.01,1020.11,-1.3,11.5,11.95,66.27,0.054,0.2636,0,15.621,1,0.6,4.5,0.75,0.35,0.0168,0.4,0,22.74,0,-0.012,0,66.32,-0.409,0,0,-0.5,0.05,1,-0.4,66.32,0.7482,-0.0068,-0.6635,7,90.4,0,0,17.11,0,0,0,4,0,0,0,1277.68,0,0,0,90.4,1,0,0,0,0,3,0,0,0,11.5,-7.947,0,0,2,2,0,0,VALID,0,0,0,0,0,1,0,0,0,0,0,0,0,0,0,0,0,0,0,0,269.09,1025.68,2,0,0.1,0.1,5370,10.71,0.1,0.08,99.64,FLYING,X10-F,0:/Integrated Flight Computer/aircraft/x10_f_cfg.ks (inferred preloaded)
454.92,APPROACH,FLY_TO_FIX,148.99,149,0.01,1022.67,-1.31,11.5,11.96,66.27,0.055,0.2625,0,15.624,1,0.6,4.5,0.75,0.35,0.0168,0.4,0,22.739,0,-0.011,0,66.32,-0.406,0,0,-0.5,0.05,1,-0.41,66.32,0.7482,-0.0068,-0.6635,7,90.4,0,0,17.071,0,0,0,4,0,0,0,1274.98,0,0,0,90.4,1,0,0,0,0,3,0,0,0,11.5,-7.947,0,0,2,2,0,0,VALID,0,0,0,0,0,1,0,0,0,0,0,0,0,0,0,0,0,0,0,0,269.16,1025.71,2,0,0.08,0.08,5373,11.54,0.1,0.08,99.9,FLYING,X10-F,0:/Integrated Flight Computer/aircraft/x10_f_cfg.ks (inferred preloaded)
455.2,APPROACH,FLY_TO_FIX,148.99,149,0.01,1026.69,-1.3,11.5,11.96,66.27,0.054,0.2622,0,15.627,1,0.6,4.5,0.75,0.35,0.0168,0.4,0,22.739,0,-0.01,0,66.32,-0.406,0,0,-0.5,0.05,1,-0.41,66.32,0.7482,-0.0068,-0.6635,7,90.4,0,0,17.029,0,0,0,4,0,0,0,1272.06,0,0,0,90.4,1,0,0,0,0,3,0,0,0,11.5,-7.947,0,0,2,2,0,0,VALID,0,0,0,0,0,1,0,0,0,0,0,0,0,0,0,0,0,0,0,0,269.15,1025.73,2,0,0.1,0.1,5376,10.71,0.1,0.08,100.18,FLYING,X10-F,0:/Integrated Flight Computer/aircraft/x10_f_cfg.ks (inferred preloaded)
455.46,APPROACH,FLY_TO_FIX,148.99,149,0.01,1030.28,-1.29,11.51,11.97,66.27,0.056,0.2611,0,15.629,1,0.6,4.5,0.75,0.35,0.0168,0.4,0,22.738,0,-0.007,0,66.32,-0.403,0,0,-0.5,0.05,1,-0.4,66.32,0.7482,-0.0068,-0.6635,7,90.4,0,0,16.99,0,0,0,4,0,0,0,1269.35,0,0,0,90.4,1,0,0,0,0,3,0,0,0,11.5,-7.947,0,0,2,2,0,0,VALID,0,0,0,0,0,1,0,0,0,0,0,0,0,0,0,0,0,0,0,0,269.11,1025.76,2,0,0.08,0.08,5379,11.54,0.1,0.08,100.44,FLYING,X10-F,0:/Integrated Flight Computer/aircraft/x10_f_cfg.ks (inferred preloaded)
455.74,APPROACH,FLY_TO_FIX,148.99,149,0.01,1032.25,-1.28,11.51,11.95,66.27,0.056,0.2625,0,15.631,1,0.6,4.5,0.75,0.35,0.0168,0.4,0,22.739,0,-0.008,0,66.32,-0.407,0,0,-0.5,0.05,1,-0.4,66.32,0.7482,-0.0068,-0.6635,7,90.4,0,0,16.949,0,0,0,4,0,0,0,1266.43,0,0,0,90.4,1,0,0,0,0,3,0,0,0,11.5,-7.947,0,0,2,2,0,0,VALID,0,0,0,0,0,1,0,0,0,0,0,0,0,0,0,0,0,0,0,0,269.06,1025.78,2,0,0.1,0.1,5382,10.71,0.1,0.08,100.72,FLYING,X10-F,0:/Integrated Flight Computer/aircraft/x10_f_cfg.ks (inferred preloaded)
456,APPROACH,FLY_TO_FIX,148.99,149,0.01,1032.99,-1.28,11.5,11.95,66.27,0.057,0.2627,0,15.633,1,0.6,4.5,0.75,0.35,0.0168,0.4,0,22.739,0,-0.008,0,66.32,-0.407,0,0,-0.49,0.05,1,-0.4,66.32,0.7482,-0.0068,-0.6635,7,90.4,0,0,16.91,0,0,0,4,0,0,0,1263.72,0,0,0,90.4,1,0,0,0,0,3,0,0,0,11.5,-7.947,0,0,2,2,0,0,VALID,0,0,0,0,0,1,0,0,0,0,0,0,0,0,0,0,0,0,0,0,269.09,1025.8,2,0,0.08,0.08,5385,11.54,0.1,0.08,100.98,FLYING,X10-F,0:/Integrated Flight Computer/aircraft/x10_f_cfg.ks (inferred preloaded)
456.28,APPROACH,FLY_TO_FIX,148.99,149,0.01,1033.68,-1.28,11.5,11.94,66.28,0.057,0.2634,0,15.636,1,0.6,4.5,0.75,0.35,0.0168,0.4,0,22.739,0,-0.009,0,66.33,-0.406,0,0,-0.49,0.05,1,-0.4,66.32,0.7482,-0.0068,-0.6635,7,90.4,0,0,16.868,0,0,0,4,0,0,0,1260.81,0,0,0,90.4,1,0,0,0,0,3,0,0,0,11.5,-7.947,0,0,2,2,0,0,VALID,0,0,0,0,0,1,0,0,0,0,0,0,0,0,0,0,0,0,0,0,269.12,1025.82,2,0,0.1,0.1,5388,10.71,0.1,0.08,101.26,FLYING,X10-F,0:/Integrated Flight Computer/aircraft/x10_f_cfg.ks (inferred preloaded)
456.54,APPROACH,FLY_TO_FIX,148.99,149,0.01,1032.37,-1.28,11.5,11.94,66.28,0.059,0.2642,0,15.638,1,0.6,4.5,0.75,0.35,0.0168,0.4,0,22.739,0,-0.009,0,66.33,-0.405,0,0,-0.49,0.05,1,-0.4,66.33,0.7482,-0.0068,-0.6635,7,90.4,0,0,16.829,0,0,0,4,0,0,0,1258.1,0,0,0,90.4,1,0,0,0,0,3,0,0,0,11.5,-7.947,0,0,2,2,0,0,VALID,0,0,0,0,0,1,0,0,0,0,0,0,0,0,0,0,0,0,0,0,269.19,1025.83,2,0,0.08,0.08,5391,11.54,0.1,0.08,101.52,FLYING,X10-F,0:/Integrated Flight Computer/aircraft/x10_f_cfg.ks (inferred preloaded)
456.82,APPROACH,FLY_TO_FIX,148.99,149,0.01,1031.38,-1.29,11.5,11.95,66.28,0.059,0.2643,0,15.641,1,0.6,4.5,0.75,0.35,0.0168,0.4,0,22.739,0,-0.01,0,66.33,-0.4,0,0,-0.49,0.05,1,-0.4,66.33,0.7482,-0.0068,-0.6635,7,90.4,0,0,16.788,0,0,0,4,0,0,0,1255.18,0,0,0,90.4,1,0,0,0,0,3,0,0,0,11.5,-7.947,0,0,2,2,0,0,VALID,0,0,0,0,0,1,0,0,0,0,0,0,0,0,0,0,0,0,0,0,269.29,1025.85,2,0,0.1,0.1,5394,10.71,0.1,0.08,101.8,FLYING,X10-F,0:/Integrated Flight Computer/aircraft/x10_f_cfg.ks (inferred preloaded)
457.08,APPROACH,FLY_TO_FIX,148.99,149,0.01,1030.68,-1.28,11.51,11.95,66.28,0.061,0.2641,0,15.644,1,0.6,4.5,0.75,0.35,0.0168,0.4,0,22.739,0,-0.01,0,66.33,-0.399,0,0,-0.49,0.05,1,-0.4,66.33,0.7482,-0.0068,-0.6635,7,90.4,0,0,16.749,0,0,0,4,0,0,0,1252.47,0,0,0,90.4,1,0,0,0,0,3,0,0,0,11.5,-7.947,0,0,2,2,0,0,VALID,0,0,0,0,0,1,0,0,0,0,0,0,0,0,0,0,0,0,0,0,269.39,1025.87,2,0,0.08,0.08,5397,11.54,0.1,0.08,102.06,FLYING,X10-F,0:/Integrated Flight Computer/aircraft/x10_f_cfg.ks (inferred preloaded)
457.36,APPROACH,FLY_TO_FIX,148.99,149,0.01,1028.61,-1.27,11.51,11.96,66.28,0.061,0.2628,0,15.646,1,0.6,4.5,0.75,0.35,0.0168,0.4,0,22.739,0,-0.009,0,66.33,-0.398,0,0,-0.49,0.05,1,-0.4,66.33,0.7482,-0.0068,-0.6635,7,90.4,0,0,16.707,0,0,0,4,0,0,0,1249.56,0,0,0,90.4,1,0,0,0,0,3,0,0,0,11.5,-7.947,0,0,2,2,0,0,VALID,0,0,0,0,0,1,0,0,0,0,0,0,0,0,0,0,0,0,0,0,269.45,1025.89,2,0,0.1,0.1,5400,10.71,0.1,0.08,102.34,FLYING,X10-F,0:/Integrated Flight Computer/aircraft/x10_f_cfg.ks (inferred preloaded)
457.62,APPROACH,FLY_TO_FIX,148.99,149,0.01,1027.13,-1.27,11.5,11.96,66.28,0.063,0.2617,0,15.648,1,0.6,4.5,0.75,0.35,0.0168,0.4,0,22.738,0,-0.007,0,66.33,-0.396,0,0,-0.49,0.05,1,-0.4,66.33,0.7482,-0.0068,-0.6635,7,90.4,0,0,16.669,0,0,0,4,0,0,0,1246.85,0,0,0,90.4,1,0,0,0,0,3,0,0,0,11.5,-7.947,0,0,2,2,0,0,VALID,0,0,0,0,0,1,0,0,0,0,0,0,0,0,0,0,0,0,0,0,269.45,1025.92,2,0,0.08,0.08,5403,11.54,0.1,0.08,102.6,FLYING,X10-F,0:/Integrated Flight Computer/aircraft/x10_f_cfg.ks (inferred preloaded)
457.9,APPROACH,FLY_TO_FIX,148.99,149,0.01,1026.32,-1.26,11.51,11.95,66.28,0.064,0.2612,0,15.65,1,0.6,4.5,0.75,0.35,0.0168,0.4,0,22.738,0,-0.005,0,66.33,-0.4,0,0,-0.49,0.05,1,-0.39,66.33,0.7482,-0.0068,-0.6635,7,90.4,0,0,16.627,0,0,0,4,0,0,0,1243.93,0,0,0,90.4,1,0,0,0,0,3,0,0,0,11.5,-7.947,0,0,2,2,0,0,VALID,0,0,0,0,0,1,0,0,0,0,0,0,0,0,0,0,0,0,0,0,269.36,1025.95,2,0,0.1,0.1,5406,10.71,0.1,0.08,102.88,FLYING,X10-F,0:/Integrated Flight Computer/aircraft/x10_f_cfg.ks (inferred preloaded)
458.16,APPROACH,FLY_TO_FIX,148.99,149,0.01,1024.66,-1.25,11.52,11.96,66.28,0.066,0.2621,0,15.651,1,0.6,4.5,0.75,0.35,0.0168,0.4,0,22.738,0,-0.005,0,66.34,-0.4,0,0,-0.49,0.05,1,-0.39,66.34,0.7482,-0.0068,-0.6635,7,90.4,0,0,16.588,0,0,0,4,0,0,0,1241.22,0,0,0,90.4,1,0,0,0,0,3,0,0,0,11.5,-7.947,0,0,2,2,0,0,VALID,0,0,0,0,0,1,0,0,0,0,0,0,0,0,0,0,0,0,0,0,269.3,1025.97,2,0,0.08,0.08,5409,11.54,0.1,0.08,103.14,FLYING,X10-F,0:/Integrated Flight Computer/aircraft/x10_f_cfg.ks (inferred preloaded)
458.44,APPROACH,FLY_TO_FIX,148.99,149,0.01,1020.4,-1.26,11.53,11.98,66.28,0.067,0.2637,0,15.653,1,0.6,4.5,0.75,0.35,0.0168,0.4,0,22.738,0,-0.007,0,66.34,-0.392,0,0,-0.5,0.05,1,-0.39,66.34,0.7482,-0.0068,-0.6635,7,90.4,0,0,16.546,0,0,0,4,0,0,0,1238.3,0,0,0,90.4,1,0,0,0,0,3,0,0,0,11.5,-7.947,0,0,2,2,0,0,VALID,0,0,0,0,0,1,0,0,0,0,0,0,0,0,0,0,0,0,0,0,269.35,1025.98,2,0,0.1,0.1,5412,10.71,0.1,0.08,103.42,FLYING,X10-F,0:/Integrated Flight Computer/aircraft/x10_f_cfg.ks (inferred preloaded)
458.7,APPROACH,FLY_TO_FIX,148.99,149,0.01,1016.96,-1.28,11.5,11.95,66.28,0.069,0.2667,0,15.656,1,0.6,4.5,0.75,0.35,0.0168,0.4,0,22.74,0,-0.012,0,66.34,-0.387,0,0,-0.49,0.05,1,-0.4,66.34,0.7482,-0.0068,-0.6635,7,90.4,0,0,16.508,0,0,0,4,0,0,0,1235.6,0,0,0,90.4,1,0,0,0,0,3,0,0,0,11.5,-7.947,0,0,2,2,0,0,VALID,0,0,0,0,0,1,0,0,0,0,0,0,0,0,0,0,0,0,0,0,269.49,1025.98,2,0,0.08,0.08,5415,11.54,0.1,0.08,103.68,FLYING,X10-F,0:/Integrated Flight Computer/aircraft/x10_f_cfg.ks (inferred preloaded)
458.98,APPROACH,FLY_TO_FIX,148.99,149,0.01,1011.79,-1.25,11.51,11.96,66.29,0.073,0.2645,0,15.659,1,0.6,4.5,0.75,0.35,0.0168,0.4,0,22.739,0,-0.01,0,66.34,-0.393,0,0,-0.49,0.06,1,-0.39,66.34,0.7482,-0.0068,-0.6635,7,90.4,0,0,16.466,0,0,0,4,0,0,0,1232.68,0,0,0,90.4,1,0,0,0,0,3,0,0,0,11.5,-7.947,0,0,2,2,0,0,VALID,0,0,0,0,0,1,0,0,0,0,0,0,0,0,0,0,0,0,0,0,269.67,1026,2,0,0.1,0.1,5418,10.71,0.1,0.08,103.96,FLYING,X10-F,0:/Integrated Flight Computer/aircraft/x10_f_cfg.ks (inferred preloaded)
459.24,APPROACH,FLY_TO_FIX,148.99,149,0.01,1007.75,-1.25,11.51,11.95,66.29,0.075,0.2635,0,15.662,1,0.6,4.5,0.75,0.35,0.0168,0.4,0,22.739,0,-0.009,0,66.34,-0.394,0,0,-0.48,0.06,1,-0.39,66.34,0.7482,-0.0068,-0.6635,7,90.4,0,0,16.427,0,0,0,4,0,0,0,1229.97,0,0,0,90.4,1,0,0,0,0,3,0,0,0,11.5,-7.947,0,0,2,2,0,0,VALID,0,0,0,0,0,1,0,0,0,0,0,0,0,0,0,0,0,0,0,0,269.76,1026.03,2,0,0.08,0.08,5421,11.54,0.1,0.08,104.22,FLYING,X10-F,0:/Integrated Flight Computer/aircraft/x10_f_cfg.ks (inferred preloaded)
459.52,APPROACH,FLY_TO_FIX,148.99,149,0.01,1006.37,-1.25,11.51,11.95,66.29,0.077,0.262,0,15.664,1,0.6,4.5,0.75,0.35,0.0168,0.4,0,22.738,0,-0.007,0,66.35,-0.395,0,0,-0.48,0.06,1,-0.39,66.34,0.7482,-0.0068,-0.6635,7,90.4,0,0,16.385,0,0,0,4,0,0,0,1227.05,0,0,0,90.4,1,0,0,0,0,3,0,0,0,11.5,-7.947,0,0,2,2,0,0,VALID,0,0,0,0,0,1,0,0,0,0,0,0,0,0,0,0,0,0,0,0,269.79,1026.06,2,0,0.1,0.1,5424,10.71,0.1,0.08,104.5,FLYING,X10-F,0:/Integrated Flight Computer/aircraft/x10_f_cfg.ks (inferred preloaded)
459.84,APPROACH,ILS_TRACK,149,149,0,1006.35,-1.25,11.5,11.94,66.29,0.029,0.2613,0,15.666,1,0.6,4.5,0.75,0.35,0.0168,0.4,0,22.738,0,-0.005,0,82.93,-8,0,1,-0.48,0.06,1,-8,65,0.8727,0.1219,-0.4728,-8,82.93,586.01,59.69,16.338,-7.071,-25.231,1,4,0,9.154,-8,1223.72,0,0,0,90.4,1,0,0,0,0,3,0,0,0,11.5,-7.947,0,0,2,2,0,0,VALID,0,0,0,0,0,1,0,0,0,0,0,0,0,0,0,0,0,0,0,0,269.67,1026.09,2,0,0.12,0.12,5427,9.38,0.12,0.08,104.82,FLYING,X10-F,0:/Integrated Flight Computer/aircraft/x10_f_cfg.ks (inferred preloaded)
460.18,APPROACH,ILS_TRACK,148.98,149,0.02,1005.87,-1.22,11.51,11.93,66.21,-0.136,0.2693,0,15.669,1,0.6,4.5,0.75,0.35,0.0168,0.4,0,22.741,0,-0.015,0,83.81,-8,0,1,-0.47,0.06,1,-8,83.55,0.8741,0.1067,-0.4738,-8,83.81,563.76,62.81,16.287,-6.186,-26.159,1,4,0,9.145,-8,1220.18,0,0,0,90.4,1,0,0,0,0,3,0,0,0,11.5,-7.947,0,0,2,2,0,0,VALID,0,0,0,0,0,1,0,0,0,0,0,0,0,0,0,0,0,0,0,0,269.61,1026.06,2,0,0.1,0.1,5430,8.82,0.12,0.1,105.16,FLYING,X10-F,0:/Integrated Flight Computer/aircraft/x10_f_cfg.ks (inferred preloaded)
460.48,APPROACH,ILS_TRACK,148.94,149,0.06,1005.95,-1.08,11.35,11.69,66.42,3.056,0.2967,0,15.681,1,0.6,4.5,0.75,0.35,0.0168,0.4,0,22.753,0,-0.059,0,84.63,-8,0,1,-0.42,0.06,1,-8,84.36,0.8753,0.0927,-0.4746,-8,84.63,544.1,65.54,16.242,-5.37,-26.835,1,4,0,8.968,-8,1217.06,0,0,0,90.4,1,0,0,0,0,3,0,0,0,11.5,-7.947,0,0,2,2,0,0,VALID,0,0,0,0,0,1,0,0,0,0,0,0,0,0,0,0,0,0,0,0,270.32,1025.88,2,0,0.1,0.1,5433,10,0.12,0.08,105.46,FLYING,X10-F,0:/Integrated Flight Computer/aircraft/x10_f_cfg.ks (inferred preloaded)
460.74,APPROACH,ILS_TRACK,148.9,149,0.1,1006.01,-1.15,10.89,11.23,66.95,8.859,0.3096,0,15.705,1,0.6,4.5,0.75,0.35,0.0168,0.4,0,22.764,0,-0.099,0,85.3,-8,0,1,-0.43,0.06,1,-8,85.11,0.8762,0.0811,-0.4751,-8,85.3,527.05,67.83,16.204,-4.697,-27.377,1,4,0,8.786,-8,1214.35,0,0,0,90.4,1,0,0,0,0,3,0,0,0,11.5,-7.947,0,0,2,2,0,0,VALID,0,0,0,0,0,1,0,0,0,0,0,0,0,0,0,0,0,0,0,0,272.39,1025.74,2,0,0.08,0.08,5436,11.54,0.1,0.08,105.72,FLYING,X10-F,0:/Integrated Flight Computer/aircraft/x10_f_cfg.ks (inferred preloaded)
461.1,APPROACH,ILS_TRACK,148.93,149,0.07,1005.21,-1.33,10.38,10.69,68.13,20.884,0.2743,0,15.735,1,0.6,4.5,0.75,0.35,0.0168,0.4,0,22.756,0,-0.07,0,86.15,-8,0,1,-0.51,0.06,1,-8,85.89,0.8771,0.0665,-0.4757,-8,86.15,503.53,70.98,16.15,-3.852,-28.252,1,4,0,8.696,-8,1210.6,0,0,0,90.4,1,0,0,0,0,3,0,0,0,11.5,-7.947,0,0,2,2,0,0,VALID,0,0,0,0,0,1,0,0,0,0,0,0,0,0,0,0,0,0,0,0,274.9,1025.89,2,0,0.12,0.12,5439,8.33,0.12,0.08,106.08,FLYING,X10-F,0:/Integrated Flight Computer/aircraft/x10_f_cfg.ks (inferred preloaded)
461.44,APPROACH,ILS_TRACK,149.04,149,-0.04,1005.6,-1.78,9.23,9.68,69.43,31.501,0.2096,0,15.741,1,0.6,4.5,0.75,0.35,0.0168,0.4,0,22.728,0,0.028,0,88.93,-8,0,1,-0.65,0.06,1,-8,88.08,0.8788,0.0185,-0.4768,-8,88.93,481.57,73.71,16.099,-1.068,-28.309,1,4,0,7.744,-8,1207.05,0,0,0,90.4,1,0,0,0,0,3,0,0,0,11.5,-7.947,0,0,2,2,0,0,VALID,0,0,0,0,0,1,0,0,0,0,0,0,0,0,0,0,0,0,0,0,274.22,1026.35,2,0,0.1,0.1,5442,8.82,0.12,0.1,106.42,FLYING,X10-F,0:/Integrated Flight Computer/aircraft/x10_f_cfg.ks (inferred preloaded)
461.72,APPROACH,ILS_TRACK,149.23,149,-0.23,1005.39,-2.59,8.26,9.37,70.62,36.065,0.1069,0,15.699,1,0.6,4.5,0.75,0.35,0.0168,0.4,0,22.676,0,0.213,0,89.47,-8,0,1,-0.95,0.06,1,-8,89.96,0.8789,0.0092,-0.4768,-8,89.47,463.77,75.79,16.057,-0.533,-28.526,1,4,0,7.237,-8,1204.11,0,0,0,90.4,1,0,0,0,0,3,0,0,0,11.5,-7.947,0,0,2,2,0,0,VALID,0,0,0,0,0,1,0,0,0,0,0,0,0,0,0,0,0,0,0,0,266.36,1027.17,2,0,0.08,0.08,5445,10.71,0.1,0.08,106.7,FLYING,X10-F,0:/Integrated Flight Computer/aircraft/x10_f_cfg.ks (inferred preloaded)
462.02,APPROACH,ILS_TRACK,149.41,149,-0.41,1005.61,-3.54,7.52,9.56,72.23,41.724,0.0556,0,15.596,1,0.6,4.5,0.75,0.35,0.0168,0.4,0,22.623,0,0.403,0,86.64,-8,0,1,-1.31,0.06,1,-8,87.51,0.8776,0.0581,-0.4758,-8,86.64,445,77.85,16.012,-3.362,-28.663,1,4,0,6.635,-8,1200.96,0,0,0,90.4,1,0,0,0,0,3,0,0,0,11.5,-7.947,0,0,2,2,0,0,VALID,0,0,0,0,0,1,0,0,0,0,0,0,0,0,0,0,0,0,0,0,249.28,1028.01,2,0,0.08,0.08,5448,10,0.12,0.08,107,FLYING,X10-F,0:/Integrated Flight Computer/aircraft/x10_f_cfg.ks (inferred preloaded)
462.32,APPROACH,ILS_TRACK,149.55,149,-0.55,1006.54,-4.62,7.05,10.41,74.37,47.983,0.0562,0,15.446,1,0.6,4.5,0.75,0.35,0.0168,0.4,0,22.584,0,0.539,0,83.51,-8,0,1,-1.71,0.06,1,-8,84.28,0.8739,0.1119,-0.473,-8,83.51,426.62,79.7,15.967,-6.491,-28.624,1,4,0,5.893,-8,1197.78,0,0,0,90.4,1,0,0,0,0,3,0,0,0,11.5,-7.947,0,0,2,2,0,0,VALID,0,0,0,0,0,1,0,0,0,0,0,0,0,0,0,0,0,0,0,0,229.99,1028.64,2,0,0.08,0.08,5451,10,0.12,0.08,107.3,FLYING,X10-F,0:/Integrated Flight Computer/aircraft/x10_f_cfg.ks (inferred preloaded)
462.62,APPROACH,ILS_TRACK,149.57,149,-0.57,1007.08,-5.63,6.7,11.63,76.93,53.363,0.1171,0,15.274,1,0.6,4.5,0.75,0.35,0.0168,0.4,0,22.574,0,0.576,0,80.82,-8,0,1,-2.11,0.06,1,-8,81.52,0.8689,0.158,-0.4691,-8,80.82,408.73,81.28,15.921,-9.181,-28.26,1,4,0,4.844,-8,1194.6,0,0,0,90.4,1,0,0,0,0,3,0,0,0,11.5,-7.947,0,0,2,2,0,0,VALID,0,0,0,0,0,1,0,0,0,0,0,0,0,0,0,0,0,0,0,0,213.97,1028.85,2,0,0.08,0.08,5454,10,0.12,0.08,107.6,FLYING,X10-F,0:/Integrated Flight Computer/aircraft/x10_f_cfg.ks (inferred preloaded)
462.92,APPROACH,ILS_TRACK,149.44,149,-0.44,1006.09,-6.64,5.84,11.99,78.91,57.335,0.2233,0,15.12,1,0.6,4.5,0.75,0.35,0.0168,0.4,0,22.608,0,0.455,0,78.83,-8,0,1,-2.49,0.06,1,-8,79.18,0.8641,0.1918,-0.4654,-8,78.83,391.51,82.43,15.876,-11.167,-27.303,1,4,0,3.216,-8,1191.39,0,0,0,90.4,1,0,0,0,0,3,0,0,0,11.5,-7.947,0,0,2,2,0,0,VALID,0,0,0,0,0,1,0,0,0,0,0,0,0,0,0,0,0,0,0,0,207.15,1028.39,2,0,0.08,0.08,5457,10,0.12,0.08,107.9,FLYING,X10-F,0:/Integrated Flight Computer/aircraft/x10_f_cfg.ks (inferred preloaded)
463.22,APPROACH,ILS_TRACK,149.23,149,-0.23,1004.35,-7.89,4.28,10.9,79.41,58.408,0.3433,0,15.031,1,0.6,4.5,0.75,0.35,0.0168,0.4,0,22.671,0,0.232,0,78.3,-8,0,1,-2.95,0.06,1,-8,78.44,0.8626,0.2009,-0.4643,-8,78.3,375.09,83.06,15.83,-11.704,-26.087,1,4,0,1.462,-8,1188.18,0,0,0,90.4,1,0,0,0,0,3,0,0,0,11.5,-7.947,0,0,2,2,0,0,VALID,0,0,0,0,0,1,0,0,0,0,0,0,0,0,0,0,0,0,0,0,210.19,1027.59,2,0,0.08,0.08,5460,10,0.12,0.08,108.2,FLYING,X10-F,0:/Integrated Flight Computer/aircraft/x10_f_cfg.ks (inferred preloaded)
463.52,APPROACH,ILS_TRACK,149.28,149,-0.28,1001.97,-9.47,2.48,9.46,79.3,61.085,0.2818,0,14.96,1,0.6,4.5,0.75,0.35,0.0168,0.4,0,22.66,0,0.27,0,76.96,-8,0,1,-3.54,0.06,1,-8,77.4,0.8587,0.2235,-0.4613,-8,76.96,359.37,83.22,15.783,-13.043,-24.977,1,4,0,0.015,-8,1184.95,0,0,0,90.4,1,0,0,0,0,3,0,0,0,11.5,-7.947,0,0,2,2,0,0,VALID,0,0,0,0,0,1,0,0,0,0,0,0,0,0,0,0,0,0,0,0,218.28,1027.96,2,0,0.08,0.08,5463,10,0.12,0.08,108.5,FLYING,X10-F,0:/Integrated Flight Computer/aircraft/x10_f_cfg.ks (inferred preloaded)
463.82,APPROACH,ILS_TRACK,149.5,149,-0.5,996.09,-11.24,0.82,8.29,79.32,62.647,0.1618,0,14.838,1,0.6,4.5,0.75,0.35,0.0168,0.4,0,22.6,0,0.486,0,76.18,-8,0,1,-4.21,0.06,1,-8,76.2,0.8562,0.2366,-0.4593,-8,76.18,344.24,82.93,15.737,-13.824,-23.611,1,4,0,-1.585,-8,1181.7,0,0,0,90.4,1,0,0,0,0,3,0,0,0,11.5,-7.947,0,0,2,2,0,0,VALID,0,0,0,0,0,1,0,0,0,0,0,0,0,0,0,0,0,0,0,0,220.56,1029.09,2,0,0.08,0.08,5466,10,0.12,0.08,108.8,FLYING,X10-F,0:/Integrated Flight Computer/aircraft/x10_f_cfg.ks (inferred preloaded)
464.12,APPROACH,ILS_TRACK,149.82,149,-0.82,989.68,-13.17,-0.94,6.79,78.89,59.95,0.0418,0,14.623,1,0.6,4.5,0.75,0.35,0.0168,0.4,0,22.511,0,0.799,0,77.52,-8,0,1,-4.92,0.06,1,-8,76.95,0.8605,0.2139,-0.4624,-8,77.52,329.7,82.08,15.69,-12.475,-21.825,1,4,0,-3.499,-8,1178.44,0,0,0,90.4,1,0,0,0,0,3,0,0,0,11.5,-7.947,0,0,2,2,0,0,VALID,0,0,0,0,0,1,0,0,0,0,0,0,0,0,0,0,0,0,0,0,212.12,1030.66,2,0,0.08,0.08,5469,10,0.12,0.08,109.1,FLYING,X10-F,0:/Integrated Flight Computer/aircraft/x10_f_cfg.ks (inferred preloaded)
464.42,APPROACH,ILS_TRACK,150.23,149,-1.23,983.03,-15.34,-2.31,5.65,78.47,53.638,0,0,14.405,1,0.6,4.5,0.75,0.35,0.0168,0.4,0,22.397,0,1.203,0,80.68,-8,0,1,-5.72,0.06,1,-8,79.78,0.8688,0.1603,-0.4685,-8,80.68,315.65,80.74,15.643,-9.319,-20.236,1,4,0,-4.984,-8,1175.17,0,0,0,90.4,1,0,0,0,0,3,0,0,0,11.5,-7.947,0,0,2,2,0,0,VALID,0,0,0,0,0,1,0,0,0,0,0,0,0,0,0,0,0,0,0,0,193.44,1032.64,2,0,0.08,0.08,5472,10,0.12,0.08,109.4,FLYING,X10-F,0:/Integrated Flight Computer/aircraft/x10_f_cfg.ks (inferred preloaded)
464.72,APPROACH,ILS_TRACK,150.66,149,-1.66,978.14,-17.4,-2.86,5.33,78.36,49.268,0,0,14.19,1,0.6,4.5,0.75,0.35,0.0168,0.4,0.16,22.276,0.16,1.633,1,82.87,-8,0,1,-6.49,0.06,1,-8,82.52,0.8732,0.123,-0.4716,-8,82.87,301.99,79.01,15.596,-7.134,-18.716,1,4,0,-6.233,-8,1171.88,0,0,0,90.4,1,0,0,0,0,3,0,0,0,11.5,-7.947,0,0,2,2,0,0,VALID,0,0,0,0,0,1,0,0,0,0,0,0,0,0,0,0,0,0,0,0,174.46,1034.79,2,0,0.08,0.08,5475,10,0.12,0.08,109.7,FLYING,X10-F,0:/Integrated Flight Computer/aircraft/x10_f_cfg.ks (inferred preloaded)
465.02,APPROACH,ILS_TRACK,151.08,149,-2.08,972.79,-19.18,-2.86,5.85,78.85,49.615,0,0,13.978,1,0.6,4.5,0.75,0.35,0.0168,0.4,0.665,22.157,0.665,2.055,1,82.69,-8,0,1,-7.15,0.06,1,-8,82.94,0.8729,0.1259,-0.4713,-8,82.69,288.66,76.87,15.549,-7.307,-16.935,1,4,0,-7.659,-8,1168.58,0,0,0,90.4,1,0,0,0,0,3,0,0,0,11.5,-7.947,0,0,2,2,0,0,VALID,0,0,0,0,0,1,0,0,0,0,0,0,0,0,0,0,0,0,0,0,157.34,1036.93,2,0,0.08,0.08,5478,10,0.12,0.08,110,FLYING,X10-F,0:/Integrated Flight Computer/aircraft/x10_f_cfg.ks (inferred preloaded)
465.32,APPROACH,ILS_TRACK,151.44,149,-2.44,964.92,-20.79,-2.63,7.09,80.19,50.768,0,0,13.769,1,0.6,4.5,0.75,0.35,0.0168,0.4,1.097,22.054,1.097,2.42,1,82.12,-8,0,1,-7.74,0.06,1,-8,82.12,0.8719,0.1358,-0.4705,-8,82.12,275.65,74.29,15.502,-7.884,-14.985,1,4,0,-9.129,-8,1165.27,0,0,0,90.4,1,0,0,0,0,3,0,0,0,11.5,-7.947,0,0,2,2,0,0,VALID,0,0,0,0,0,1,0,0,0,0,0,0,0,0,0,0,0,0,0,0,141.87,1038.86,2,0,0.08,0.08,5481,10,0.12,0.08,110.3,FLYING,X10-F,0:/Integrated Flight Computer/aircraft/x10_f_cfg.ks (inferred preloaded)
465.62,APPROACH,ILS_TRACK,151.71,149,-2.71,957.95,-22.38,-2.14,8.86,82.16,48.27,0,0,13.564,1,0.6,4.5,0.75,0.35,0.0168,0.4,1.423,21.976,1.423,2.698,1,83.36,-8,0,1,-8.32,0.06,1,-8,82.87,0.8741,0.1144,-0.472,-8,83.37,263.04,71.32,15.454,-6.635,-13.156,1,4,0,-10.301,-8,1161.95,0,0,0,90.4,1,0,0,0,0,3,0,0,0,11.5,-7.947,0,0,2,2,0,0,VALID,0,0,0,0,0,1,0,0,0,0,0,0,0,0,0,0,0,0,0,0,127.88,1040.45,2,0,0.08,0.08,5484,10,0.12,0.08,110.6,FLYING,X10-F,0:/Integrated Flight Computer/aircraft/x10_f_cfg.ks (inferred preloaded)
465.92,APPROACH,ILS_TRACK,151.85,149,-2.85,950.78,-23.65,-1.04,10.96,84.28,44.778,0,0,13.361,1,0.6,4.5,0.75,0.35,0.0168,0.4,1.595,21.935,1.595,2.845,1,85.11,-8,0,1,-8.8,0.06,1,-8,84.65,0.8766,0.0843,-0.4737,-8,85.11,250.95,68.09,15.407,-4.889,-11.599,1,4,0,-11.033,-8,1158.63,0,0,0,90.4,1,0,0,0,0,3,0,0,0,11.5,-7.947,0,0,2,2,0,0,VALID,0,0,0,0,0,1,0,0,0,0,0,0,0,0,0,0,0,0,0,0,115.21,1041.5,2,0,0.08,0.08,5487,10,0.12,0.08,110.9,FLYING,X10-F,0:/Integrated Flight Computer/aircraft/x10_f_cfg.ks (inferred preloaded)
466.22,APPROACH,ILS_TRACK,151.76,149,-2.76,940.72,-24.28,0.17,12.35,85.79,40.071,0,0,13.162,1,0.6,4.5,0.75,0.35,0.0168,0.4,1.515,21.954,1.515,2.777,1,87.46,-8,0,1,-9.06,0.06,1,-8,86.72,0.8788,0.0438,-0.4753,-8,87.46,239.51,64.59,15.359,-2.536,-9.716,1,4,0,-12.074,-8,1155.3,0,0,0,90.4,1,0,0,0,0,3,0,0,0,11.5,-7.947,0,0,2,2,0,0,VALID,0,0,0,0,0,1,0,0,0,0,0,0,0,0,0,0,0,0,0,0,103.71,1041.62,2,0,0.08,0.08,5490,10,0.12,0.08,111.2,FLYING,X10-F,0:/Integrated Flight Computer/aircraft/x10_f_cfg.ks (inferred preloaded)
466.52,APPROACH,ILS_TRACK,151.56,149,-2.56,931.87,-24.68,0.91,12.76,86.34,33.812,0.0834,0,12.371,1,0.6,4.5,0.75,0.35,0.0168,0.4,0,22.011,0,2.573,0,89.96,-8,0,1,-9.23,0.06,1,-8,89.84,0.8796,0.0007,-0.4758,-8,89.96,228.74,60.8,15.312,-0.041,-7.955,1,4,0,-12.856,-8,1151.96,0,0,0,90.4,1,0,0,0,0,3,0,0,0,11.5,-7.947,0,0,2,2,0,0,VALID,0,0,0,0,0,1,0,0,0,0,0,0,0,0,0,0,0,0,0,0,94.82,1041.25,2,0,0.08,0.08,5493,10,0.12,0.08,111.5,FLYING,X10-F,0:/Integrated Flight Computer/aircraft/x10_f_cfg.ks (inferred preloaded)
466.82,APPROACH,ILS_TRACK,151.37,149,-2.37,921.24,-24.96,1.61,13.17,86.58,30.849,0.1738,0,11.637,1,0.6,4.5,0.75,0.35,0.0168,0.4,0,22.064,0,2.384,0,89.84,-8,0,1,-9.35,0.06,1,-8,89.86,0.8796,0.0027,-0.4757,-8,89.84,218.55,56.89,15.264,-0.159,-6.622,1,4,0,-13.057,-8,1148.62,0,0,0,90.4,1,0,0,0,0,3,0,0,0,11.5,-7.947,0,0,2,2,0,0,VALID,0,0,0,0,0,1,0,0,0,0,0,0,0,0,0,0,0,0,0,0,95.63,1040.93,2,0,0.08,0.08,5496,10,0.12,0.08,111.8,FLYING,X10-F,0:/Integrated Flight Computer/aircraft/x10_f_cfg.ks (inferred preloaded)
467.12,APPROACH,ILS_TRACK,151.13,149,-2.13,911.73,-25.09,2.4,13.87,86.99,32.261,0.2461,0,10.968,1,0.6,4.5,0.75,0.35,0.0168,0.4,0,22.131,0,2.147,0,89.89,-8,0,1,-9.42,0.06,1,-8,89.87,0.8796,0.0019,-0.4756,-8,89.89,208.86,52.96,15.216,-0.111,-5.365,1,4,0,-13.154,-8,1145.29,0,0,0,90.4,1,0,0,0,0,3,0,0,0,11.5,-7.947,0,0,2,2,0,0,VALID,0,0,0,0,0,1,0,0,0,0,0,0,0,0,0,0,0,0,0,0,101.56,1040.41,2,0,0.08,0.08,5499,10,0.12,0.08,112.1,FLYING,X10-F,0:/Integrated Flight Computer/aircraft/x10_f_cfg.ks (inferred preloaded)
467.42,APPROACH,ILS_TRACK,150.84,148.87,-1.97,906.01,-25.07,3.16,14.55,87.66,33.295,0.3073,0,10.369,1,0.6,4.5,0.75,0.35,0.0168,0.4,0,22.211,0,1.992,0,89.92,-8,0,1,-9.44,0.06,1,-8,89.93,0.8797,0.0013,-0.4756,-8,89.92,199.66,48.98,15.168,-0.079,-4.018,1,4,0,-13.346,-8,1141.95,0,0,0,90.4,1,0,0,0,0,3,0,0,0,11.5,-7.947,0,0,2,2,0,0,VALID,0,0,0,0,0,1,0,0,0,0,0,0,0,0,0,0,0,0,0,0,111.47,1039.7,2,0,0.08,0.08,5502,10,0.12,0.08,112.4,FLYING,X10-F,0:/Integrated Flight Computer/aircraft/x10_f_cfg.ks (inferred preloaded)
467.72,APPROACH,ILS_TRACK,150.5,148.39,-2.11,899.44,-24.94,3.35,14.44,88.04,30.75,0.3493,0,9.744,1,0.6,4.5,0.75,0.35,0.0168,0.4,0,22.308,0,2.129,0,89.74,-6.396,0,1,-9.41,0.06,1,-6.78,89.81,0.8661,0.0045,-0.4999,-6.4,89.74,191.05,44.87,15.121,-0.261,-2.396,1,4,0,-13.833,-6.396,1138.62,0,0,0,90.4,1,0,0,0,0,3,0,0,0,11.5,-7.947,0,0,2,2,0,0,VALID,0,0,0,0,0,1,0,0,0,0,0,0,0,0,0,0,0,0,0,0,124.19,1038.74,2,0,0.08,0.08,5505,10,0.12,0.08,112.7,FLYING,X10-F,0:/Integrated Flight Computer/aircraft/x10_f_cfg.ks (inferred preloaded)
468.02,APPROACH,ILS_TRACK,150.26,147.91,-2.35,892.19,-24.93,3.35,14.14,88.06,27.869,0.2924,0,9.061,1,0.6,4.5,0.75,0.35,0.0168,0.4,0,22.377,0,2.363,0,89.48,-5.19,0,1,-9.42,0.06,1,-5.49,89.53,0.8554,0.0091,-0.518,-5.19,89.48,183.01,40.73,15.073,-0.524,-1.19,1,4,0,-13.785,-5.19,1135.28,0,0,0,90.4,1,0,0,0,0,3,0,0,0,11.5,-7.947,0,0,2,2,0,0,VALID,0,0,0,0,0,1,0,0,0,0,0,0,0,0,0,0,0,0,0,0,137.36,1038.22,2,0,0.08,0.08,5508,10,0.12,0.08,113,FLYING,X10-F,0:/Integrated Flight Computer/aircraft/x10_f_cfg.ks (inferred preloaded)
468.32,APPROACH,ILS_TRACK,150.1,147.43,-2.67,884.89,-24.97,3.48,14.05,88.08,27.056,0.1993,0,8.29,1,0.6,4.5,0.75,0.35,0.0168,0.4,0,22.424,0,2.678,0,89.36,-4.035,0,1,-9.44,0.06,1,-4.34,89.4,0.8448,0.0111,-0.535,-4.04,89.36,175.44,36.61,15.025,-0.641,-0.035,1,4,0,-13.685,-4.035,1131.95,0,0,0,90.4,1,0,0,0,0,3,0,0,0,11.5,-7.947,0,0,2,2,0,0,VALID,0,0,0,0,0,1,0,0,0,0,0,0,0,0,0,0,0,0,0,0,145.7,1038.03,2,0,0.08,0.08,5511,10,0.12,0.08,113.3,FLYING,X10-F,0:/Integrated Flight Computer/aircraft/x10_f_cfg.ks (inferred preloaded)
468.68,APPROACH,ILS_TRACK,149.92,146.86,-3.07,877.8,-24.97,3.8,14.09,88.16,23.073,0.1167,0,7.23,1,0.6,4.5,0.75,0.35,0.0168,0.4,0,22.473,0,3.077,0,89.08,-2.686,0,1,-9.46,0.06,1,-3.11,89.15,0.8319,0.0161,-0.5546,-2.69,89.08,166.94,31.71,14.968,-0.923,1.314,1,4,0,-13.536,-2.686,1127.94,0,0,0,90.4,1,0,0,0,0,3,0,0,0,11.5,-7.947,0,0,2,2,0,0,VALID,0,0,0,0,0,1,0,0,0,0,0,0,0,0,0,0,0,0,0,0,148.1,1037.89,2,0,0.12,0.12,5514,8.33,0.12,0.08,113.66,FLYING,X10-F,0:/Integrated Flight Computer/aircraft/x10_f_cfg.ks (inferred preloaded)
469.02,APPROACH,ILS_TRACK,149.75,146.31,-3.44,869.57,-24.91,4.39,14.34,88.09,17.166,0.0538,0,6.098,1,0.6,4.5,0.75,0.35,0.0168,0.4,2.377,22.521,2.377,3.452,1,89.01,-1.583,0,1,-9.45,0.06,1,-1.88,89.03,0.8211,0.0173,-0.5705,-1.58,89.01,159.45,27.18,14.914,-0.99,2.417,1,4,0,-13.213,-1.583,1124.17,0,0,0,90.4,1,0,0,0,0,3,0,0,0,11.5,-7.947,0,0,2,2,0,0,VALID,0,0,0,0,0,1,0,0,0,0,0,0,0,0,0,0,0,0,0,0,142.9,1037.75,2,0,0.1,0.1,5517,8.82,0.12,0.1,114,FLYING,X10-F,0:/Integrated Flight Computer/aircraft/x10_f_cfg.ks (inferred preloaded)
469.36,APPROACH,ILS_TRACK,149.53,145.77,-3.76,863.02,-24.67,5.35,14.96,87.83,13.565,0.03,0,4.849,1,0.6,4.5,0.75,0.35,0.0168,0.4,2.778,22.583,2.778,3.776,1,89.01,-1,0,1,-9.38,0.06,1,-1,89,0.8154,0.0172,-0.5787,-1,89.01,152.38,22.79,14.86,-0.988,3.361,1,4,0,-12.748,-1,1120.39,0,0,0,90.4,1,0,0,0,0,3,0,0,0,11.5,-7.947,0,0,2,2,0,0,VALID,0,0,0,0,0,1,0,0,0,0,0,0,0,0,0,0,0,0,0,0,131.86,1037.37,2,0,0.12,0.12,5520,8.82,0.12,0.1,114.34,FLYING,X10-F,0:/Integrated Flight Computer/aircraft/x10_f_cfg.ks (inferred preloaded)
469.7,APPROACH,ILS_TRACK,149.18,145.22,-3.96,856.74,-24.1,6.44,15.69,87.61,11.92,0.0792,0,3.514,1,0.6,4.5,0.75,0.35,0.0168,0.4,3.043,22.678,3.043,3.983,1,89.04,-1,0,1,-9.22,0.06,1,-1,89.04,0.8154,0.0167,-0.5786,-1,89.04,145.65,18.55,14.806,-0.957,4.315,1,4,0,-12.351,-1,1116.62,0,0,0,90.4,1,0,0,0,0,3,0,0,0,11.5,-7.947,0,0,2,2,0,0,VALID,0,0,0,0,0,1,0,0,0,0,0,0,0,0,0,0,0,0,0,0,121.59,1036.49,2,0,0.1,0.1,5523,8.82,0.12,0.1,114.68,FLYING,X10-F,0:/Integrated Flight Computer/aircraft/x10_f_cfg.ks (inferred preloaded)
469.98,APPROACH,ILS_TRACK,148.77,144.78,-3.99,849.86,-23.33,6.7,15.44,87.26,8.836,0.1743,0,2.39,1,0.6,4.5,0.75,0.35,0.0168,0.4,0,22.793,0,4.024,0,89.05,-1,0,1,-8.94,0.06,1,-1,89.05,0.8155,0.0166,-0.5786,-1,89.05,140.35,15.07,14.762,-0.95,5.483,1,4,0,-12.504,-1,1113.52,0,0,0,90.4,1,0,0,0,0,3,0,0,0,11.5,-7.947,0,0,2,2,0,0,VALID,0,0,0,0,0,1,0,0,0,0,0,0,0,0,0,0,0,0,0,0,119.74,1035.2,2,0,0.08,0.08,5526,10.71,0.1,0.08,114.96,FLYING,X10-F,0:/Integrated Flight Computer/aircraft/x10_f_cfg.ks (inferred preloaded)
470.28,APPROACH,ILS_TRACK,148.4,144.3,-4.1,846.34,-22.78,6.4,14.81,86.7,7.045,0.1706,0,1.165,1,0.6,4.5,0.75,0.35,0.0168,0.4,0,22.9,0,4.123,0,89.12,-1,0,1,-8.75,0.06,1,-1,89.1,0.8155,0.0154,-0.5785,-1,89.12,134.88,11.37,14.714,-0.883,6.338,1,4,0,-12.186,-1,1110.2,0,0,0,90.4,1,0,0,0,0,3,0,0,0,11.5,-7.947,0,0,2,2,0,0,VALID,0,0,0,0,0,1,0,0,0,0,0,0,0,0,0,0,0,0,0,0,123.32,1034.1,2,0,0.08,0.08,5529,10,0.12,0.08,115.26,FLYING,X10-F,0:/Integrated Flight Computer/aircraft/x10_f_cfg.ks (inferred preloaded)
470.58,APPROACH,ILS_TRACK,148.1,143.82,-4.28,842.75,-22.46,6.07,14.33,86.28,8.873,0.1164,0,-0.106,1,0.6,4.5,0.75,0.35,0.0168,0.4,0,22.985,0,4.3,0,89.23,-1,0,1,-8.63,0.06,1,-1,89.2,0.8156,0.0134,-0.5785,-1,89.23,129.54,7.79,14.667,-0.77,7.095,1,4,0,-11.79,-1,1106.89,0,0,0,90.4,1,0,0,0,0,3,0,0,0,11.5,-7.947,0,0,2,2,0,0,VALID,0,0,0,0,0,1,0,0,0,0,0,0,0,0,0,0,0,0,0,0,125.59,1033.3,2,0,0.08,0.08,5532,10,0.12,0.08,115.56,FLYING,X10-F,0:/Integrated Flight Computer/aircraft/x10_f_cfg.ks (inferred preloaded)
470.88,APPROACH,ILS_TRACK,147.84,143.34,-4.51,836.67,-22.25,5.82,14,86.15,9.835,0.053,0,-1.441,1,0.6,4.5,0.75,0.35,0.0168,0.4,3.77,23.057,3.77,4.525,1,89.35,-1,0,1,-8.57,0.06,1,-1,89.31,0.8157,0.0113,-0.5784,-1,89.35,124.32,4.31,14.62,-0.65,7.881,1,4,0,-11.468,-1,1103.59,0,0,0,90.4,1,0,0,0,0,3,0,0,0,11.5,-7.947,0,0,2,2,0,0,VALID,0,0,0,0,0,1,0,0,0,0,0,0,0,0,0,0,0,0,0,0,123.26,1032.68,2,0,0.08,0.08,5535,10,0.12,0.08,115.86,FLYING,X10-F,0:/Integrated Flight Computer/aircraft/x10_f_cfg.ks (inferred preloaded)
471.18,APPROACH,ILS_TRACK,147.61,142.86,-4.76,830.87,-22.18,5.79,13.98,86.32,9.787,0,0,-2.847,1,0.6,4.5,0.75,0.35,0.0168,0.4,4.089,23.123,4.089,4.772,1,89.43,-1,0,1,-8.55,0.06,1,-1,89.41,0.8157,0.01,-0.5784,-1,89.43,119.23,0.94,14.573,-0.575,8.598,1,4,0,-11.1,-1,1100.29,0,0,0,90.4,1,0,0,0,0,3,0,0,0,11.5,-7.947,0,0,2,2,0,0,VALID,0,0,0,0,0,1,0,0,0,0,0,0,0,0,0,0,0,0,0,0,114.85,1032.17,2,0,0.08,0.08,5538,10,0.12,0.08,116.16,FLYING,X10-F,0:/Integrated Flight Computer/aircraft/x10_f_cfg.ks (inferred preloaded)
471.48,APPROACH,ILS_TRACK,147.36,142.38,-4.98,824.91,-22.1,6.13,14.36,86.61,10.096,0,0,-2.805,1,0.6,4.5,0.75,0.35,0.0168,0.4,4.388,23.194,4.388,5,1,89.49,-1,0,1,-8.53,0.06,1,-1,89.49,0.8158,0.0088,-0.5783,-1,89.49,114.3,-2.31,14.526,-0.507,9.243,1,4,0,-10.686,-1,1097,0,0,0,90.4,1,0,0,0,0,3,0,0,0,11.5,-7.947,0,0,2,2,0,0,VALID,0,0,0,0,0,1,0,0,0,0,0,0,0,0,0,0,0,0,0,0,103.38,1031.56,2,0,0.08,0.08,5541,10,0.12,0.08,116.46,FLYING,X10-F,0:/Integrated Flight Computer/aircraft/x10_f_cfg.ks (inferred preloaded)
471.78,APPROACH,ILS_TRACK,147.03,141.9,-5.13,817.64,-21.96,6.85,15.09,86.97,10.255,0.0086,0,-4.339,1,0.6,4.5,0.75,0.35,0.0168,0.4,4.603,23.285,4.603,5.157,1,89.54,-1,0,1,-8.5,0.06,1,-1,89.54,0.8158,0.008,-0.5783,-1,89.54,109.52,-5.43,14.479,-0.457,9.825,1,4,0,-10.244,-1,1093.71,0,0,0,90.4,1,0,0,0,0,3,0,0,0,11.5,-7.947,0,0,2,2,0,0,VALID,0,0,0,0,0,1,0,0,0,0,0,0,0,0,0,0,0,0,0,0,92.96,1030.65,2,0,0.08,0.08,5544,10,0.12,0.08,116.76,FLYING,X10-F,0:/Integrated Flight Computer/aircraft/x10_f_cfg.ks (inferred preloaded)
472.08,APPROACH,ILS_TRACK,146.59,141.42,-5.17,812.45,-21.68,7.83,16.01,87.34,10.029,0.0662,0,-5.898,1,0.6,4.5,0.75,0.35,0.0168,0.4,4.689,23.406,4.689,5.206,1,89.57,-1,0,1,-8.43,0.06,1,-1,89.57,0.8159,0.0075,-0.5782,-1,89.57,104.93,-8.43,14.432,-0.429,10.414,1,4,0,-9.855,-1,1090.43,0,0,0,90.4,1,0,0,0,0,3,0,0,0,11.5,-7.947,0,0,2,2,0,0,VALID,0,0,0,0,0,1,0,0,0,0,0,0,0,0,0,0,0,0,0,0,85.53,1029.28,2,0,0.08,0.08,5547,10,0.12,0.08,117.06,FLYING,X10-F,0:/Integrated Flight Computer/aircraft/x10_f_cfg.ks (inferred preloaded)
472.38,APPROACH,ILS_TRACK,146.01,140.94,-5.07,808.77,-20.93,8.65,16.53,87.48,8.131,0.1564,0,-7.446,1,0.6,4.5,0.75,0.35,0.0168,0.4,0,23.567,0,5.117,0,89.57,-1,0,1,-8.2,0.06,1,-1,89.58,0.8159,0.0075,-0.5781,-1,89.57,100.54,-11.36,14.385,-0.433,11.213,1,4,0,-9.758,-1,1087.16,0,0,0,90.4,1,0,0,0,0,3,0,0,0,11.5,-7.947,0,0,2,2,0,0,VALID,0,0,0,0,0,1,0,0,0,0,0,0,0,0,0,0,0,0,0,0,85.08,1027.32,2,0,0.08,0.08,5550,10,0.12,0.08,117.36,FLYING,X10-F,0:/Integrated Flight Computer/aircraft/x10_f_cfg.ks (inferred preloaded)
472.68,APPROACH,ILS_TRACK,145.34,140.46,-4.88,804.38,-20.14,8.44,15.91,87.21,5.263,0.2489,0,-8.94,1,0.6,4.5,0.75,0.35,0.0168,0.4,0,23.757,0,4.921,0,89.57,-1,0,1,-7.92,0.06,1,-1,89.57,0.816,0.0074,-0.5781,-1,89.57,96.37,-14.33,14.338,-0.426,12.246,1,4,0,-9.933,-1,1083.9,0,0,0,90.4,1,0,0,0,0,3,0,0,0,11.5,-7.947,0,0,2,2,0,0,VALID,0,0,0,0,0,1,0,0,0,0,0,0,0,0,0,0,0,0,0,0,91.14,1024.96,2,0,0.08,0.08,5553,10,0.12,0.08,117.66,FLYING,X10-F,0:/Integrated Flight Computer/aircraft/x10_f_cfg.ks (inferred preloaded)
472.98,APPROACH,ILS_TRACK,144.84,140,-4.84,798.54,-19.72,7.81,15.1,86.81,5.131,0.1831,0,-10.405,1,0.6,4.5,0.75,0.35,0.0168,0.4,0,23.901,0,4.869,0,89.65,-1,0,1,-7.77,0.06,1,-1,89.63,0.816,0.0062,-0.578,-1,89.65,92.32,-17.25,14.292,-0.354,12.873,1,4,0,-9.621,-1,1080.66,0,0,0,90.4,1,0,0,0,0,3,0,0,0,11.5,-7.947,0,0,2,2,0,0,VALID,0,0,0,0,0,1,0,0,0,0,0,0,0,0,0,0,0,0,0,0,99.77,1023.31,2,0,0.08,0.08,5556,10,0.12,0.08,117.96,FLYING,X10-F,0:/Integrated Flight Computer/aircraft/x10_f_cfg.ks (inferred preloaded)
473.28,APPROACH,ILS_TRACK,144.44,140,-4.44,792.31,-19.52,7.15,14.35,86.58,7.574,0.0833,0,-11.782,1,0.6,4.5,0.75,0.35,0.0168,0.4,0,24.014,0,4.466,0,89.74,-1,0,1,-7.7,0.06,1,-1,89.72,0.8161,0.0044,-0.578,-1,89.74,88.36,-20.1,14.246,-0.255,13.555,1,4,0,-9.407,-1,1077.42,0,0,0,90.4,1,0,0,0,0,3,0,0,0,11.5,-7.947,0,0,2,2,0,0,VALID,0,0,0,0,0,1,0,0,0,0,0,0,0,0,0,0,0,0,0,0,103.37,1022.07,2,0,0.08,0.08,5559,10,0.12,0.08,118.26,FLYING,X10-F,0:/Integrated Flight Computer/aircraft/x10_f_cfg.ks (inferred preloaded)
473.58,APPROACH,ILS_TRACK,144.11,140,-4.11,784.45,-19.49,6.54,13.77,86.74,8.082,0,0,-12.659,1,0.6,4.5,0.75,0.35,0.0168,0.4,3.429,24.109,3.429,4.131,1,89.84,-1,0,1,-7.7,0.06,1,-1,89.82,0.8161,0.0028,-0.5779,-1,89.84,84.47,-22.89,14.199,-0.159,14.28,1,4,0,-9.265,-1,1074.19,0,0,0,90.4,1,0,0,0,0,3,0,0,0,11.5,-7.947,0,0,2,2,0,0,VALID,0,0,0,0,0,1,0,0,0,0,0,0,0,0,0,0,0,0,0,0,98.86,1021.1,2,0,0.08,0.08,5562,10,0.12,0.08,118.56,FLYING,X10-F,0:/Integrated Flight Computer/aircraft/x10_f_cfg.ks (inferred preloaded)
473.88,APPROACH,ILS_TRACK,143.83,140,-3.83,777.67,-19.62,6.14,13.51,87.25,7.944,0,0,-12.47,1,0.6,4.5,0.804,0.35,0.0168,0.4,3.065,24.189,3.065,3.844,1,89.91,-1,0,1,-7.75,0.06,1,-1,89.9,0.8161,0.0016,-0.5778,-1,89.91,80.65,-25.64,14.153,-0.093,14.982,1,4,0,-9.111,-1,1070.97,0,0,0,90.4,1,0,0,0,0,3,0,0,0,11.5,-7.947,0,0,2,2,0,0,VALID,0,0,0,0,0,1,0,0,0,0,0,0,0,0,0,0,0,0,0,0,88.99,1020.34,2,0,0.08,0.08,5565,10,0.12,0.08,118.86,FLYING,X10-F,0:/Integrated Flight Computer/aircraft/x10_f_cfg.ks (inferred preloaded)
474.18,APPROACH,ILS_TRACK,143.54,140,-3.54,772.79,-19.81,6.14,13.65,87.61,7.746,0,0,-12.284,1,0.6,4.5,0.847,0.35,0.0168,0.4,2.703,24.269,2.703,3.561,1,89.92,-1,0,1,-7.85,0.06,1,-1,89.93,0.8162,0.0013,-0.5778,-1,89.92,76.99,-28.34,14.107,-0.076,15.617,1,4,0,-8.895,-1,1067.75,0,0,0,90.4,1,0,0,0,0,3,0,0,0,11.5,-7.947,0,0,2,2,0,0,VALID,0,0,0,0,0,1,0,0,0,0,0,0,0,0,0,0,0,0,0,0,80.03,1019.58,2,0,0.08,0.08,5568,10,0.12,0.08,119.16,FLYING,X10-F,0:/Integrated Flight Computer/aircraft/x10_f_cfg.ks (inferred preloaded)
474.48,APPROACH,ILS_TRACK,143.2,140,-3.2,767.09,-19.95,6.6,14.19,87.67,7.454,0,0,-12.101,1,0.6,4.5,0.885,0.35,0.0168,0.4,2.276,24.363,2.276,3.228,1,89.94,-1,0,1,-7.93,0.06,1,-1,89.93,0.8162,0.001,-0.5777,-1,89.94,73.48,-30.96,14.061,-0.055,16.212,1,4,0,-8.654,-1,1064.54,0,0,0,90.4,1,0,0,0,0,3,0,0,0,11.5,-7.947,0,0,2,2,0,0,VALID,0,0,0,0,0,1,0,0,0,0,0,0,0,0,0,0,0,0,0,0,71.96,1018.63,2,0,0.08,0.08,5571,10,0.12,0.08,119.46,FLYING,X10-F,0:/Integrated Flight Computer/aircraft/x10_f_cfg.ks (inferred preloaded)
474.78,APPROACH,ILS_TRACK,142.82,140,-2.82,759.53,-19.96,7.43,15.06,87.78,7.359,0.013,0,-12.208,1,0.6,4.5,0.929,0.35,0.0168,0.4,1.779,24.471,1.779,2.845,1,89.99,-1,0,1,-7.96,0.06,1,-1,89.97,0.8163,0.0002,-0.5777,-1,89.99,70.1,-33.51,14.016,-0.01,16.784,1,4,0,-8.413,-1,1061.35,0,0,0,90.4,1,0,0,0,0,3,0,0,0,11.5,-7.947,0,0,2,2,0,0,VALID,0,0,0,0,0,1,0,0,0,0,0,0,0,0,0,0,0,0,0,0,64.69,1017.48,2,0,0.08,0.08,5574,10,0.12,0.08,119.76,FLYING,X10-F,0:/Integrated Flight Computer/aircraft/x10_f_cfg.ks (inferred preloaded)
475.08,APPROACH,ILS_TRACK,142.33,140,-2.33,754.63,-19.81,8.48,16.1,88.04,7.413,0.1069,0,-12.967,1,0.6,4.5,0.991,0.35,0.0168,0.4,0,24.607,0,2.363,0,90.03,-1,0,1,-7.93,0.06,1,-1,90.02,0.8163,-0.0005,-0.5776,-1,90.03,66.82,-35.99,13.97,0.028,17.361,1,4,0,-8.203,-1,1058.16,0,0,0,90.4,1,0,0,0,0,3,0,0,0,11.5,-7.947,0,0,2,2,0,0,VALID,0,0,0,0,0,1,0,0,0,0,0,0,0,0,0,0,0,0,0,0,61.53,1015.92,2,0,0.08,0.08,5577,10,0.12,0.08,120.06,FLYING,X10-F,0:/Integrated Flight Computer/aircraft/x10_f_cfg.ks (inferred preloaded)
475.38,APPROACH,ILS_TRACK,141.71,140,-1.71,746.95,-19.22,9.33,16.71,88.19,5.944,0.2253,0,-13.558,1,0.6,4.5,0.991,0.35,0.0168,0.4,0,24.777,0,1.76,0,90.02,-1,0,1,-7.76,0.06,1,-1,90.03,0.8164,-0.0003,-0.5775,-1,90.02,63.68,-38.46,13.925,0.016,18.164,1,4,0,-8.283,-1,1054.98,0,0,0,90.4,1,0,0,0,0,3,0,0,0,11.5,-7.947,0,0,2,2,0,0,VALID,0,0,0,0,0,1,0,0,0,0,0,0,0,0,0,0,0,0,0,0,65.99,1013.85,2,0,0.08,0.08,5580,10,0.12,0.08,120.36,FLYING,X10-F,0:/Integrated Flight Computer/aircraft/x10_f_cfg.ks (inferred preloaded)
475.68,APPROACH,ILS_TRACK,141.04,140,-1.04,740.53,-18.63,9.37,16.45,87.97,2.571,0.3453,0,-13.947,1,0.6,4.5,0.991,0.35,0.0168,0.4,0,24.969,0,1.079,0,90.02,-1,0,1,-7.55,0.06,1,-1,90.02,0.8164,-0.0004,-0.5775,-1,90.02,60.7,-40.97,13.879,0.021,18.989,1,4,0,-8.371,-1,1051.82,0,0,0,90.4,1,0,0,0,0,3,0,0,0,11.5,-7.947,0,0,2,2,0,0,VALID,0,0,0,0,0,1,0,0,0,0,0,0,0,0,0,0,0,0,0,0,77.19,1011.51,2,0,0.08,0.08,5583,10,0.12,0.08,120.66,FLYING,X10-F,0:/Integrated Flight Computer/aircraft/x10_f_cfg.ks (inferred preloaded)
475.98,APPROACH,ILS_TRACK,140.48,140,-0.48,733.82,-18.29,9.05,15.95,87.48,-0.51,0.3991,0,-14.153,1,0.6,4.5,0.991,0.35,0.0168,0.4,0,25.129,0,0.509,0,90.07,-1,0,1,-7.43,0.06,1,-1,90.05,0.8165,-0.0013,-0.5774,-1,90.07,57.81,-43.46,13.834,0.072,19.635,1,4,0,-8.247,-1,1048.67,0,0,0,90.4,1,0,0,0,0,3,0,0,0,11.5,-7.947,0,0,2,2,0,0,VALID,0,0,0,0,0,1,0,0,0,0,0,0,0,0,0,0,0,0,0,0,94.44,1009.64,2,0,0.08,0.08,5586,10,0.12,0.08,120.96,FLYING,X10-F,0:/Integrated Flight Computer/aircraft/x10_f_cfg.ks (inferred preloaded)
476.28,APPROACH,ILS_TRACK,140.03,140,-0.03,728.68,-18.15,8.59,15.45,86.94,-0.648,0.3511,0,-14.212,1,0.6,4.5,0.991,0.35,0.0168,0.4,0,25.256,0,0.059,0,90.19,-1,0,1,-7.39,0.06,1,-1,90.15,0.8165,-0.0032,-0.5773,-1,90.19,54.95,-45.92,13.79,0.185,20.304,1,4,0,-8.161,-1,1045.53,0,0,0,90.4,1,0,0,0,0,3,0,0,0,11.5,-7.947,0,0,2,2,0,0,VALID,0,0,0,0,0,1,0,0,0,0,0,0,0,0,0,0,0,0,0,0,111.86,1008.24,2,0,0.08,0.08,5589,10,0.12,0.08,121.26,FLYING,X10-F,0:/Integrated Flight Computer/aircraft/x10_f_cfg.ks (inferred preloaded)
476.58,APPROACH,ILS_TRACK,139.69,140,0.31,724.34,-18.1,8.17,15.03,86.53,-0.661,0.2778,0,-14.158,1,0.6,4.5,0.991,0.35,0.0168,0.4,0,25.353,0,-0.286,0,90.31,-1,0,1,-7.38,0.06,1,-1,90.28,0.8165,-0.0054,-0.5773,-1,90.31,52.08,-48.35,13.745,0.31,20.967,1,4,0,-8.079,-1,1042.4,0,0,0,90.4,1,0,0,0,0,3,0,0,0,11.5,-7.947,0,0,2,2,0,0,VALID,0,0,0,0,0,1,0,0,0,0,0,0,0,0,0,0,0,0,0,0,124.95,1007.26,2,0,0.08,0.08,5592,10,0.12,0.08,121.56,FLYING,X10-F,0:/Integrated Flight Computer/aircraft/x10_f_cfg.ks (inferred preloaded)
476.88,APPROACH,ILS_TRACK,139.43,140,0.57,719.95,-18.11,7.76,14.64,86.14,-2.204,0.2046,0,-14.017,1,0.6,4.5,0.991,0.35,0.0168,0.4,0,25.428,0,-0.552,0,90.43,-1,0,1,-7.4,0.06,1,-1,90.4,0.8166,-0.0076,-0.5772,-1,90.43,49.21,-50.77,13.7,0.434,21.699,1,4,0,-8.085,-1,1039.27,0,0,0,90.4,1,0,0,0,0,3,0,0,0,11.5,-7.947,0,0,2,2,0,0,VALID,0,0,0,0,0,1,0,0,0,0,0,0,0,0,0,0,0,0,0,0,132.99,1006.6,2,0,0.08,0.08,5595,10,0.12,0.08,121.86,FLYING,X10-F,0:/Integrated Flight Computer/aircraft/x10_f_cfg.ks (inferred preloaded)
477.18,APPROACH,ILS_TRACK,139.23,140,0.77,715.64,-18.21,7.39,14.33,85.83,-1.754,0.1405,0,-13.809,1,0.6,4.5,0.991,0.35,0.0168,0.4,0,25.486,0,-0.757,0,90.58,-1,0,1,-7.44,0.06,1,-1,90.54,0.8166,-0.0102,-0.5771,-1,90.58,46.31,-53.2,13.655,0.583,22.454,1,4,0,-8.117,-1,1036.15,0,0,0,90.4,1,0,0,0,0,3,0,0,0,11.5,-7.947,0,0,2,2,0,0,VALID,0,0,0,0,0,1,0,0,0,0,0,0,0,0,0,0,0,0,0,0,136.33,1006.17,2,0,0.08,0.08,5598,10,0.12,0.08,122.16,FLYING,X10-F,0:/Integrated Flight Computer/aircraft/x10_f_cfg.ks (inferred preloaded)
477.48,APPROACH,ILS_TRACK,139.05,140,0.95,710.72,-18.39,7.17,14.19,85.83,0.419,0.103,0,-13.546,1,0.6,4.5,0.991,0.35,0.0168,0.4,0,25.537,0,-0.936,0,90.74,-1,0,1,-7.52,0.06,1,-1,90.71,0.8166,-0.013,-0.5771,-1,90.74,43.35,-55.64,13.611,0.744,23.196,1,4,0,-8.13,-1,1033.04,0,0,0,90.4,1,0,0,0,0,3,0,0,0,11.5,-7.947,0,0,2,2,0,0,VALID,0,0,0,0,0,1,0,0,0,0,0,0,0,0,0,0,0,0,0,0,135.72,1005.85,2,0,0.08,0.08,5601,10,0.12,0.08,122.46,FLYING,X10-F,0:/Integrated Flight Computer/aircraft/x10_f_cfg.ks (inferred preloaded)
477.78,APPROACH,ILS_TRACK,138.89,140,1.11,705.69,-18.58,7.12,14.24,86.17,1.209,0.0814,0,-13.231,1,0.6,4.5,0.991,0.35,0.0168,0.4,0,25.582,0,-1.099,0,90.88,-1,0,1,-7.61,0.06,1,-1,90.86,0.8166,-0.0155,-0.577,-1,90.88,40.35,-58.09,13.566,0.885,23.947,1,4,0,-8.152,-1,1029.93,0,0,0,90.4,1,0,0,0,0,3,0,0,0,11.5,-7.947,0,0,2,2,0,0,VALID,0,0,0,0,0,1,0,0,0,0,0,0,0,0,0,0,0,0,0,0,132.07,1005.6,2,0,0.08,0.08,5604,10,0.12,0.08,122.76,FLYING,X10-F,0:/Integrated Flight Computer/aircraft/x10_f_cfg.ks (inferred preloaded)
478.08,APPROACH,ILS_TRACK,138.73,140,1.27,700.23,-18.54,7.11,14.22,86.42,0.879,0.08,0,-12.871,1,0.6,4.5,0.964,0.35,0.0168,0.4,0,25.627,0,-1.257,0,90.97,-1,0,1,-7.61,0.06,1,-1,90.95,0.8166,-0.0169,-0.5769,-1,90.97,37.38,-60.55,13.522,0.969,24.791,1,4,0,-8.281,-1,1026.83,0,0,0,90.4,1,0,0,0,0,3,0,0,0,11.5,-7.947,0,0,2,2,0,0,VALID,0,0,0,0,0,1,0,0,0,0,0,0,0,0,0,0,0,0,0,0,126.83,1005.36,2,0,0.08,0.08,5607,10,0.12,0.08,123.06,FLYING,X10-F,0:/Integrated Flight Computer/aircraft/x10_f_cfg.ks (inferred preloaded)
478.38,APPROACH,ILS_TRACK,138.54,140,1.46,693.54,-18.59,7.06,14.2,86.36,-2.104,0.1096,0,-12.455,1,0.6,4.5,0.952,0.35,0.0168,0.4,0,25.681,0,-1.449,0,91.04,-1,0,1,-7.64,0.06,1,-1,91.02,0.8167,-0.0182,-0.5768,-1,91.04,34.46,-63.03,13.478,1.04,25.504,1,4,0,-8.243,-1,1023.73,0,0,0,90.4,1,0,0,0,0,3,0,0,0,11.5,-7.947,0,0,2,2,0,0,VALID,0,0,0,0,0,1,0,0,0,0,0,0,0,0,0,0,0,0,0,0,122.83,1004.99,2,0,0.08,0.08,5610,10,0.12,0.08,123.36,FLYING,X10-F,0:/Integrated Flight Computer/aircraft/x10_f_cfg.ks (inferred preloaded)
478.68,APPROACH,ILS_TRACK,138.34,140,1.66,685.7,-18.64,7.13,14.29,85.89,-5.253,0.1357,0,-11.981,1,0.6,4.5,0.952,0.35,0.0168,0.4,0,25.736,0,-1.645,0,91.14,-1,0,1,-7.67,0.06,1,-1,91.11,0.8167,-0.0199,-0.5768,-1,91.14,31.58,-65.51,13.434,1.141,26.265,1,4,0,-8.266,-1,1020.64,0,0,0,90.4,1,0,0,0,0,3,0,0,0,11.5,-7.947,0,0,2,2,0,0,VALID,0,0,0,0,0,1,0,0,0,0,0,0,0,0,0,0,0,0,0,0,122.31,1004.62,2,0,0.08,0.08,5613,10,0.12,0.08,123.66,FLYING,X10-F,0:/Integrated Flight Computer/aircraft/x10_f_cfg.ks (inferred preloaded)
478.98,APPROACH,ILS_TRACK,138.17,140,1.83,679.81,-18.7,7.18,14.41,85.25,-6.793,0.1488,0,-11.451,1,0.6,4.5,0.952,0.35,0.0168,0.4,0,25.786,0,-1.822,0,91.31,-1,0,1,-7.7,0.06,1,-1,91.26,0.8167,-0.0229,-0.5767,-1,91.31,28.65,-68,13.389,1.312,27.072,1,4,0,-8.339,-1,1017.55,0,0,0,90.4,1,0,0,0,0,3,0,0,0,11.5,-7.947,0,0,2,2,0,0,VALID,0,0,0,0,0,1,0,0,0,0,0,0,0,0,0,0,0,0,0,0,123.31,1004.33,2,0,0.08,0.08,5616,10,0.12,0.08,123.96,FLYING,X10-F,0:/Integrated Flight Computer/aircraft/x10_f_cfg.ks (inferred preloaded)
479.28,APPROACH,ILS_TRACK,137.99,140,2.01,674.28,-18.73,7.23,14.53,84.64,-7.19,0.165,0,-10.87,1,0.6,4.5,0.952,0.35,0.0168,0.4,0,25.835,0,-1.995,0,91.52,-1,0,1,-7.73,0.06,1,-1,91.46,0.8166,-0.0265,-0.5766,-1,91.52,25.64,-70.52,13.345,1.515,27.898,1,4,0,-8.428,-1,1014.47,0,0,0,90.4,1,0,0,0,0,3,0,0,0,11.5,-7.947,0,0,2,2,0,0,VALID,0,0,0,0,0,1,0,0,0,0,0,0,0,0,0,0,0,0,0,0,125.06,1004.05,2,0,0.08,0.08,5619,10,0.12,0.08,124.26,FLYING,X10-F,0:/Integrated Flight Computer/aircraft/x10_f_cfg.ks (inferred preloaded)
479.58,APPROACH,ILS_TRACK,137.81,140,2.19,668.32,-18.72,7.21,14.55,84.12,-8.386,0.1895,0,-10.236,1,0.6,4.5,0.952,0.35,0.0168,0.4,0,25.886,0,-2.175,0,91.73,-1,0,1,-7.73,0.06,1,-1,91.68,0.8166,-0.0302,-0.5764,-1,91.73,22.52,-73.07,13.301,1.731,28.754,1,4,0,-8.543,-1,1011.39,0,0,0,90.4,1,0,0,0,0,3,0,0,0,11.5,-7.947,0,0,2,2,0,0,VALID,0,0,0,0,0,1,0,0,0,0,0,0,0,0,0,0,0,0,0,0,127.75,1003.74,2,0,0.08,0.08,5622,10,0.12,0.08,124.56,FLYING,X10-F,0:/Integrated Flight Computer/aircraft/x10_f_cfg.ks (inferred preloaded)
479.88,APPROACH,ILS_TRACK,137.64,140,2.36,662.09,-18.73,7.13,14.54,83.54,-10.375,0.2087,0,-9.548,1,0.6,4.5,0.952,0.35,0.0168,0.4,0,25.935,0,-2.348,0,91.96,-1,0,1,-7.75,0.06,1,-1,91.88,0.8165,-0.0342,-0.5763,-1,91.96,19.29,-75.64,13.257,1.961,29.554,1,4,0,-8.579,-1,1008.32,0,0,0,90.4,1,0,0,0,0,3,0,0,0,11.5,-7.947,0,0,2,2,0,0,VALID,0,0,0,0,0,1,0,0,0,0,0,0,0,0,0,0,0,0,0,0,131.72,1003.47,2,0,0.08,0.08,5625,10,0.12,0.08,124.86,FLYING,X10-F,0:/Integrated Flight Computer/aircraft/x10_f_cfg.ks (inferred preloaded)
480.18,APPROACH,ILS_TRACK,137.48,140,2.52,657.3,-18.79,6.98,14.48,83.02,-10.181,0.2224,0,-8.811,1,0.6,4.5,0.952,0.35,0.0168,0.4,0,25.979,0,-2.508,0,92.23,-1,0,1,-7.78,0.06,1,-1,92.15,0.8164,-0.0389,-0.5761,-1,92.23,15.91,-78.24,13.214,2.226,30.418,1,4,0,-8.684,-1,1005.25,0,0,0,90.4,1,0,0,0,0,3,0,0,0,11.5,-7.947,0,0,2,2,0,0,VALID,0,0,0,0,0,1,0,0,0,0,0,0,0,0,0,0,0,0,0,0,136.47,1003.25,2,0,0.08,0.08,5628,10,0.12,0.08,125.16,FLYING,X10-F,0:/Integrated Flight Computer/aircraft/x10_f_cfg.ks (inferred preloaded)
480.48,APPROACH,ILS_TRACK,137.33,140,2.67,652.64,-18.89,6.92,14.45,82.8,-7.961,0.2373,0,-8.027,1,0.6,4.5,0.952,0.35,0.0168,0.4,0,26.022,0,-2.66,0,92.53,-1,0,1,-7.83,0.06,1,-1,92.44,0.8163,-0.0441,-0.576,-1,92.53,12.36,-80.84,13.17,2.526,31.236,1,4,0,-8.728,-1,1002.19,0,0,0,90.4,1,0,0,0,0,3,0,0,0,11.5,-7.947,0,0,2,2,0,0,VALID,0,0,0,0,0,1,0,0,0,0,0,0,0,0,0,0,0,0,0,0,141.78,1003.06,2,0,0.08,0.08,5631,10,0.12,0.08,125.46,FLYING,X10-F,0:/Integrated Flight Computer/aircraft/x10_f_cfg.ks (inferred preloaded)
480.78,APPROACH,ILS_TRACK,137.2,140,2.8,649.56,-19,6.89,14.42,82.98,-5.832,0.2455,0,-7.202,1,0.6,4.5,0.952,0.35,0.0168,0.4,0,26.06,0,-2.795,0,92.8,-1,0,1,-7.88,0.06,1,-1,92.73,0.8162,-0.0489,-0.5758,-1,92.8,8.63,-83.48,13.126,2.8,32.072,1,4,0,-8.786,-1,999.13,0,0,0,90.4,1,0,0,0,0,3,0,0,0,11.5,-7.947,0,0,2,2,0,0,VALID,0,0,0,0,0,1,0,0,0,0,0,0,0,0,0,0,0,0,0,0,147.56,1002.95,2,0,0.08,0.08,5634,10,0.12,0.08,125.76,FLYING,X10-F,0:/Integrated Flight Computer/aircraft/x10_f_cfg.ks (inferred preloaded)
481.08,APPROACH,ILS_TRACK,137.1,140,2.9,647.01,-19.15,6.98,14.5,83.4,-2.162,0.238,0,-6.342,1,0.6,4.5,0.952,0.35,0.0168,0.4,0,26.089,0,-2.895,0,93.03,-1,0,1,-7.94,0.06,1,-1,92.97,0.816,-0.0528,-0.5756,-1,93.03,4.8,-86.12,13.082,3.026,32.87,1,4,0,-8.794,-1,996.08,0,0,0,90.4,1,0,0,0,0,3,0,0,0,11.5,-7.947,0,0,2,2,0,0,VALID,0,0,0,0,0,1,0,0,0,0,0,0,0,0,0,0,0,0,0,0,153.33,1002.98,2,0,0.08,0.08,5637,10,0.12,0.08,126.06,FLYING,X10-F,0:/Integrated Flight Computer/aircraft/x10_f_cfg.ks (inferred preloaded)
481.38,APPROACH,ILS_TRACK,137.02,140,2.98,644.98,-19.28,7.29,14.82,83.97,1.028,0.2321,0,-5.458,1,0.6,4.5,0.952,0.35,0.0168,0.4,0,26.11,0,-2.971,0,93.22,-1,0,1,-8,0.06,1,-1,93.17,0.8159,-0.0561,-0.5754,-1,93.22,0.9,-88.74,13.039,3.215,33.61,1,4,0,-8.735,-1,993.03,0,0,0,90.4,1,0,0,0,0,3,0,0,0,11.5,-7.947,0,0,2,2,0,0,VALID,0,0,0,0,0,1,0,0,0,0,0,0,0,0,0,0,0,0,0,0,158.26,1003.11,2,0,0.08,0.08,5640,10,0.12,0.08,126.36,FLYING,X10-F,0:/Integrated Flight Computer/aircraft/x10_f_cfg.ks (inferred preloaded)
481.68,APPROACH,ILS_TRACK,136.93,140,3.07,644.18,-19.22,7.71,15.22,84.6,2.415,0.2516,0,-4.549,1,0.6,4.5,0.952,0.35,0.0168,0.4,0,26.136,0,-3.063,0,93.36,-1,0,1,-8,0.06,1,-1,93.33,0.8158,-0.0587,-0.5753,-1,93.36,-3,-91.36,12.995,3.363,34.434,1,4,0,-8.782,-1,989.99,0,0,0,90.4,1,0,0,0,0,3,0,0,0,11.5,-7.947,0,0,2,2,0,0,VALID,0,0,0,0,0,1,0,0,0,0,0,0,0,0,0,0,0,0,0,0,162.84,1003.17,2,0,0.08,0.08,5643,10,0.12,0.08,126.66,FLYING,X10-F,0:/Integrated Flight Computer/aircraft/x10_f_cfg.ks (inferred preloaded)
481.98,APPROACH,ILS_TRACK,136.79,140,3.21,641.35,-19.04,7.85,15.29,85.05,0.281,0.2981,0,-3.603,1,0.6,4.5,0.952,0.35,0.0168,0.4,0,26.174,0,-3.197,0,93.47,-1,0,1,-7.93,0.06,1,-1,93.45,0.8158,-0.0606,-0.5752,-1,93.47,-6.86,-94.03,12.952,3.474,35.345,1,4,0,-8.921,-1,986.95,0,0,0,90.4,1,0,0,0,0,3,0,0,0,11.5,-7.947,0,0,2,2,0,0,VALID,0,0,0,0,0,1,0,0,0,0,0,0,0,0,0,0,0,0,0,0,168.77,1003.06,2,0,0.08,0.08,5646,10,0.12,0.08,126.96,FLYING,X10-F,0:/Integrated Flight Computer/aircraft/x10_f_cfg.ks (inferred preloaded)
482.28,APPROACH,ILS_TRACK,136.68,140,3.32,635.99,-18.96,7.81,15.22,85.2,-1.914,0.321,0,-2.62,1,0.6,4.5,0.952,0.35,0.0168,0.4,0,26.206,0,-3.312,0,93.59,-1,0,1,-7.9,0.06,1,-1,93.55,0.8157,-0.0626,-0.575,-1,93.59,-10.66,-96.7,12.908,3.589,36.117,1,4,0,-8.884,-1,983.91,0,0,0,90.4,1,0,0,0,0,3,0,0,0,11.5,-7.947,0,0,2,2,0,0,VALID,0,0,0,0,0,1,0,0,0,0,0,0,0,0,0,0,0,0,0,0,176.76,1003.04,2,0,0.08,0.08,5649,10,0.12,0.08,127.26,FLYING,X10-F,0:/Integrated Flight Computer/aircraft/x10_f_cfg.ks (inferred preloaded)
482.58,APPROACH,ILS_TRACK,136.58,140,3.42,631.48,-18.96,7.77,15.19,84.95,-0.333,0.3342,0,-1.606,1,0.6,4.5,0.952,0.35,0.0168,0.4,0,26.234,0,-3.411,0,93.71,-1,0,1,-7.9,0.06,1,-1,93.67,0.8157,-0.0647,-0.5749,-1,93.71,-14.43,-99.36,12.865,3.709,36.923,1,4,0,-8.892,-1,980.87,0,0,0,90.4,1,0,0,0,0,3,0,0,0,11.5,-7.947,0,0,2,2,0,0,VALID,0,0,0,0,0,1,0,0,0,0,0,0,0,0,0,0,0,0,0,0,185.54,1003.08,2,0,0.08,0.08,5652,10,0.12,0.08,127.56,FLYING,X10-F,0:/Integrated Flight Computer/aircraft/x10_f_cfg.ks (inferred preloaded)
482.88,APPROACH,ILS_TRACK,136.54,140,3.46,626.31,-18.98,7.71,15.09,84.76,3.688,0.3208,0,-0.572,1,0.6,4.5,0.952,0.35,0.0168,0.4,0,26.248,0,-3.459,0,93.88,-1,0,1,-7.91,0.06,1,-1,93.83,0.8155,-0.0676,-0.5747,-1,93.88,-18.2,-102.04,12.822,3.879,37.751,1,4,0,-8.924,-1,977.84,0,0,0,90.4,1,0,0,0,0,3,0,0,0,11.5,-7.947,0,0,2,2,0,0,VALID,0,0,0,0,0,1,0,0,0,0,0,0,0,0,0,0,0,0,0,0,194.21,1003.32,2,0,0.08,0.08,5655,10,0.12,0.08,127.86,FLYING,X10-F,0:/Integrated Flight Computer/aircraft/x10_f_cfg.ks (inferred preloaded)
483.18,APPROACH,ILS_TRACK,136.51,140,3.49,621.15,-18.96,7.6,14.94,84.95,5.804,0.3105,0,0.471,1,0.6,4.5,0.952,0.35,0.0168,0.4,0,26.255,0,-3.484,0,94.04,-1,0,1,-7.91,0.06,1,-1,94,0.8154,-0.0704,-0.5746,-1,94.04,-21.99,-104.73,12.778,4.038,38.652,1,4,0,-9.041,-1,974.81,0,0,0,90.4,1,0,0,0,0,3,0,0,0,11.5,-7.947,0,0,2,2,0,0,VALID,0,0,0,0,0,1,0,0,0,0,0,0,0,0,0,0,0,0,0,0,201.61,1003.64,2,0,0.08,0.08,5658,10,0.12,0.08,128.16,FLYING,X10-F,0:/Integrated Flight Computer/aircraft/x10_f_cfg.ks (inferred preloaded)
483.48,APPROACH,ILS_TRACK,136.52,140,3.48,616.42,-18.96,7.3,14.67,85.6,7.364,0.2931,0,1.517,1,0.6,4.5,0.952,0.35,0.0168,0.4,0,26.254,0,-3.481,0,94.17,-1,0,1,-7.9,0.06,1,-1,94.14,0.8153,-0.0727,-0.5744,-1,94.17,-25.76,-107.47,12.735,4.168,39.567,1,4,0,-9.156,-1,971.78,0,0,0,90.4,1,0,0,0,0,3,0,0,0,11.5,-7.947,0,0,2,2,0,0,VALID,0,0,0,0,0,1,0,0,0,0,0,0,0,0,0,0,0,0,0,0,208.06,1004.09,2,0,0.08,0.08,5661,10,0.12,0.08,128.46,FLYING,X10-F,0:/Integrated Flight Computer/aircraft/x10_f_cfg.ks (inferred preloaded)
483.78,APPROACH,ILS_TRACK,136.6,140,3.4,611.54,-19.11,7.04,14.55,86.28,6.864,0.2463,0,2.547,1,0.6,4.5,0.952,0.35,0.0168,0.4,0,26.232,0,-3.403,0,94.22,-1,0,1,-7.95,0.06,1,-1,94.21,0.8153,-0.0736,-0.5743,-1,94.22,-29.46,-110.22,12.691,4.222,40.374,1,4,0,-9.136,-1,968.75,0,0,0,90.4,1,0,0,0,0,3,0,0,0,11.5,-7.947,0,0,2,2,0,0,VALID,0,0,0,0,0,1,0,0,0,0,0,0,0,0,0,0,0,0,0,0,212.65,1004.83,2,0,0.08,0.08,5664,10,0.12,0.08,128.76,FLYING,X10-F,0:/Integrated Flight Computer/aircraft/x10_f_cfg.ks (inferred preloaded)
484.08,APPROACH,ILS_TRACK,136.71,140,3.29,608.53,-19.15,6.98,14.55,86.82,6.104,0.2156,0,3.547,1,0.6,4.5,0.952,0.35,0.0168,0.4,0,26.203,0,-3.3,0,94.27,-1,0,1,-7.98,0.06,1,-1,94.26,0.8153,-0.0744,-0.5742,-1,94.27,-33.03,-112.95,12.648,4.267,41.208,1,4,0,-9.153,-1,965.71,0,0,0,90.4,1,0,0,0,0,3,0,0,0,11.5,-7.947,0,0,2,2,0,0,VALID,0,0,0,0,0,1,0,0,0,0,0,0,0,0,0,0,0,0,0,0,214.33,1005.66,2,0,0.08,0.08,5667,10,0.12,0.08,129.06,FLYING,X10-F,0:/Integrated Flight Computer/aircraft/x10_f_cfg.ks (inferred preloaded)
484.38,APPROACH,ILS_TRACK,136.79,140,3.21,604.62,-19.2,6.84,14.41,86.94,3.294,0.2171,0,4.521,1,0.6,4.5,0.952,0.35,0.0168,0.4,0,26.18,0,-3.22,0,94.28,-1,0,1,-7.99,0.06,1,-1,94.28,0.8153,-0.0747,-0.5741,-1,94.28,-36.47,-115.71,12.605,4.283,42.041,1,4,0,-9.162,-1,962.68,0,0,0,90.4,1,0,0,0,0,3,0,0,0,11.5,-7.947,0,0,2,2,0,0,VALID,0,0,0,0,0,1,0,0,0,0,0,0,0,0,0,0,0,0,0,0,214.68,1006.4,2,0,0.08,0.08,5670,10,0.12,0.08,129.36,FLYING,X10-F,0:/Integrated Flight Computer/aircraft/x10_f_cfg.ks (inferred preloaded)
484.68,APPROACH,ILS_TRACK,136.87,140,3.13,600.01,-19.27,6.86,14.38,86.57,-1.476,0.2202,0,5.47,1,0.6,4.5,0.952,0.35,0.0168,0.4,0,26.157,0,-3.137,0,94.33,-1,0,1,-8.02,0.06,1,-1,94.31,0.8153,-0.0756,-0.574,-1,94.33,-39.79,-118.44,12.561,4.333,42.801,1,4,0,-9.087,-1,959.64,0,0,0,90.4,1,0,0,0,0,3,0,0,0,11.5,-7.947,0,0,2,2,0,0,VALID,0,0,0,0,0,1,0,0,0,0,0,0,0,0,0,0,0,0,0,0,215.16,1007.16,2,0,0.08,0.08,5673,10,0.12,0.08,129.66,FLYING,X10-F,0:/Integrated Flight Computer/aircraft/x10_f_cfg.ks (inferred preloaded)
484.98,APPROACH,ILS_TRACK,136.96,140,3.04,597.22,-19.3,6.88,14.3,85.78,-7.426,0.2193,0,6.393,1,0.6,4.5,0.952,0.35,0.0168,0.4,0,26.131,0,-3.044,0,94.46,-1,0,1,-8.02,0.06,1,-1,94.41,0.8152,-0.0778,-0.5739,-1,94.46,-43.07,-121.18,12.518,4.462,43.651,1,4,0,-9.123,-1,956.61,0,0,0,90.4,1,0,0,0,0,3,0,0,0,11.5,-7.947,0,0,2,2,0,0,VALID,0,0,0,0,0,1,0,0,0,0,0,0,0,0,0,0,0,0,0,0,215.8,1007.96,2,0,0.08,0.08,5676,10,0.12,0.08,129.96,FLYING,X10-F,0:/Integrated Flight Computer/aircraft/x10_f_cfg.ks (inferred preloaded)
485.28,APPROACH,ILS_TRACK,137.08,140,2.92,594.9,-19.34,6.93,14.39,84.77,-11.077,0.207,0,7.282,1,0.6,4.5,0.952,0.35,0.0168,0.4,0,26.097,0,-2.923,0,94.67,-1,0,1,-8.03,0.06,1,-1,94.6,0.815,-0.0814,-0.5737,-1,94.67,-46.4,-123.92,12.474,4.667,44.512,1,4,0,-9.17,-1,953.57,0,0,0,90.4,1,0,0,0,0,3,0,0,0,11.5,-7.947,0,0,2,2,0,0,VALID,0,0,0,0,0,1,0,0,0,0,0,0,0,0,0,0,0,0,0,0,216.02,1008.87,2,0,0.08,0.08,5679,10,0.12,0.08,130.26,FLYING,X10-F,0:/Integrated Flight Computer/aircraft/x10_f_cfg.ks (inferred preloaded)
485.58,APPROACH,ILS_TRACK,137.2,140,2.8,588.57,-19.37,6.9,14.5,83.83,-10.967,0.205,0,8.136,1,0.6,4.5,0.952,0.35,0.0168,0.4,0,26.064,0,-2.807,0,94.95,-1,0,1,-8.03,0.06,1,-1,94.86,0.8147,-0.0863,-0.5734,-1,94.95,-49.88,-126.69,12.431,4.951,45.419,1,4,0,-9.265,-1,950.53,0,0,0,90.4,1,0,0,0,0,3,0,0,0,11.5,-7.947,0,0,2,2,0,0,VALID,0,0,0,0,0,1,0,0,0,0,0,0,0,0,0,0,0,0,0,0,215.47,1009.77,2,0,0.08,0.08,5682,10,0.12,0.08,130.56,FLYING,X10-F,0:/Integrated Flight Computer/aircraft/x10_f_cfg.ks (inferred preloaded)
485.88,APPROACH,ILS_TRACK,137.29,140,2.71,582.17,-19.41,6.91,14.64,83.14,-7.524,0.2236,0,8.958,1,0.6,4.5,0.952,0.35,0.0168,0.4,0,26.037,0,-2.713,0,95.24,-1,0,1,-8.05,0.06,1,-1,95.16,0.8144,-0.0914,-0.573,-1,95.24,-53.54,-129.47,12.388,5.245,46.223,1,4,0,-9.229,-1,947.49,0,0,0,90.4,1,0,0,0,0,3,0,0,0,11.5,-7.947,0,0,2,2,0,0,VALID,0,0,0,0,0,1,0,0,0,0,0,0,0,0,0,0,0,0,0,0,215.12,1010.56,2,0,0.08,0.08,5685,10,0.12,0.08,130.86,FLYING,X10-F,0:/Integrated Flight Computer/aircraft/x10_f_cfg.ks (inferred preloaded)
486.18,APPROACH,ILS_TRACK,137.36,140,2.64,577.58,-19.39,7.02,14.69,82.81,-2.662,0.2481,0,9.757,1,0.6,4.5,0.952,0.35,0.0168,0.4,0,26.017,0,-2.641,0,95.52,-1,0,1,-8.04,0.06,1,-1,95.44,0.8141,-0.0962,-0.5727,-1,95.52,-57.35,-132.22,12.344,5.523,46.991,1,4,0,-9.157,-1,944.45,0,0,0,90.4,1,0,0,0,0,3,0,0,0,11.5,-7.947,0,0,2,2,0,0,VALID,0,0,0,0,0,1,0,0,0,0,0,0,0,0,0,0,0,0,0,0,216.28,1011.28,2,0,0.08,0.08,5688,10,0.12,0.08,131.16,FLYING,X10-F,0:/Integrated Flight Computer/aircraft/x10_f_cfg.ks (inferred preloaded)
486.48,APPROACH,ILS_TRACK,137.41,140,2.59,572.46,-19.33,7.14,14.77,82.96,-1.917,0.2803,0,10.539,1,0.6,4.5,0.952,0.35,0.0168,0.4,0,26.003,0,-2.592,0,95.78,-1,0,1,-8.01,0.06,1,-1,95.7,0.8138,-0.1007,-0.5724,-1,95.78,-61.3,-134.96,12.301,5.779,47.767,1,4,0,-9.1,-1,941.41,0,0,0,90.4,1,0,0,0,0,3,0,0,0,11.5,-7.947,0,0,2,2,0,0,VALID,0,0,0,0,0,1,0,0,0,0,0,0,0,0,0,0,0,0,0,0,218.87,1011.91,2,0,0.08,0.08,5691,10,0.12,0.08,131.46,FLYING,X10-F,0:/Integrated Flight Computer/aircraft/x10_f_cfg.ks (inferred preloaded)
486.78,APPROACH,ILS_TRACK,137.48,140,2.52,564.49,-19.26,7.27,14.86,83.38,-5.423,0.2894,0,11.305,1,0.6,4.5,0.952,0.35,0.0168,0.4,0,25.986,0,-2.531,0,95.99,-1,0,1,-7.98,0.06,1,-1,95.93,0.8135,-0.1043,-0.5721,-1,95.99,-65.34,-137.67,12.257,5.99,48.527,1,4,0,-9.031,-1,938.38,0,0,0,90.4,1,0,0,0,0,3,0,0,0,11.5,-7.947,0,0,2,2,0,0,VALID,0,0,0,0,0,1,0,0,0,0,0,0,0,0,0,0,0,0,0,0,223.09,1012.6,2,0,0.08,0.08,5694,10,0.12,0.08,131.76,FLYING,X10-F,0:/Integrated Flight Computer/aircraft/x10_f_cfg.ks (inferred preloaded)
487.08,APPROACH,ILS_TRACK,137.55,140,2.45,559,-19.15,7.35,14.87,83.53,-7.159,0.2908,0,12.048,1,0.6,4.5,0.952,0.35,0.0168,0.4,0,25.964,0,-2.452,0,96.18,-1,0,1,-7.93,0.06,1,-1,96.13,0.8133,-0.1077,-0.5718,-1,96.18,-69.41,-140.37,12.214,6.182,49.311,1,4,0,-8.998,-1,935.34,0,0,0,90.4,1,0,0,0,0,3,0,0,0,11.5,-7.947,0,0,2,2,0,0,VALID,0,0,0,0,0,1,0,0,0,0,0,0,0,0,0,0,0,0,0,0,227.27,1013.34,2,0,0.08,0.08,5697,10,0.12,0.08,132.06,FLYING,X10-F,0:/Integrated Flight Computer/aircraft/x10_f_cfg.ks (inferred preloaded)
487.38,APPROACH,ILS_TRACK,137.61,140,2.39,552.73,-19.02,7.3,14.79,83.28,-4.282,0.3077,0,12.772,1,0.6,4.5,0.952,0.35,0.0168,0.4,0,25.948,0,-2.396,0,96.38,-1,0,1,-7.88,0.06,1,-1,96.32,0.813,-0.1112,-0.5716,-1,96.38,-73.53,-143.08,12.17,6.384,50.147,1,4,0,-9.03,-1,932.3,0,0,0,90.4,1,0,0,0,0,3,0,0,0,11.5,-7.947,0,0,2,2,0,0,VALID,0,0,0,0,0,1,0,0,0,0,0,0,0,0,0,0,0,0,0,0,231.63,1014,2,0,0.08,0.08,5700,10,0.12,0.08,132.36,FLYING,X10-F,0:/Integrated Flight Computer/aircraft/x10_f_cfg.ks (inferred preloaded)
487.68,APPROACH,ILS_TRACK,137.71,140,2.29,547.08,-19,7.23,14.57,83.08,2.348,0.2942,0,13.472,1,0.6,4.5,0.952,0.35,0.0168,0.4,0,25.921,0,-2.301,0,96.62,-1,0,1,-7.86,0.06,1,-1,96.56,0.8126,-0.1153,-0.5712,-1,96.62,-77.72,-145.77,12.127,6.624,50.855,1,4,0,-8.907,-1,929.26,0,0,0,90.4,1,0,0,0,0,3,0,0,0,11.5,-7.947,0,0,2,2,0,0,VALID,0,0,0,0,0,1,0,0,0,0,0,0,0,0,0,0,0,0,0,0,236.35,1014.81,2,0,0.08,0.08,5703,10,0.12,0.08,132.66,FLYING,X10-F,0:/Integrated Flight Computer/aircraft/x10_f_cfg.ks (inferred preloaded)
487.98,APPROACH,ILS_TRACK,137.83,140,2.17,540.55,-19.01,7.26,14.35,83.34,8.817,0.273,0,14.139,1,0.6,4.5,0.952,0.35,0.0168,0.4,0,25.888,0,-2.182,0,96.82,-1,0,1,-7.86,0.06,1,-1,96.78,0.8124,-0.1187,-0.5709,-1,96.82,-81.96,-148.42,12.083,6.817,51.587,1,4,0,-8.826,-1,926.22,0,0,0,90.4,1,0,0,0,0,3,0,0,0,11.5,-7.947,0,0,2,2,0,0,VALID,0,0,0,0,0,1,0,0,0,0,0,0,0,0,0,0,0,0,0,0,239.93,1015.72,2,0,0.08,0.08,5706,10,0.12,0.08,132.96,FLYING,X10-F,0:/Integrated Flight Computer/aircraft/x10_f_cfg.ks (inferred preloaded)
488.28,APPROACH,ILS_TRACK,137.95,140,2.05,534.49,-18.94,7.18,14.31,84.17,10.193,0.2634,0,14.77,1,0.6,4.5,0.952,0.35,0.0168,0.4,0,25.854,0,-2.061,0,96.97,-1,0,1,-7.82,0.06,1,-1,96.93,0.8121,-0.1214,-0.5707,-1,96.97,-86.2,-151.09,12.04,6.971,52.464,1,4,0,-8.921,-1,923.18,0,0,0,90.4,1,0,0,0,0,3,0,0,0,11.5,-7.947,0,0,2,2,0,0,VALID,0,0,0,0,0,1,0,0,0,0,0,0,0,0,0,0,0,0,0,0,242.21,1016.63,2,0,0.08,0.08,5709,10,0.12,0.08,133.26,FLYING,X10-F,0:/Integrated Flight Computer/aircraft/x10_f_cfg.ks (inferred preloaded)
488.58,APPROACH,ILS_TRACK,138.12,140,1.88,529.12,-18.97,7.08,14.44,85.24,7.617,0.2263,0,15.355,1,0.6,4.5,0.952,0.35,0.0168,0.4,0,25.806,0,-1.893,0,97.04,-1,0,1,-7.82,0.06,1,-1,97.03,0.8121,-0.1226,-0.5706,-1,97.04,-90.36,-153.76,11.996,7.041,53.213,1,4,0,-8.857,-1,920.13,0,0,0,90.4,1,0,0,0,0,3,0,0,0,11.5,-7.947,0,0,2,2,0,0,VALID,0,0,0,0,0,1,0,0,0,0,0,0,0,0,0,0,0,0,0,0,243.49,1017.74,2,0,0.08,0.08,5712,10,0.12,0.08,133.56,FLYING,X10-F,0:/Integrated Flight Computer/aircraft/x10_f_cfg.ks (inferred preloaded)
488.88,APPROACH,ILS_TRACK,138.28,140,1.72,524.58,-19,7.15,14.62,86.06,6.19,0.2112,0,15.889,1,0.6,4.5,0.952,0.35,0.0168,0.4,0,25.759,0,-1.726,0,97.08,-1,0,1,-7.83,0.06,1,-1,97.08,0.812,-0.1232,-0.5704,-1,97.08,-94.38,-156.39,11.953,7.077,53.886,1,4,0,-8.713,-1,917.08,0,0,0,90.4,1,0,0,0,0,3,0,0,0,11.5,-7.947,0,0,2,2,0,0,VALID,0,0,0,0,0,1,0,0,0,0,0,0,0,0,0,0,0,0,0,0,241.84,1018.82,2,0,0.08,0.08,5715,10,0.12,0.08,133.86,FLYING,X10-F,0:/Integrated Flight Computer/aircraft/x10_f_cfg.ks (inferred preloaded)
489.18,APPROACH,ILS_TRACK,138.42,140,1.58,520.26,-18.92,7.22,14.67,86.46,5.789,0.2192,0,16.379,1,0.6,4.5,0.952,0.35,0.0168,0.4,0,25.721,0,-1.591,0,97.11,-1,0,1,-7.79,0.06,1,-1,97.11,0.812,-0.1238,-0.5703,-1,97.11,-98.25,-159,11.909,7.111,54.655,1,4,0,-8.694,-1,914.03,0,0,0,90.4,1,0,0,0,0,3,0,0,0,11.5,-7.947,0,0,2,2,0,0,VALID,0,0,0,0,0,1,0,0,0,0,0,0,0,0,0,0,0,0,0,0,239.59,1019.79,2,0,0.08,0.08,5718,10,0.12,0.08,134.16,FLYING,X10-F,0:/Integrated Flight Computer/aircraft/x10_f_cfg.ks (inferred preloaded)
489.48,APPROACH,ILS_TRACK,138.55,140,1.45,513.23,-18.89,7.37,14.81,86.61,6.476,0.225,0,16.829,1,0.6,4.5,0.952,0.35,0.0168,0.4,0,25.684,0,-1.459,0,97.18,-1,0,1,-7.77,0.06,1,-1,97.16,0.8119,-0.125,-0.5702,-1,97.18,-102,-161.58,11.865,7.181,55.3,1,4,0,-8.534,-1,910.98,0,0,0,90.4,1,0,0,0,0,3,0,0,0,11.5,-7.947,0,0,2,2,0,0,VALID,0,0,0,0,0,1,0,0,0,0,0,0,0,0,0,0,0,0,0,0,238.29,1020.75,2,0,0.08,0.08,5721,10,0.12,0.08,134.46,FLYING,X10-F,0:/Integrated Flight Computer/aircraft/x10_f_cfg.ks (inferred preloaded)
489.78,APPROACH,ILS_TRACK,138.65,140,1.35,506.7,-18.74,7.49,14.9,87,8.331,0.2444,0,17.245,1,0.6,4.5,0.952,0.35,0.0168,0.4,0,25.654,0,-1.353,0,97.29,-1,0,1,-7.71,0.06,1,-1,97.26,0.8118,-0.1268,-0.57,-1,97.29,-105.69,-164.13,11.822,7.286,56.066,1,4,0,-8.532,-1,907.92,0,0,0,90.4,1,0,0,0,0,3,0,0,0,11.5,-7.947,0,0,2,2,0,0,VALID,0,0,0,0,0,1,0,0,0,0,0,0,0,0,0,0,0,0,0,0,237.96,1021.59,2,0,0.08,0.08,5724,10,0.12,0.08,134.76,FLYING,X10-F,0:/Integrated Flight Computer/aircraft/x10_f_cfg.ks (inferred preloaded)
490.08,APPROACH,ILS_TRACK,138.73,140,1.27,498.91,-18.57,7.37,14.72,87.47,7.197,0.2675,0,17.635,1,0.6,4.5,0.952,0.35,0.0168,0.4,0,25.631,0,-1.273,0,97.31,-1,0,1,-7.63,0.06,1,-1,97.31,0.8118,-0.1272,-0.5699,-1,97.31,-109.28,-166.71,11.778,7.31,56.894,1,4,0,-8.602,-1,904.86,0,0,0,90.4,1,0,0,0,0,3,0,0,0,11.5,-7.947,0,0,2,2,0,0,VALID,0,0,0,0,0,1,0,0,0,0,0,0,0,0,0,0,0,0,0,0,239.19,1022.34,2,0,0.08,0.08,5727,10,0.12,0.08,135.06,FLYING,X10-F,0:/Integrated Flight Computer/aircraft/x10_f_cfg.ks (inferred preloaded)
490.38,APPROACH,ILS_TRACK,138.85,140,1.15,491.18,-18.55,7.21,14.53,87.57,6.096,0.2583,0,17.994,1,0.6,4.5,0.952,0.35,0.0168,0.4,0,25.6,0,-1.16,0,97.31,-1,0,1,-7.61,0.06,1,-1,97.31,0.8118,-0.1272,-0.5699,-1,97.31,-112.69,-169.26,11.734,7.305,57.526,1,4,0,-8.434,-1,901.8,0,0,0,90.4,1,0,0,0,0,3,0,0,0,11.5,-7.947,0,0,2,2,0,0,VALID,0,0,0,0,0,1,0,0,0,0,0,0,0,0,0,0,0,0,0,0,241.27,1023.22,2,0,0.08,0.08,5730,10,0.12,0.08,135.36,FLYING,X10-F,0:/Integrated Flight Computer/aircraft/x10_f_cfg.ks (inferred preloaded)
490.68,APPROACH,ILS_TRACK,138.97,140,1.03,483.03,-18.48,7.18,14.42,87.26,3.302,0.2488,0,18.318,1,0.6,4.5,0.952,0.35,0.0168,0.4,0,25.566,0,-1.041,0,97.33,-1,0,1,-7.58,0.06,1,-1,97.32,0.8118,-0.1275,-0.5698,-1,97.33,-115.96,-171.77,11.69,7.328,58.211,1,4,0,-8.351,-1,898.74,0,0,0,90.4,1,0,0,0,0,3,0,0,0,11.5,-7.947,0,0,2,2,0,0,VALID,0,0,0,0,0,1,0,0,0,0,0,0,0,0,0,0,0,0,0,0,242.68,1024.12,2,0,0.08,0.08,5733,10,0.12,0.08,135.66,FLYING,X10-F,0:/Integrated Flight Computer/aircraft/x10_f_cfg.ks (inferred preloaded)
490.98,APPROACH,ILS_TRACK,139.12,140,0.88,477.98,-18.44,7.11,14.26,86.71,-0.7,0.2207,0,18.603,1,0.6,4.5,0.952,0.35,0.0168,0.4,0,25.525,0,-0.895,0,97.41,-1,0,1,-7.55,0.06,1,-1,97.38,0.8117,-0.1289,-0.5696,-1,97.41,-119.14,-174.26,11.646,7.409,58.877,1,4,0,-8.249,-1,895.67,0,0,0,90.4,1,0,0,0,0,3,0,0,0,11.5,-7.947,0,0,2,2,0,0,VALID,0,0,0,0,0,1,0,0,0,0,0,0,0,0,0,0,0,0,0,0,243.35,1025.14,2,0,0.08,0.08,5736,10,0.12,0.08,135.96,FLYING,X10-F,0:/Integrated Flight Computer/aircraft/x10_f_cfg.ks (inferred preloaded)
491.28,APPROACH,ILS_TRACK,139.28,140,0.72,473.69,-18.39,7.18,14.25,86.02,-4.991,0.1927,0,18.837,1,0.6,4.5,0.952,0.35,0.0168,0.4,0,25.477,0,-0.726,0,97.53,-1,0,1,-7.53,0.06,1,-1,97.49,0.8116,-0.131,-0.5694,-1,97.53,-122.31,-176.7,11.603,7.53,59.501,1,4,0,-8.113,-1,892.6,0,0,0,90.4,1,0,0,0,0,3,0,0,0,11.5,-7.947,0,0,2,2,0,0,VALID,0,0,0,0,0,1,0,0,0,0,0,0,0,0,0,0,0,0,0,0,241.1,1026.23,2,0,0.08,0.08,5739,10,0.12,0.08,136.26,FLYING,X10-F,0:/Integrated Flight Computer/aircraft/x10_f_cfg.ks (inferred preloaded)
491.58,APPROACH,ILS_TRACK,139.43,140,0.57,469.56,-18.28,7.04,14.07,85.23,-7.348,0.1895,0,19.026,1,0.6,4.5,0.952,0.35,0.0168,0.4,0,25.437,0,-0.582,0,97.72,-1,0,1,-7.47,0.06,1,-1,97.66,0.8112,-0.1344,-0.5691,-1,97.72,-125.52,-179.17,11.559,7.725,60.358,1,4,0,-8.258,-1,889.53,0,0,0,90.4,1,0,0,0,0,3,0,0,0,11.5,-7.947,0,0,2,2,0,0,VALID,0,0,0,0,0,1,0,0,0,0,0,0,0,0,0,0,0,0,0,0,236.86,1027.22,2,0,0.08,0.08,5742,10,0.12,0.08,136.56,FLYING,X10-F,0:/Integrated Flight Computer/aircraft/x10_f_cfg.ks (inferred preloaded)
491.88,APPROACH,ILS_TRACK,139.57,140,0.43,464.14,-18.25,6.85,13.95,84.59,-5.656,0.1828,0,19.17,1,0.6,4.5,0.952,0.35,0.0168,0.4,0,25.395,0,-0.435,0,97.96,-1,0,1,-7.45,0.06,1,-1,97.9,0.8108,-0.1385,-0.5687,-1,97.96,-128.84,-181.64,11.515,7.959,61.075,1,4,0,-8.23,-1,886.46,0,0,0,90.4,1,0,0,0,0,3,0,0,0,11.5,-7.947,0,0,2,2,0,0,VALID,0,0,0,0,0,1,0,0,0,0,0,0,0,0,0,0,0,0,0,0,232.57,1028.22,2,0,0.08,0.08,5745,10,0.12,0.08,136.86,FLYING,X10-F,0:/Integrated Flight Computer/aircraft/x10_f_cfg.ks (inferred preloaded)
492.18,APPROACH,ILS_TRACK,139.7,140,0.3,455.31,-18.29,6.66,13.74,84.27,-0.674,0.1857,0,19.275,1,0.6,4.5,0.952,0.35,0.0168,0.4,0,25.359,0,-0.307,0,98.2,-1,0,1,-7.46,0.06,1,-1,98.13,0.8104,-0.1426,-0.5683,-1,98.2,-132.28,-184.1,11.471,8.199,61.76,1,4,0,-8.163,-1,883.38,0,0,0,90.4,1,0,0,0,0,3,0,0,0,11.5,-7.947,0,0,2,2,0,0,VALID,0,0,0,0,0,1,0,0,0,0,0,0,0,0,0,0,0,0,0,0,228.37,1029.15,2,0,0.08,0.08,5748,10,0.12,0.08,137.16,FLYING,X10-F,0:/Integrated Flight Computer/aircraft/x10_f_cfg.ks (inferred preloaded)
492.48,APPROACH,ILS_TRACK,139.82,140,0.18,447.24,-18.36,6.69,13.66,84.46,5.218,0.1854,0,19.343,1,0.6,4.5,0.952,0.35,0.0168,0.4,0,25.324,0,-0.184,0,98.39,-1,0,1,-7.48,0.06,1,-1,98.35,0.81,-0.146,-0.5679,-1,98.39,-135.81,-186.51,11.427,8.393,62.337,1,4,0,-7.979,-1,880.31,0,0,0,90.4,1,0,0,0,0,3,0,0,0,11.5,-7.947,0,0,2,2,0,0,VALID,0,0,0,0,0,1,0,0,0,0,0,0,0,0,0,0,0,0,0,0,224.87,1030.07,2,0,0.08,0.08,5751,10,0.12,0.08,137.46,FLYING,X10-F,0:/Integrated Flight Computer/aircraft/x10_f_cfg.ks (inferred preloaded)
492.78,APPROACH,ILS_TRACK,139.93,140,0.07,438.61,-18.23,6.59,13.44,85.21,8.743,0.196,0,19.376,1,0.6,4.5,0.952,0.35,0.0168,0.4,0,25.295,0,-0.08,0,98.54,-1,0,1,-7.42,0.06,1,-1,98.51,0.8098,-0.1485,-0.5677,-1,98.54,-139.38,-188.95,11.383,8.543,63.308,1,4,0,-8.278,-1,877.23,0,0,0,90.4,1,0,0,0,0,3,0,0,0,11.5,-7.947,0,0,2,2,0,0,VALID,0,0,0,0,0,1,0,0,0,0,0,0,0,0,0,0,0,0,0,0,221.79,1030.91,2,0,0.08,0.08,5754,10,0.12,0.08,137.76,FLYING,X10-F,0:/Integrated Flight Computer/aircraft/x10_f_cfg.ks (inferred preloaded)
493.08,APPROACH,ILS_TRACK,140.09,140,-0.09,430,-18.34,6.22,13.14,86.24,12.319,0.1596,0,19.371,1,0.6,4.5,0.952,0.35,0.0168,0.4,0,25.252,0,0.073,0,98.6,-1,0,1,-7.46,0.06,1,-1,98.59,0.8097,-0.1495,-0.5675,-1,98.6,-142.88,-191.46,11.339,8.597,64.133,1,4,0,-8.369,-1,874.15,0,0,0,90.4,1,0,0,0,0,3,0,0,0,11.5,-7.947,0,0,2,2,0,0,VALID,0,0,0,0,0,1,0,0,0,0,0,0,0,0,0,0,0,0,0,0,219.38,1031.96,2,0,0.08,0.08,5757,10,0.12,0.08,138.06,FLYING,X10-F,0:/Integrated Flight Computer/aircraft/x10_f_cfg.ks (inferred preloaded)
493.38,APPROACH,ILS_TRACK,140.26,140,-0.26,420.77,-18.48,5.84,12.94,87.25,13.625,0.1258,0,19.313,1,0.6,4.5,0.952,0.35,0.0168,0.4,0,25.202,0,0.25,0,98.58,-1,0,1,-7.5,0.06,1,-1,98.6,0.8098,-0.1492,-0.5675,-1,98.58,-146.23,-194.01,11.295,8.581,65.067,1,4,0,-8.581,-1,871.07,0,0,0,90.4,1,0,0,0,0,3,0,0,0,11.5,-7.947,0,0,2,2,0,0,VALID,0,0,0,0,0,1,0,0,0,0,0,0,0,0,0,0,0,0,0,0,213.07,1033.08,2,0,0.08,0.08,5760,10,0.12,0.08,138.36,FLYING,X10-F,0:/Integrated Flight Computer/aircraft/x10_f_cfg.ks (inferred preloaded)
493.68,APPROACH,ILS_TRACK,140.43,140,-0.43,414.46,-18.75,5.5,12.86,88.02,11.424,0.1053,0,19.205,1,0.6,4.5,0.952,0.35,0.0168,0.4,0,25.156,0,0.416,0,98.54,-1,0,1,-7.59,0.06,1,-1,98.55,0.8099,-0.1486,-0.5675,-1,98.54,-149.38,-196.6,11.251,8.544,65.882,1,4,0,-8.629,-1,867.99,0,0,0,90.4,1,0,0,0,0,3,0,0,0,11.5,-7.947,0,0,2,2,0,0,VALID,0,0,0,0,0,1,0,0,0,0,0,0,0,0,0,0,0,0,0,0,204.51,1034.18,2,0,0.08,0.08,5763,10,0.12,0.08,138.66,FLYING,X10-F,0:/Integrated Flight Computer/aircraft/x10_f_cfg.ks (inferred preloaded)
493.98,APPROACH,ILS_TRACK,140.58,140,-0.58,408.88,-19.05,5.5,13.06,88.59,10.875,0.0964,0,19.048,1,0.6,4.5,0.952,0.35,0.0168,0.4,0,25.111,0,0.573,0,98.5,-1,0,1,-7.7,0.06,1,-1,98.52,0.81,-0.1478,-0.5675,-1,98.5,-152.35,-199.17,11.206,8.5,66.564,1,4,0,-8.518,-1,864.9,0,0,0,90.4,1,0,0,0,0,3,0,0,0,11.5,-7.947,0,0,2,2,0,0,VALID,0,0,0,0,0,1,0,0,0,0,0,0,0,0,0,0,0,0,0,0,194.68,1035.24,2,0,0.08,0.08,5766,10,0.12,0.08,138.96,FLYING,X10-F,0:/Integrated Flight Computer/aircraft/x10_f_cfg.ks (inferred preloaded)
494.28,APPROACH,ILS_TRACK,140.69,140,-0.69,398.73,-19.27,5.98,13.71,89.13,11.977,0.1119,0,18.851,1,0.6,4.5,0.952,0.35,0.0168,0.4,0,25.079,0,0.689,0,98.5,-1,0,1,-7.79,0.06,1,-1,98.5,0.8101,-0.1477,-0.5674,-1,98.5,-155.15,-201.68,11.162,8.497,67.169,1,4,0,-8.33,-1,861.81,0,0,0,90.4,1,0,0,0,0,3,0,0,0,11.5,-7.947,0,0,2,2,0,0,VALID,0,0,0,0,0,1,0,0,0,0,0,0,0,0,0,0,0,0,0,0,185.49,1036.15,2,0,0.08,0.08,5769,10,0.12,0.08,139.26,FLYING,X10-F,0:/Integrated Flight Computer/aircraft/x10_f_cfg.ks (inferred preloaded)
494.58,APPROACH,ILS_TRACK,140.72,140,-0.72,389.55,-19.41,6.81,14.68,89.72,11.979,0.1684,0,18.635,1,0.6,4.5,0.952,0.35,0.0168,0.4,0,25.069,0,0.722,0,98.45,-1,0,1,-7.85,0.06,1,-1,98.46,0.8102,-0.1469,-0.5675,-1,98.45,-157.77,-204.15,11.118,8.446,67.766,1,4,0,-8.15,-1,858.72,0,0,0,90.4,1,0,0,0,0,3,0,0,0,11.5,-7.947,0,0,2,2,0,0,VALID,0,0,0,0,0,1,0,0,0,0,0,0,0,0,0,0,0,0,0,0,179.78,1036.72,2,0,0.08,0.08,5772,10,0.12,0.08,139.56,FLYING,X10-F,0:/Integrated Flight Computer/aircraft/x10_f_cfg.ks (inferred preloaded)
494.88,APPROACH,ILS_TRACK,140.64,140,-0.64,381.06,-19.38,7.98,15.88,90.18,11.436,0.2618,0,18.431,1,0.6,4.5,0.952,0.35,0.0168,0.4,0,25.09,0,0.647,0,98.36,-1,0,1,-7.86,0.06,1,-1,98.39,0.8104,-0.1454,-0.5675,-1,98.36,-160.2,-206.55,11.074,8.362,68.308,1,4,0,-7.927,-1,855.63,0,0,0,90.4,1,0,0,0,0,3,0,0,0,11.5,-7.947,0,0,2,2,0,0,VALID,0,0,0,0,0,1,0,0,0,0,0,0,0,0,0,0,0,0,0,0,180.58,1036.86,2,0,0.08,0.08,5775,10,0.12,0.08,139.86,FLYING,X10-F,0:/Integrated Flight Computer/aircraft/x10_f_cfg.ks (inferred preloaded)
495.18,APPROACH,ILS_TRACK,140.42,140,-0.42,371.96,-18.78,8.93,16.53,90.41,10.13,0.3771,0,18.275,1,0.6,4.5,0.952,0.35,0.0168,0.4,0,25.149,0,0.438,0,98.27,-1,0,1,-7.66,0.06,1,-1,98.3,0.8107,-0.1438,-0.5676,-1,98.27,-162.41,-208.95,11.03,8.269,69.161,1,4,0,-8.094,-1,852.55,0,0,0,90.4,1,0,0,0,0,3,0,0,0,11.5,-7.947,0,0,2,2,0,0,VALID,0,0,0,0,0,1,0,0,0,0,0,0,0,0,0,0,0,0,0,0,187.6,1036.44,2,0,0.08,0.08,5778,10,0.12,0.08,140.16,FLYING,X10-F,0:/Integrated Flight Computer/aircraft/x10_f_cfg.ks (inferred preloaded)
495.48,APPROACH,ILS_TRACK,140.12,140,-0.12,363.84,-18.26,8.97,16.27,90.25,8.637,0.4971,0,18.207,1,0.6,4.5,0.952,0.35,0.0168,0.4,0,25.234,0,0.136,0,98.18,-1,0,1,-7.44,0.06,1,-1,98.2,0.8109,-0.1423,-0.5677,-1,98.18,-164.41,-211.42,10.986,8.184,70.008,1,4,0,-8.226,-1,849.47,0,0,0,90.4,1,0,0,0,0,3,0,0,0,11.5,-7.947,0,0,2,2,0,0,VALID,0,0,0,0,0,1,0,0,0,0,0,0,0,0,0,0,0,0,0,0,201.25,1035.69,2,0,0.08,0.08,5781,10,0.12,0.08,140.46,FLYING,X10-F,0:/Integrated Flight Computer/aircraft/x10_f_cfg.ks (inferred preloaded)
495.78,APPROACH,ILS_TRACK,139.95,140,0.05,358.04,-17.95,8.75,15.89,90.15,9.953,0.5209,0,18.203,1,0.6,4.5,0.952,0.35,0.0168,0.4,0,25.283,0,-0.037,0,98.15,-1,0,1,-7.32,0.06,1,-1,98.16,0.811,-0.1418,-0.5676,-1,98.15,-166.25,-213.85,10.942,8.152,70.572,1,4,0,-8.022,-1,846.39,0,0,0,90.4,1,0,0,0,0,3,0,0,0,11.5,-7.947,0,0,2,2,0,0,VALID,0,0,0,0,0,1,0,0,0,0,0,0,0,0,0,0,0,0,0,0,220.49,1035.45,2,0,0.08,0.08,5784,10,0.12,0.08,140.76,FLYING,X10-F,0:/Integrated Flight Computer/aircraft/x10_f_cfg.ks (inferred preloaded)
496.08,APPROACH,ILS_TRACK,139.87,140,0.13,350.96,-17.75,8.39,15.47,90.41,11.759,0.4715,0,18.235,1,0.6,4.5,0.952,0.35,0.0168,0.4,0,25.309,0,-0.128,0,98.13,-1,0,1,-7.24,0.06,1,-1,98.14,0.8111,-0.1414,-0.5676,-1,98.13,-167.98,-216.24,10.898,8.131,71.219,1,4,0,-7.935,-1,843.32,0,0,0,90.4,1,0,0,0,0,3,0,0,0,11.5,-7.947,0,0,2,2,0,0,VALID,0,0,0,0,0,1,0,0,0,0,0,0,0,0,0,0,0,0,0,0,238.54,1035.53,2,0,0.08,0.08,5787,10,0.12,0.08,141.06,FLYING,X10-F,0:/Integrated Flight Computer/aircraft/x10_f_cfg.ks (inferred preloaded)
496.38,APPROACH,ILS_TRACK,139.87,140,0.13,345.1,-17.69,7.96,15.08,90.93,9.934,0.3922,0,18.277,1,0.6,4.5,0.952,0.35,0.0168,0.4,0,25.31,0,-0.131,0,98.06,-1,0,1,-7.21,0.06,1,-1,98.09,0.8112,-0.1402,-0.5677,-1,98.06,-169.58,-218.61,10.854,8.06,71.866,1,4,0,-7.855,-1,840.24,0,0,0,90.4,1,0,0,0,0,3,0,0,0,11.5,-7.947,0,0,2,2,0,0,VALID,0,0,0,0,0,1,0,0,0,0,0,0,0,0,0,0,0,0,0,0,252.23,1035.96,2,0,0.08,0.08,5790,10,0.12,0.08,141.36,FLYING,X10-F,0:/Integrated Flight Computer/aircraft/x10_f_cfg.ks (inferred preloaded)
496.68,APPROACH,ILS_TRACK,139.95,140,0.05,340.16,-17.69,7.6,14.65,91.14,5.613,0.3033,0,18.302,1,0.6,4.5,0.952,0.35,0.0168,0.4,0,25.288,0,-0.055,0,97.95,-1,0,1,-7.2,0.06,1,-1,97.98,0.8115,-0.1383,-0.5678,-1,97.95,-170.98,-220.94,10.81,7.951,72.475,1,4,0,-7.741,-1,837.17,0,0,0,90.4,1,0,0,0,0,3,0,0,0,11.5,-7.947,0,0,2,2,0,0,VALID,0,0,0,0,0,1,0,0,0,0,0,0,0,0,0,0,0,0,0,0,260.17,1036.69,2,0,0.08,0.08,5793,10,0.12,0.08,141.66,FLYING,X10-F,0:/Integrated Flight Computer/aircraft/x10_f_cfg.ks (inferred preloaded)
496.98,APPROACH,ILS_TRACK,140.08,140,-0.08,337.98,-17.76,7.39,14.41,90.87,4.213,0.2251,0,18.294,1,0.6,4.5,0.952,0.35,0.0168,0.4,0,25.253,0,0.07,0,97.86,-1,0,1,-7.22,0.06,1,-1,97.89,0.8117,-0.1367,-0.5678,-1,97.86,-172.21,-223.24,10.766,7.859,73.052,1,4,0,-7.601,-1,834.09,0,0,0,90.4,1,0,0,0,0,3,0,0,0,11.5,-7.947,0,0,2,2,0,0,VALID,0,0,0,0,0,1,0,0,0,0,0,0,0,0,0,0,0,0,0,0,262.39,1037.62,2,0,0.08,0.08,5796,10,0.12,0.08,141.96,FLYING,X10-F,0:/Integrated Flight Computer/aircraft/x10_f_cfg.ks (inferred preloaded)
497.28,APPROACH,ILS_TRACK,140.25,140,-0.25,336.18,-17.86,7.42,14.46,90.36,6.424,0.1511,0,18.24,1,0.6,4.5,0.952,0.35,0.0168,0.4,0,25.205,0,0.24,0,97.84,-1,0,1,-7.26,0.06,1,-1,97.84,0.8118,-0.1363,-0.5678,-1,97.84,-173.31,-225.49,10.722,7.836,73.604,1,4,0,-7.445,-1,831.01,0,0,0,90.4,1,0,0,0,0,3,0,0,0,11.5,-7.947,0,0,2,2,0,0,VALID,0,0,0,0,0,1,0,0,0,0,0,0,0,0,0,0,0,0,0,0,257.96,1038.73,2,0,0.08,0.08,5799,10,0.12,0.08,142.26,FLYING,X10-F,0:/Integrated Flight Computer/aircraft/x10_f_cfg.ks (inferred preloaded)
497.58,APPROACH,ILS_TRACK,140.4,140,-0.4,334.05,-17.88,7.66,14.67,90.14,8.279,0.1235,0,18.136,1,0.6,4.5,0.952,0.35,0.0168,0.4,0,25.162,0,0.393,0,97.84,-1,0,1,-7.26,0.06,1,-1,97.83,0.8118,-0.1364,-0.5677,-1,97.84,-174.36,-227.7,10.678,7.841,74.18,1,4,0,-7.336,-1,827.93,0,0,0,90.4,1,0,0,0,0,3,0,0,0,11.5,-7.947,0,0,2,2,0,0,VALID,0,0,0,0,0,1,0,0,0,0,0,0,0,0,0,0,0,0,0,0,247.01,1039.75,2,0,0.08,0.08,5802,10,0.12,0.08,142.56,FLYING,X10-F,0:/Integrated Flight Computer/aircraft/x10_f_cfg.ks (inferred preloaded)
497.88,APPROACH,ILS_TRACK,140.48,140,-0.48,332.22,-17.87,8.02,15.07,90.43,8.393,0.1466,0,18,1,0.6,4.5,0.952,0.35,0.0168,0.4,0,25.139,0,0.475,0,97.83,-1,0,1,-7.25,0.06,1,-1,97.84,0.8119,-0.1363,-0.5677,-1,97.83,-175.36,-229.88,10.634,7.832,74.729,1,4,0,-7.206,-1,824.85,0,0,0,90.4,1,0,0,0,0,3,0,0,0,11.5,-7.947,0,0,2,2,0,0,VALID,0,0,0,0,0,1,0,0,0,0,0,0,0,0,0,0,0,0,0,0,235.69,1040.5,2,0,0.08,0.08,5805,10,0.12,0.08,142.86,FLYING,X10-F,0:/Integrated Flight Computer/aircraft/x10_f_cfg.ks (inferred preloaded)
498.18,APPROACH,ILS_TRACK,140.5,140,-0.5,330.97,-17.84,8.54,15.65,91.01,8.424,0.1905,0,17.851,1,0.6,4.5,0.952,0.35,0.0168,0.4,0,25.132,0,0.5,0,97.78,-1,0,1,-7.24,0.06,1,-1,97.8,0.812,-0.1353,-0.5677,-1,97.78,-176.28,-232,10.59,7.775,75.186,1,4,0,-6.982,-1,821.77,0,0,0,90.4,1,0,0,0,0,3,0,0,0,11.5,-7.947,0,0,2,2,0,0,VALID,0,0,0,0,0,1,0,0,0,0,0,0,0,0,0,0,0,0,0,0,228.48,1041.02,2,0,0.08,0.08,5808,10,0.12,0.08,143.16,FLYING,X10-F,0:/Integrated Flight Computer/aircraft/x10_f_cfg.ks (inferred preloaded)
498.48,APPROACH,ILS_TRACK,140.45,140,-0.45,328.45,-17.73,9.33,16.45,91.52,8.87,0.2572,0,17.708,1,0.6,4.5,0.952,0.35,0.0168,0.4,0,25.144,0,0.456,0,97.68,-1,0,1,-7.2,0.06,1,-1,97.71,0.8123,-0.1336,-0.5678,-1,97.68,-177.05,-234.04,10.546,7.677,75.536,1,4,0,-6.657,-1,818.69,0,0,0,90.4,1,0,0,0,0,3,0,0,0,11.5,-7.947,0,0,2,2,0,0,VALID,0,0,0,0,0,1,0,0,0,0,0,0,0,0,0,0,0,0,0,0,226.86,1041.25,2,0,0.08,0.08,5811,10,0.12,0.08,143.46,FLYING,X10-F,0:/Integrated Flight Computer/aircraft/x10_f_cfg.ks (inferred preloaded)
498.78,APPROACH,ILS_TRACK,140.3,140,-0.3,324.54,-17.35,10.23,17.24,91.99,9.056,0.3519,0,17.596,1,0.6,4.5,0.952,0.35,0.0168,0.4,0,25.184,0,0.315,0,97.58,-1,0,1,-7.08,0.06,1,-1,97.61,0.8125,-0.1319,-0.5678,-1,97.58,-177.67,-235.98,10.502,7.582,75.959,1,4,0,-6.455,-1,815.61,0,0,0,90.4,1,0,0,0,0,3,0,0,0,11.5,-7.947,0,0,2,2,0,0,VALID,0,0,0,0,0,1,0,0,0,0,0,0,0,0,0,0,0,0,0,0,230.5,1041.09,2,0,0.08,0.08,5814,10,0.12,0.08,143.76,FLYING,X10-F,0:/Integrated Flight Computer/aircraft/x10_f_cfg.ks (inferred preloaded)
499.08,APPROACH,ILS_TRACK,140.04,140,-0.04,321.63,-16.65,10.68,17.38,92.16,7.517,0.4698,0,17.551,1,0.6,4.5,0.952,0.35,0.0168,0.4,0,25.255,0,0.062,0,97.42,-1,0,1,-6.81,0.06,1,-1,97.47,0.8128,-0.1291,-0.568,-1,97.42,-178.1,-237.9,10.458,7.419,76.416,1,4,0,-6.308,-1,812.53,0,0,0,90.4,1,0,0,0,0,3,0,0,0,11.5,-7.947,0,0,2,2,0,0,VALID,0,0,0,0,0,1,0,0,0,0,0,0,0,0,0,0,0,0,0,0,240.17,1040.48,2,0,0.08,0.08,5817,10,0.12,0.08,144.06,FLYING,X10-F,0:/Integrated Flight Computer/aircraft/x10_f_cfg.ks (inferred preloaded)
499.38,APPROACH,ILS_TRACK,139.8,140,0.2,318.68,-16.11,10.77,17.16,91.82,4.108,0.5421,0,17.584,1,0.6,4.5,0.952,0.35,0.0168,0.4,0,25.325,0,-0.185,0,97.27,-1,0,1,-6.6,0.06,1,-1,97.31,0.8131,-0.1266,-0.5681,-1,97.27,-178.34,-239.73,10.414,7.275,76.715,1,4,0,-5.994,-1,809.47,0,0,0,90.4,1,0,0,0,0,3,0,0,0,11.5,-7.947,0,0,2,2,0,0,VALID,0,0,0,0,0,1,0,0,0,0,0,0,0,0,0,0,0,0,0,0,256.1,1039.91,2,0,0.08,0.08,5820,10,0.12,0.08,144.36,FLYING,X10-F,0:/Integrated Flight Computer/aircraft/x10_f_cfg.ks (inferred preloaded)
499.68,APPROACH,ILS_TRACK,139.66,140,0.34,314.57,-15.68,10.62,16.72,91.25,-0.115,0.522,0,17.672,1,0.6,4.5,0.952,0.35,0.0168,0.4,0,25.368,0,-0.336,0,97.22,-2.823,0,1,-6.43,0.06,1,-2.83,97.23,0.8311,-0.1256,-0.5418,-2.82,97.22,-178.46,-241.49,10.37,7.221,0,0,4,0,-5.79,-2.823,806.4,0,0,0,90.4,1,0,0,0,0,3,0,0,0,11.5,-7.947,0,0,2,2,0,0,VALID,0,0,0,0,0,1,0,0,0,0,0,0,0,0,0,0,0,0,0,0,273.84,1039.71,2,0,0.08,0.08,5823,10,0.12,0.08,144.66,FLYING,X10-F,0:/Integrated Flight Computer/aircraft/x10_f_cfg.ks (inferred preloaded)
499.98,APPROACH,ILS_TRACK,139.6,140,0.4,310.46,-15.36,10.25,16.09,90.44,-5.609,0.4618,0,17.789,1,0.6,4.5,0.952,0.35,0.0168,0.4,0,25.386,0,-0.403,0,97.2,-2.799,0,1,-6.29,0.06,1,-2.8,97.2,0.8309,-0.1252,-0.5421,-2.8,97.2,-178.53,-243.19,10.326,7.199,0,0,4,0,-5.619,-2.799,803.33,0,0,0,90.4,1,0,0,0,0,3,0,0,0,11.5,-7.947,0,0,2,2,0,0,VALID,0,0,0,0,0,1,0,0,0,0,0,0,0,0,0,0,0,0,0,0,288.92,1039.85,2,0,0.08,0.08,5826,10,0.12,0.08,144.96,FLYING,X10-F,0:/Integrated Flight Computer/aircraft/x10_f_cfg.ks (inferred preloaded)
500.28,APPROACH,ILS_TRACK,139.65,140,0.35,307.69,-15.17,9.76,15.56,89.52,-7.59,0.3668,0,17.904,1,0.6,4.5,0.952,0.35,0.0168,0.4,0,25.374,0,-0.36,0,97.27,-2.776,0,1,-6.21,0.06,1,-2.78,97.24,0.8306,-0.1264,-0.5423,-2.78,97.27,-178.64,-244.85,10.282,7.267,0,0,4,0,-5.487,-2.776,800.27,0,0,0,90.4,1,0,0,0,0,3,0,0,0,11.5,-7.947,0,0,2,2,0,0,VALID,0,0,0,0,0,1,0,0,0,0,0,0,0,0,0,0,0,0,0,0,298.94,1040.4,2,0,0.08,0.08,5829,10,0.12,0.08,145.26,FLYING,X10-F,0:/Integrated Flight Computer/aircraft/x10_f_cfg.ks (inferred preloaded)
500.58,APPROACH,ILS_TRACK,139.76,140,0.24,303.42,-15.08,9.23,15.1,88.82,-4.803,0.2728,0,17.99,1,0.6,4.5,0.952,0.35,0.0168,0.4,0,25.342,0,-0.247,0,97.38,-2.752,0,1,-6.16,0.06,1,-2.76,97.35,0.8302,-0.1284,-0.5424,-2.75,97.38,-178.87,-246.48,10.238,7.383,0,0,4,0,-5.384,-2.752,797.2,0,0,0,90.4,1,0,0,0,0,3,0,0,0,11.5,-7.947,0,0,2,2,0,0,VALID,0,0,0,0,0,1,0,0,0,0,0,0,0,0,0,0,0,0,0,0,302.6,1041.23,2,0,0.08,0.08,5832,10,0.12,0.08,145.56,FLYING,X10-F,0:/Integrated Flight Computer/aircraft/x10_f_cfg.ks (inferred preloaded)
500.88,APPROACH,ILS_TRACK,139.91,140,0.09,296.95,-15.03,8.7,14.48,88.49,1.803,0.1998,0,18.034,1,0.6,4.5,0.952,0.35,0.0168,0.4,0,25.3,0,-0.097,0,97.49,-2.729,0,1,-6.14,0.06,1,-2.73,97.46,0.8299,-0.1302,-0.5426,-2.73,97.49,-179.21,-248.08,10.194,7.488,0,0,4,0,-5.328,-2.729,794.14,0,0,0,90.4,1,0,0,0,0,3,0,0,0,11.5,-7.947,0,0,2,2,0,0,VALID,0,0,0,0,0,1,0,0,0,0,0,0,0,0,0,0,0,0,0,0,299.07,1042.18,2,0,0.08,0.08,5835,10,0.12,0.08,145.86,FLYING,X10-F,0:/Integrated Flight Computer/aircraft/x10_f_cfg.ks (inferred preloaded)
501.18,APPROACH,ILS_TRACK,140.1,140,-0.1,292.59,-14.9,8.04,13.52,88.72,8.682,0.1314,0,18.028,1,0.6,4.5,0.952,0.35,0.0168,0.4,0,25.248,0,0.088,0,97.54,-2.705,0,1,-6.07,0.06,1,-2.71,97.53,0.8296,-0.1311,-0.5428,-2.71,97.54,-179.62,-249.69,10.151,7.536,0,0,4,0,-5.343,-2.705,791.06,0,0,0,90.4,1,0,0,0,0,3,0,0,0,11.5,-7.947,0,0,2,2,0,0,VALID,0,0,0,0,0,1,0,0,0,0,0,0,0,0,0,0,0,0,0,0,288.72,1043.29,2,0,0.08,0.08,5838,10,0.12,0.08,146.16,FLYING,X10-F,0:/Integrated Flight Computer/aircraft/x10_f_cfg.ks (inferred preloaded)
501.48,APPROACH,ILS_TRACK,140.34,140,-0.34,289.27,-15.02,7.42,13.03,89.55,10.5,0.0598,0,17.955,1,0.6,4.5,0.952,0.35,0.0168,0.4,0,25.182,0,0.322,0,97.53,-2.682,0,1,-6.1,0.06,1,-2.69,97.54,0.8294,-0.131,-0.5431,-2.68,97.53,-180.04,-251.27,10.107,7.533,0,0,4,0,-5.223,-2.682,787.99,0,0,0,90.4,1,0,0,0,0,3,0,0,0,11.5,-7.947,0,0,2,2,0,0,VALID,0,0,0,0,0,1,0,0,0,0,0,0,0,0,0,0,0,0,0,0,272.01,1044.59,2,0,0.08,0.08,5841,10,0.12,0.08,146.46,FLYING,X10-F,0:/Integrated Flight Computer/aircraft/x10_f_cfg.ks (inferred preloaded)
501.78,APPROACH,ILS_TRACK,140.58,140,-0.58,284.48,-15.26,7.15,13.07,90.52,7.093,0.0078,0,17.807,1,0.6,4.5,0.842,0.35,0.0168,0.4,0,25.112,0,0.57,0,97.42,-2.659,0,1,-6.18,0.06,1,-2.66,97.46,0.8294,-0.1291,-0.5435,-2.66,97.42,-180.34,-252.81,10.062,7.421,0,0,4,0,-5.053,-2.659,784.91,0,0,0,90.4,1,0,0,0,0,3,0,0,0,11.5,-7.947,0,0,2,2,0,0,VALID,0,0,0,0,0,1,0,0,0,0,0,0,0,0,0,0,0,0,0,0,249.74,1045.93,2,0,0.08,0.08,5844,10,0.12,0.08,146.76,FLYING,X10-F,0:/Integrated Flight Computer/aircraft/x10_f_cfg.ks (inferred preloaded)
502.08,APPROACH,ILS_TRACK,140.75,140,-0.75,279.61,-15.34,7.21,13.16,91.12,0.343,0.0254,0,17.6,1,0.6,4.5,0.75,0.35,0.0168,0.4,0,25.065,0,0.738,0,97.32,-2.636,0,1,-6.22,0.06,1,-2.64,97.35,0.8294,-0.1273,-0.5439,-2.64,97.32,-180.51,-254.3,10.018,7.319,0,0,4,0,-4.987,-2.636,781.82,0,0,0,90.4,1,0,0,0,0,3,0,0,0,11.5,-7.947,0,0,2,2,0,0,VALID,0,0,0,0,0,1,0,0,0,0,0,0,0,0,0,0,0,0,0,0,225.87,1046.95,2,0,0.08,0.08,5847,10,0.12,0.08,147.06,FLYING,X10-F,0:/Integrated Flight Computer/aircraft/x10_f_cfg.ks (inferred preloaded)
502.38,APPROACH,ILS_TRACK,140.83,140,-0.83,272.73,-15.42,7.3,13.14,91.18,-4.845,0.0743,0,17.359,1,0.6,4.5,0.75,0.35,0.0168,0.4,0,25.04,0,0.827,0,97.26,-2.613,0,1,-6.25,0.06,1,-2.62,97.28,0.8294,-0.1264,-0.5442,-2.61,97.26,-180.58,-255.8,9.974,7.265,0,0,4,0,-4.978,-2.613,778.74,0,0,0,90.4,1,0,0,0,0,3,0,0,0,11.5,-7.947,0,0,2,2,0,0,VALID,0,0,0,0,0,1,0,0,0,0,0,0,0,0,0,0,0,0,0,0,207.15,1047.66,2,0,0.08,0.08,5850,10,0.12,0.08,147.36,FLYING,X10-F,0:/Integrated Flight Computer/aircraft/x10_f_cfg.ks (inferred preloaded)
502.68,APPROACH,ILS_TRACK,140.84,140,-0.84,265.38,-15.38,7.3,13.15,90.67,-5.119,0.1439,0,17.107,1,0.6,4.5,0.75,0.35,0.0168,0.4,0,25.036,0,0.839,0,97.25,-2.59,0,1,-6.23,0.06,1,-2.6,97.25,0.8292,-0.126,-0.5445,-2.59,97.25,-180.61,-257.33,9.93,7.246,0,0,4,0,-5.218,-2.59,775.66,0,0,0,90.4,1,0,0,0,0,3,0,0,0,11.5,-7.947,0,0,2,2,0,0,VALID,0,0,0,0,0,1,0,0,0,0,0,0,0,0,0,0,0,0,0,0,195.91,1048.07,2,0,0.08,0.08,5853,10,0.12,0.08,147.66,FLYING,X10-F,0:/Integrated Flight Computer/aircraft/x10_f_cfg.ks (inferred preloaded)
502.98,APPROACH,ILS_TRACK,140.86,140,-0.86,258.01,-15.52,7.23,13.25,89.9,-1.056,0.1699,0,16.853,1,0.6,4.5,0.75,0.35,0.0168,0.4,0,25.032,0,0.854,0,97.29,-2.567,0,1,-6.28,0.06,1,-2.57,97.27,0.829,-0.1267,-0.5448,-2.57,97.29,-180.66,-258.9,9.886,7.286,0,0,4,0,-5.183,-2.567,772.57,0,0,0,90.4,1,0,0,0,0,3,0,0,0,11.5,-7.947,0,0,2,2,0,0,VALID,0,0,0,0,0,1,0,0,0,0,0,0,0,0,0,0,0,0,0,0,192.3,1048.51,2,0,0.08,0.08,5856,10,0.12,0.08,147.96,FLYING,X10-F,0:/Integrated Flight Computer/aircraft/x10_f_cfg.ks (inferred preloaded)
503.28,APPROACH,ILS_TRACK,140.86,140,-0.86,251.06,-15.62,7.5,13.55,89.45,3.123,0.1876,0,16.594,1,0.6,4.5,0.75,0.35,0.0168,0.4,0,25.029,0,0.864,0,97.34,-2.544,0,1,-6.33,0.06,1,-2.55,97.33,0.8287,-0.1276,-0.545,-2.54,97.34,-180.77,-260.41,9.842,7.336,0,0,4,0,-4.963,-2.544,769.49,0,0,0,90.4,1,0,0,0,0,3,0,0,0,11.5,-7.947,0,0,2,2,0,0,VALID,0,0,0,0,0,1,0,0,0,0,0,0,0,0,0,0,0,0,0,0,191.24,1048.92,2,0,0.08,0.08,5859,10,0.12,0.08,148.26,FLYING,X10-F,0:/Integrated Flight Computer/aircraft/x10_f_cfg.ks (inferred preloaded)
503.58,APPROACH,ILS_TRACK,140.81,140,-0.81,245.3,-15.47,7.59,13.5,89.5,5.682,0.2322,0,16.343,1,0.6,4.5,0.75,0.35,0.0168,0.4,0,25.043,0,0.815,0,97.37,-2.521,0,1,-6.27,0.06,1,-2.53,97.36,0.8284,-0.1281,-0.5452,-2.52,97.37,-180.92,-261.97,9.798,7.367,0,0,4,0,-5.324,-2.521,766.41,0,0,0,90.4,1,0,0,0,0,3,0,0,0,11.5,-7.947,0,0,2,2,0,0,VALID,0,0,0,0,0,1,0,0,0,0,0,0,0,0,0,0,0,0,0,0,192.18,1049.1,2,0,0.08,0.08,5862,10,0.12,0.08,148.56,FLYING,X10-F,0:/Integrated Flight Computer/aircraft/x10_f_cfg.ks (inferred preloaded)
503.88,APPROACH,ILS_TRACK,140.78,140,-0.78,241.03,-15.53,7.46,13.44,90.1,6.54,0.2405,0,16.106,1,0.6,4.5,0.75,0.35,0.0168,0.4,0,25.052,0,0.782,0,97.37,-2.497,0,1,-6.29,0.06,1,-2.5,97.37,0.8283,-0.1282,-0.5455,-2.5,97.37,-181.07,-263.57,9.754,7.369,0,0,4,0,-5.328,-2.497,763.33,0,0,0,90.4,1,0,0,0,0,3,0,0,0,11.5,-7.947,0,0,2,2,0,0,VALID,0,0,0,0,0,1,0,0,0,0,0,0,0,0,0,0,0,0,0,0,195.4,1049.35,2,0,0.08,0.08,5865,10,0.12,0.08,148.86,FLYING,X10-F,0:/Integrated Flight Computer/aircraft/x10_f_cfg.ks (inferred preloaded)
504.18,APPROACH,ILS_TRACK,140.77,140,-0.77,236.5,-15.72,7.63,13.83,91.23,7.466,0.2288,0,15.874,1,0.6,4.5,0.75,0.35,0.0168,0.4,0,25.055,0,0.773,0,97.34,-2.474,0,1,-6.36,0.06,1,-2.48,97.36,0.8281,-0.1277,-0.5458,-2.47,97.34,-181.21,-265.12,9.71,7.338,0,0,4,0,-5.064,-2.474,760.25,0,0,0,90.4,1,0,0,0,0,3,0,0,0,11.5,-7.947,0,0,2,2,0,0,VALID,0,0,0,0,0,1,0,0,0,0,0,0,0,0,0,0,0,0,0,0,198.7,1049.71,2,0,0.08,0.08,5868,10,0.12,0.08,149.16,FLYING,X10-F,0:/Integrated Flight Computer/aircraft/x10_f_cfg.ks (inferred preloaded)
504.48,APPROACH,ILS_TRACK,140.75,140,-0.75,230.5,-15.88,8.35,14.76,92.26,8.069,0.2328,0,15.644,1,0.6,4.5,0.75,0.35,0.0168,0.4,0,25.06,0,0.754,0,97.21,-2.452,0,1,-6.43,0.06,1,-2.46,97.25,0.8282,-0.1254,-0.5462,-2.45,97.21,-181.22,-266.58,9.666,7.209,0,0,4,0,-4.704,-2.452,757.18,0,0,0,90.4,1,0,0,0,0,3,0,0,0,11.5,-7.947,0,0,2,2,0,0,VALID,0,0,0,0,0,1,0,0,0,0,0,0,0,0,0,0,0,0,0,0,201.04,1050.01,2,0,0.08,0.08,5871,10,0.12,0.08,149.46,FLYING,X10-F,0:/Integrated Flight Computer/aircraft/x10_f_cfg.ks (inferred preloaded)
504.78,APPROACH,ILS_TRACK,140.62,140,-0.62,226.14,-15.88,9.58,16.07,92.89,8.575,0.3017,0,15.439,1,0.6,4.5,0.75,0.35,0.0168,0.4,0,25.094,0,0.634,0,97.04,-2.429,0,1,-6.45,0.06,1,-2.43,97.09,0.8283,-0.1225,-0.5467,-2.43,97.04,-181.05,-267.92,9.622,7.037,0,0,4,0,-4.335,-2.429,754.11,0,0,0,90.4,1,0,0,0,0,3,0,0,0,11.5,-7.947,0,0,2,2,0,0,VALID,0,0,0,0,0,1,0,0,0,0,0,0,0,0,0,0,0,0,0,0,204.35,1049.91,2,0,0.08,0.08,5874,10,0.12,0.08,149.76,FLYING,X10-F,0:/Integrated Flight Computer/aircraft/x10_f_cfg.ks (inferred preloaded)
505.08,APPROACH,ILS_TRACK,140.35,140,-0.35,222.75,-15.22,10.84,17.05,93.14,8.474,0.4097,0,15.296,1,0.6,4.5,0.75,0.35,0.0168,0.4,0,25.166,0,0.378,0,96.88,-2.408,0,1,-6.24,0.06,1,-2.41,96.93,0.8284,-0.1198,-0.5472,-2.41,96.88,-180.69,-269.2,9.578,6.884,0,0,4,0,-4.325,-2.408,751.04,0,0,0,90.4,1,0,0,0,0,3,0,0,0,11.5,-7.947,0,0,2,2,0,0,VALID,0,0,0,0,0,1,0,0,0,0,0,0,0,0,0,0,0,0,0,0,212.36,1049.23,2,0,0.08,0.08,5877,10,0.12,0.08,150.06,FLYING,X10-F,0:/Integrated Flight Computer/aircraft/x10_f_cfg.ks (inferred preloaded)
505.38,APPROACH,ILS_TRACK,139.95,140,0.05,219.87,-14.51,11.02,16.85,93.11,6.121,0.5297,0,15.265,1,0.6,4.5,0.75,0.35,0.0168,0.4,0,25.28,0,-0.027,0,96.71,-2.386,0,1,-5.95,0.06,1,-2.39,96.76,0.8285,-0.1168,-0.5476,-2.39,96.71,-180.16,-270.55,9.534,6.71,0,0,4,0,-4.551,-2.386,747.98,0,0,0,90.4,1,0,0,0,0,3,0,0,0,11.5,-7.947,0,0,2,2,0,0,VALID,0,0,0,0,0,1,0,0,0,0,0,0,0,0,0,0,0,0,0,0,226.75,1048,2,0,0.08,0.08,5880,10,0.12,0.08,150.36,FLYING,X10-F,0:/Integrated Flight Computer/aircraft/x10_f_cfg.ks (inferred preloaded)
505.68,APPROACH,ILS_TRACK,139.69,140,0.31,219.24,-14.07,10.77,16.3,92.65,1.233,0.596,0,15.333,1,0.6,4.5,0.75,0.35,0.0168,0.4,0,25.358,0,-0.302,0,96.56,-2.364,0,1,-5.77,0.06,1,-2.37,96.6,0.8286,-0.1143,-0.548,-2.36,96.56,-179.47,-271.87,9.491,6.565,0,0,4,0,-4.289,-2.364,744.92,0,0,0,90.4,1,0,0,0,0,3,0,0,0,11.5,-7.947,0,0,2,2,0,0,VALID,0,0,0,0,0,1,0,0,0,0,0,0,0,0,0,0,0,0,0,0,247.58,1047.3,2,0,0.08,0.08,5883,10,0.12,0.08,150.66,FLYING,X10-F,0:/Integrated Flight Computer/aircraft/x10_f_cfg.ks (inferred preloaded)
505.98,APPROACH,ILS_TRACK,139.58,140,0.42,216.48,-13.8,10.37,15.73,91.96,-1.7,0.5131,0,15.45,1,0.6,4.5,0.75,0.35,0.0168,0.4,0,25.391,0,-0.42,0,96.5,-2.342,0,1,-5.66,0.06,1,-2.35,96.51,0.8285,-0.1132,-0.5484,-2.34,96.5,-178.71,-273.12,9.447,6.501,0,0,4,0,-4.089,-2.342,741.87,0,0,0,90.4,1,0,0,0,0,3,0,0,0,11.5,-7.947,0,0,2,2,0,0,VALID,0,0,0,0,0,1,0,0,0,0,0,0,0,0,0,0,0,0,0,0,268.5,1047.2,2,0,0.08,0.08,5886,10,0.12,0.08,150.96,FLYING,X10-F,0:/Integrated Flight Computer/aircraft/x10_f_cfg.ks (inferred preloaded)
506.28,APPROACH,ILS_TRACK,139.58,140,0.42,212.17,-13.64,9.94,15.27,91.35,-0.383,0.4083,0,15.58,1,0.6,4.5,0.75,0.35,0.0168,0.4,0,25.393,0,-0.427,0,96.5,-2.321,0,1,-5.59,0.06,1,-2.33,96.5,0.8284,-0.1132,-0.5486,-2.32,96.5,-177.95,-274.31,9.403,6.5,0,0,4,0,-3.908,-2.321,738.82,0,0,0,90.4,1,0,0,0,0,3,0,0,0,11.5,-7.947,0,0,2,2,0,0,VALID,0,0,0,0,0,1,0,0,0,0,0,0,0,0,0,0,0,0,0,0,282.74,1047.54,2,0,0.08,0.08,5889,10,0.12,0.08,151.26,FLYING,X10-F,0:/Integrated Flight Computer/aircraft/x10_f_cfg.ks (inferred preloaded)
506.58,APPROACH,ILS_TRACK,139.66,140,0.34,207.15,-13.56,9.56,14.85,91.02,2.428,0.2976,0,15.693,1,0.6,4.5,0.75,0.35,0.0168,0.4,0,25.37,0,-0.347,0,96.51,-2.3,0,1,-5.55,0.06,1,-2.3,96.5,0.8282,-0.1132,-0.5489,-2.3,96.51,-177.24,-275.45,9.36,6.505,0,0,4,0,-3.738,-2.3,735.77,0,0,0,90.4,1,0,0,0,0,3,0,0,0,11.5,-7.947,0,0,2,2,0,0,VALID,0,0,0,0,0,1,0,0,0,0,0,0,0,0,0,0,0,0,0,0,289.67,1048.2,2,0,0.08,0.08,5892,10,0.12,0.08,151.56,FLYING,X10-F,0:/Integrated Flight Computer/aircraft/x10_f_cfg.ks (inferred preloaded)
506.88,APPROACH,ILS_TRACK,139.78,140,0.22,202.02,-13.56,9.29,14.55,91.24,5.81,0.2174,0,15.774,1,0.6,4.5,0.75,0.35,0.0168,0.4,0,25.337,0,-0.229,0,96.51,-2.28,0,1,-5.54,0.06,1,-2.28,96.51,0.828,-0.1133,-0.5491,-2.28,96.51,-176.56,-276.54,9.316,6.508,0,0,4,0,-3.589,-2.28,732.72,0,0,0,90.4,1,0,0,0,0,3,0,0,0,11.5,-7.947,0,0,2,2,0,0,VALID,0,0,0,0,0,1,0,0,0,0,0,0,0,0,0,0,0,0,0,0,289.5,1049.01,2,0,0.08,0.08,5895,10,0.12,0.08,151.86,FLYING,X10-F,0:/Integrated Flight Computer/aircraft/x10_f_cfg.ks (inferred preloaded)
507.18,APPROACH,ILS_TRACK,139.93,140,0.07,200.9,-13.61,9.17,14.48,91.93,8.785,0.1513,0,15.814,1,0.6,4.5,0.75,0.35,0.0168,0.4,0,25.295,0,-0.079,0,96.44,-2.259,0,1,-5.55,0.06,1,-2.26,96.48,0.828,-0.1122,-0.5494,-2.26,96.44,-175.88,-277.59,9.272,6.443,0,0,4,0,-3.46,-2.259,729.66,0,0,0,90.4,1,0,0,0,0,3,0,0,0,11.5,-7.947,0,0,2,2,0,0,VALID,0,0,0,0,0,1,0,0,0,0,0,0,0,0,0,0,0,0,0,0,281.91,1049.95,2,0,0.08,0.08,5898,10,0.12,0.08,152.16,FLYING,X10-F,0:/Integrated Flight Computer/aircraft/x10_f_cfg.ks (inferred preloaded)
507.48,APPROACH,ILS_TRACK,140.08,140,-0.08,199.37,-13.67,9.2,14.64,92.77,9.955,0.1181,0,15.807,1,0.6,4.5,0.75,0.35,0.0168,0.4,0,25.254,0,0.068,0,96.31,-2.239,0,1,-5.57,0.06,1,-2.24,96.36,0.828,-0.1099,-0.5498,-2.24,96.31,-175.1,-278.61,9.229,6.313,0,0,4,0,-3.355,-2.239,726.6,0,0,0,90.4,1,0,0,0,0,3,0,0,0,11.5,-7.947,0,0,2,2,0,0,VALID,0,0,0,0,0,1,0,0,0,0,0,0,0,0,0,0,0,0,0,0,268.75,1050.86,2,0,0.08,0.08,5901,10,0.12,0.08,152.46,FLYING,X10-F,0:/Integrated Flight Computer/aircraft/x10_f_cfg.ks (inferred preloaded)
507.78,APPROACH,ILS_TRACK,140.16,140,-0.16,197.25,-13.7,9.42,14.97,93.58,10.092,0.1315,0,15.766,1,0.6,4.5,0.75,0.35,0.0168,0.4,0,25.227,0,0.161,0,96.15,-2.218,0,1,-5.58,0.06,1,-2.22,96.2,0.8281,-0.107,-0.5502,-2.22,96.15,-174.18,-279.59,9.185,6.146,0,0,4,0,-3.237,-2.218,723.54,0,0,0,90.4,1,0,0,0,0,3,0,0,0,11.5,-7.947,0,0,2,2,0,0,VALID,0,0,0,0,0,1,0,0,0,0,0,0,0,0,0,0,0,0,0,0,254.5,1051.55,2,0,0.08,0.08,5904,10,0.12,0.08,152.76,FLYING,X10-F,0:/Integrated Flight Computer/aircraft/x10_f_cfg.ks (inferred preloaded)
508.08,APPROACH,ILS_TRACK,140.16,140,-0.16,194.64,-13.71,9.83,15.45,94.14,9.627,0.192,0,15.715,1,0.6,4.5,0.75,0.35,0.0168,0.4,0,25.226,0,0.165,0,95.94,-2.198,0,1,-5.59,0.06,1,-2.2,96,0.8283,-0.1034,-0.5507,-2.2,95.94,-173.07,-280.53,9.141,5.939,0,0,4,0,-3.04,-2.198,720.49,0,0,0,90.4,1,0,0,0,0,3,0,0,0,11.5,-7.947,0,0,2,2,0,0,VALID,0,0,0,0,0,1,0,0,0,0,0,0,0,0,0,0,0,0,0,0,244.27,1051.89,2,0,0.08,0.08,5907,10,0.12,0.08,153.06,FLYING,X10-F,0:/Integrated Flight Computer/aircraft/x10_f_cfg.ks (inferred preloaded)
508.38,APPROACH,ILS_TRACK,140.08,140,-0.08,189.67,-13.39,10.38,15.85,94.36,8.781,0.2777,0,15.679,1,0.6,4.5,0.75,0.35,0.0168,0.4,0,25.249,0,0.085,0,95.72,-2.179,0,1,-5.49,0.06,1,-2.18,95.79,0.8285,-0.0997,-0.5511,-2.18,95.72,-171.76,-281.41,9.098,5.722,0,0,4,0,-2.946,-2.179,717.43,0,0,0,90.4,1,0,0,0,0,3,0,0,0,11.5,-7.947,0,0,2,2,0,0,VALID,0,0,0,0,0,1,0,0,0,0,0,0,0,0,0,0,0,0,0,0,241.83,1051.89,2,0,0.08,0.08,5910,10,0.12,0.08,153.36,FLYING,X10-F,0:/Integrated Flight Computer/aircraft/x10_f_cfg.ks (inferred preloaded)
508.68,APPROACH,ILS_TRACK,139.91,140,0.09,185.06,-12.98,10.43,15.64,94.19,5.472,0.3756,0,15.687,1,0.6,4.5,0.75,0.35,0.0168,0.4,0,25.296,0,-0.083,0,95.51,-2.159,0,1,-5.32,0.06,1,-2.16,95.57,0.8286,-0.096,-0.5515,-2.16,95.51,-170.27,-282.31,9.054,5.51,0,0,4,0,-2.977,-2.159,714.38,0,0,0,90.4,1,0,0,0,0,3,0,0,0,11.5,-7.947,0,0,2,2,0,0,VALID,0,0,0,0,0,1,0,0,0,0,0,0,0,0,0,0,0,0,0,0,246.24,1051.55,2,0,0.08,0.08,5913,10,0.12,0.08,153.66,FLYING,X10-F,0:/Integrated Flight Computer/aircraft/x10_f_cfg.ks (inferred preloaded)
508.98,APPROACH,ILS_TRACK,139.79,140,0.21,180.64,-12.72,10.29,15.26,93.62,-0.781,0.3972,0,15.739,1,0.6,4.5,0.75,0.35,0.0168,0.4,0,25.33,0,-0.205,0,95.35,-2.14,0,1,-5.21,0.06,1,-2.14,95.4,0.8287,-0.0932,-0.5519,-2.14,95.35,-168.63,-283.16,9.01,5.347,0,0,4,0,-2.724,-2.14,711.33,0,0,0,90.4,1,0,0,0,0,3,0,0,0,11.5,-7.947,0,0,2,2,0,0,VALID,0,0,0,0,0,1,0,0,0,0,0,0,0,0,0,0,0,0,0,0,255.49,1051.41,2,0,0.08,0.08,5916,10,0.12,0.08,153.96,FLYING,X10-F,0:/Integrated Flight Computer/aircraft/x10_f_cfg.ks (inferred preloaded)
509.28,APPROACH,ILS_TRACK,139.76,139.68,-0.08,176.85,-12.56,10.21,15.02,92.77,-5.523,0.3354,0,15.753,1,0.6,4.5,0.75,0.35,0.0168,0.4,0,25.34,0,0.08,0,95.27,-2.121,0,1,-5.15,0.06,1,-2.12,95.28,0.8286,-0.0919,-0.5522,-2.12,95.27,-166.94,-283.93,8.967,5.274,0,0,4,0,-2.49,-2.121,708.28,0,0,0,90.4,1,0,0,0,0,3,0,0,0,11.5,-7.947,0,0,2,2,0,0,VALID,0,0,0,0,0,1,0,0,0,0,0,0,0,0,0,0,0,0,0,0,264.22,1051.61,2,0,0.08,0.08,5919,10,0.12,0.08,154.26,FLYING,X10-F,0:/Integrated Flight Computer/aircraft/x10_f_cfg.ks (inferred preloaded)
509.58,APPROACH,ILS_TRACK,139.78,139.21,-0.58,172.9,-12.33,10.06,14.79,91.84,-7.981,0.2484,0,15.63,1,0.6,4.5,0.75,0.35,0.0168,0.4,0,25.334,0,0.575,0,95.28,-2.102,0,1,-5.05,0.06,1,-2.11,95.26,0.8285,-0.0919,-0.5524,-2.1,95.28,-165.3,-284.66,8.923,5.277,0,0,4,0,-2.418,-2.102,705.23,0,0,0,90.4,1,0,0,0,0,3,0,0,0,11.5,-7.947,0,0,2,2,0,0,VALID,0,0,0,0,0,1,0,0,0,0,0,0,0,0,0,0,0,0,0,0,268.15,1052.01,2,0,0.08,0.08,5922,10,0.12,0.08,154.56,FLYING,X10-F,0:/Integrated Flight Computer/aircraft/x10_f_cfg.ks (inferred preloaded)
509.88,APPROACH,ILS_TRACK,139.85,139.54,-0.3,175.86,-12.26,9.93,14.73,90.96,-8.404,0.2181,0,15.519,1,0.6,4.5,0.75,0.35,0.0168,0.4,0,25.317,0,0.299,0,95.32,-2.083,0,1,-5.01,0.06,1,-2.09,95.29,0.8283,-0.0926,-0.5526,-2.08,95.32,-163.77,-285.34,8.879,5.317,0,0,4,0,-2.154,-2.083,702.18,0,0,0,90.4,1,0,0,0,0,3,0,0,0,11.5,-7.947,0,0,2,2,0,0,VALID,0,0,0,0,0,1,0,0,0,0,0,0,0,0,0,0,0,0,0,0,266.95,1052.55,2,0,0.08,0.08,5925,10,0.12,0.08,154.86,FLYING,X10-F,0:/Integrated Flight Computer/aircraft/x10_f_cfg.ks (inferred preloaded)
510.18,APPROACH,ILS_TRACK,139.89,139.52,-0.37,175.75,-12.22,10,14.89,90.25,-6.372,0.1961,0,15.412,1,0.6,4.5,0.75,0.35,0.0168,0.4,0,25.304,0,0.366,0,95.37,-2.065,0,1,-4.99,0.06,1,-2.07,95.35,0.8281,-0.0935,-0.5527,-2.07,95.37,-162.37,-285.94,8.836,5.368,0,0,4,0,-1.933,-2.065,699.13,0,0,0,90.4,1,0,0,0,0,3,0,0,0,11.5,-7.947,0,0,2,2,0,0,VALID,0,0,0,0,0,1,0,0,0,0,0,0,0,0,0,0,0,0,0,0,262.62,1053.04,2,0,0.08,0.08,5928,10,0.12,0.08,155.16,FLYING,X10-F,0:/Integrated Flight Computer/aircraft/x10_f_cfg.ks (inferred preloaded)
510.48,APPROACH,ILS_TRACK,139.89,139.58,-0.31,176.24,-12.11,10.21,15.08,89.83,-6.293,0.2179,0,15.315,1,0.6,4.5,0.75,0.35,0.0168,0.4,0,25.303,0,0.31,0,95.46,-2.047,0,1,-4.96,0.06,1,-2.05,95.42,0.8278,-0.0951,-0.5529,-2.05,95.46,-161.12,-286.49,8.792,5.456,0,0,4,0,-1.776,-2.047,696.08,0,0,0,90.4,1,0,0,0,0,3,0,0,0,11.5,-7.947,0,0,2,2,0,0,VALID,0,0,0,0,0,1,0,0,0,0,0,0,0,0,0,0,0,0,0,0,257.48,1053.35,2,0,0.08,0.08,5931,10,0.12,0.08,155.46,FLYING,X10-F,0:/Integrated Flight Computer/aircraft/x10_f_cfg.ks (inferred preloaded)
510.78,APPROACH,ILS_TRACK,139.86,139.58,-0.28,176.21,-11.82,10.3,15.04,89.71,-6.976,0.243,0,15.228,1,0.6,4.5,0.75,0.35,0.0168,0.4,0,25.311,0,0.284,0,95.5,-2.029,0,1,-4.84,0.06,1,-2.03,95.49,0.8276,-0.0958,-0.553,-2.03,95.5,-160.01,-287.01,8.749,5.5,0,0,4,0,-1.717,-2.029,693.03,0,0,0,90.4,1,0,0,0,0,3,0,0,0,11.5,-7.947,0,0,2,2,0,0,VALID,0,0,0,0,0,1,0,0,0,0,0,0,0,0,0,0,0,0,0,0,255.45,1053.53,2,0,0.08,0.08,5934,10,0.12,0.08,155.76,FLYING,X10-F,0:/Integrated Flight Computer/aircraft/x10_f_cfg.ks (inferred preloaded)
